0.487631
0.136538
0.282101
-0.158338
-0.016993
0.0599131
-0.165919
-0.0405711
-0.528407
-0.151555
0.201165
-0.134883
-0.210586
-0.100457
-0.095104
-0.0562182
0.570255
0.0286019
0.338935
-0.188814
-0.149718
-0.106763
0.196065
0.156643
-0.0898882
0.344097
0.0522832
-0.441629
0.0756964
-0.199787
0.11414
-0.159355
-0.370107
0.0054568
-0.0264723
-0.365936
-0.227328
-0.0640497
-0.0839279
0.134127
-0.174082
-0.511951
-0.304829
0.435177
-0.5339
-0.0539893
-0.0125392
0.546403
-0.00522851
0.0464852
0.0203286
0.189466
-0.230639
-0.0728211
0.0495569
0.110143
0.377804
0.0257703
0.182547
-0.0333075
-0.137507
-0.490811
0.274259
0.169991
0.501486
-0.0557466
-0.0831144
-0.0640016
0.037311
0.199538
0.111471
0.0190941
0.109194
0.220619
-0.420515
0.0405559
0.0916037
-0.0669239
0.170238
-0.050264
-0.139969
0.137029
0.112358
0.435231
0.0274011
0.122972
0.0550815
0.179914
-0.188488
-0.0445487
-0.203362
-0.0468741
0.1554
0.24411
0.117378
0.154015
-0.277182
0.0431467
0.0199693
0.105708
0.0291871
-0.125692
-0.0557319
0.339889
0.0212129
-0.173246
-0.021584
0.117952
-0.171545
0.0243615
0.148307
0.0429851
-0.0985784
-0.275727
-0.0485183
-0.227461
0.0907386
0.142557
-0.318842
-0.0160714
0.236044
-0.0200491
0.0121915
0.148636
-0.137637
0.216708
-0.29633
0.0398903
-0.161326
-0.0240635
-0.178667
0.100867
-0.159494
0.267364
0.0845132
0.347586
0.101469
0.110215
0.114952
0.0444314
0.0188237
0.181245
0
0.0718039
-0.141209
0.111684
0.231682
-0.0229281
0.151407
-0.020195
-0.0583765
0.100114
0.0826122
-0.0652728
-0.155036
0.16681
0.0369622
-0.0691996
-0.210874
0.0865011
-0.0144237
0.142268
0.21868
0.114457
0.0719175
-0.0464364
-0.0584345
0.110535
-0.131777
-0.179479
-0.0672358
-0.00138394
0.142572
0.177498
0.0801046
0.113709
0.0563733
0.0661273
-0.0357782
0.047784
0.141358
0.0357462
-0.007968
-0.0732838
0.0442266
0.0204447
-0.15566
-0.0941145
0.203074
0.00705106
-0.0247005
-0.181826
-0.212887
0.0639448
0.264061
-0.00226358
0.177898
0.025067
0.162201
-0.0368612
0.184191
-0.00860665
-0.0889581
0.145381
-0.0647291
0.0178346
-0.148875
-0.0171652
-0.23674
-0.0487352
-0.255214
0.207532
-0.238243
0.0152021
-0.089895
0.190438
0.0635481
-0.0224401
0.235532
-0.0382337
0.149235
-0.0286601
0.00977255
0.1498
-0.03358
-0.0518346
-0.193137
-0.10524
0.223589
-0.0372887
0.0750674
-0.368705
0.0908743
-0.117645
0.307102
0.0316516
0.0369056
0.110218
-0.0274408
-0.151652
-0.0811706
0.152563
0.0768234
0.0737574
0.0827548
0.10462
-0.0589054
-0.0629503
0.179508
0.0594279
0.0105214
0.0231082
0.0749582
0.0347496
-0.0636509
0.00566767
0.227028
-0.0294869
-0.015801
-0.0272715
0.0407333
-0.0416142
-0.110737
0.0417809
0.0715983
-0.0772182
0.0307229
0.0758114
-0.156661
-0.123567
-0.0813123
-0.0294838
0.0346421
-0.0727652
-0.101658
0.121195
0.103458
0.0820625
-0.0302817
-0.298684
-0.256645
0.0462363
0.0176779
-0.0303241
0.0221204
-0.0335157
0.00379987
0.0939033
0.133653
0.0361429
0.0400062
-0.0147529
-0.127844
-0.00218099
-0.190955
0.091371
0.206514
0.118602
0.109681
0.0177628
0.185662
-0.0150698
0.0271683
0.0552894
-0.0573539
0.0162101
-0.132213
0.123079
0.111386
-0.0324083
-0.096974
-0.0153669
0.0994652
0.00673253
0.112608
-0.0522179
0.00436192
-0.0104718
0.018028
0.20758
0.117956
-0.0484849
-0.0851335
0.141489
-0.0154662
-0.0256421
0.0630012
-0.0308885
-0.165035
-0.0337954
0.178843
-0.0338735
-0.0666698
0.0587494
0.113956
-0.235238
-0.131765
0.112842
-0.0734482
0.0297323
-0.324574
-0.152409
-0.139735
-0.433557
0.707223
-0.052638
0.102033
0.0266785
-0.317602
-0.0204953
0.134741
-0.292764
-0.207139
-0.0461586
0.00510383
-0.276125
0.225931
0.289363
-0.0162044
0.00187108
0.0158901
0.0419405
0.137627
-0.179257
-0.115225
-0.0857098
0.18255
0.148288
0.00430121
0.179302
0.0712496
0.0281193
0.0149249
0.0238337
0.147101
-0.0364256
-0.138984
-0.177326
-0.0985951
0.136189
-0.352005
-0.0698292
-0.286246
0.0107131
-0.0628186
0.262944
0.099053
0.158084
0.0556381
0.0657473
0.218085
0.0379791
-0.15855
-0.176525
-0.0616111
-0.0479408
0.182436
0.267263
0.0577091
0.0201493
0.00769345
-0.0906247
-0.0869362
-0.0449629
0.269149
-0.0194501
0.00589797
-0.0778375
-0.161139
0.140915
-0.082209
-0.247684
-0.026806
-0.00617246
-0.0241091
0.16299
-0.0237761
-0.163071
-0.135857
0.0163378
-0.162996
-0.0534307
0.0798803
0.0893457
-0.047108
0.029113
0.281955
0.0322042
0.0847669
0.0357641
-0.0841579
0.11135
0.0948928
0.0110522
0.0687267
-0.0160237
-0.0258702
-0.0354943
-0.00388518
0.156302
-0.0256354
-0.136348
-0.0458655
0.150002
-0.0201476
0.0296147
-0.068841
-0.0435666
-0.0182588
-0.101781
0.13916
0.0577383
0.0207518
-0.0338179
0.0151432
-0.0580247
0.195925
-0.0114194
0.00351504
0.00790433
-0.075492
0.0164983
0.0648448
-0.0248906
0.0427151
-0.0518083
-0.0816211
0.003254
-0.0257652
0.0626683
0.0783719
-0.0872163
0.178315
0.0505745
-0.00605545
0.0302407
-0.0475622
-0.0364731
-0.0473817
0.067661
-0.184601
0.0672829
0.138711
-0.0489253
-0.0628823
-0.22445
0.0708315
0.0464518
-0.0743674
-0.197925
-0.0687895
0.253025
0.166855
0.0216488
0.00438257
0.112411
0.0147201
0.0764262
0.0237282
0.0310758
0.0147912
-0.0293193
0.0310245
0.00483003
0.0311968
0.0843102
0.00084233
0.001123
-0.00814458
-0.00983851
0.0314492
0.0455938
-0.0548499
-0.0503567
0.148093
-0.0278273
-0.0441255
-0.0109218
-0.0126169
-0.0627597
0.114807
0.114055
-0.044801
0.0146792
-0.00664452
0.0731229
-0.159906
-0.0509734
0.136925
-0.00166196
-0.0619662
0.0912868
0.0627773
-0.0873898
-0.0113588
0.174763
0.00762423
-0.0682802
0.016977
0.118039
0.03401
-0.0521418
0.0386597
-0.0259368
0.0140575
0.00918075
0.0264151
0.0402966
0.0321208
-0.0877728
-0.0565057
-0.0978116
-0.0414284
0.0832311
0.0641394
-0.0320183
-0.0843334
0.0748167
0.00951669
-0.0509517
0.00819157
-0.00354886
-0.112853
-0.0851352
-0.0768815
-0.233681
-0.141477
0.175033
0.0328727
0.177912
-0.00897515
0.0938397
0.100951
0.0346135
-0.00219413
0.0366882
0.0534221
-0.0613507
0.104209
-0.0119167
-0.00135507
0.0184132
-0.061056
-0.0122561
-0.0128168
-0.15676
0.0550082
-0.0908292
-0.0133615
-0.177613
0.013884
0.187933
-0.0239261
0.0150301
0.00444902
-0.00611791
0.0125099
0.0449065
-0.0315798
-0.125921
-0.0306727
0.12046
-0.0892251
0.142824
-0.0138581
-0.0843934
-0.0746796
-0.0724026
-0.130855
0.0396086
0.0497186
-0.0743838
-0.16737
0.0215851
0.0497015
-0.0127651
0.0460517
0.00404472
0.0931523
-0.100376
-0.154681
-0.0117495
-0.0312031
-0.00737344
-0.0972465
0.0709528
-0.125324
0.00598928
0.10394
-0.10364
-0.0507212
0.0228414
-0.0442272
0.134777
-0.0587789
-0.168999
0.0051726
-0.00699886
0.042223
0.161764
0.129497
0.0928985
0.0198158
-0.0116516
-0.0432294
0.103091
-0.0779482
-0.18626
-0.120909
0.0258608
-0.075968
-0.0293962
-0.193675
0.0924022
0.136417
0.18607
0.0515206
-0.0393567
-0.0157268
-0.108684
-0.0162245
-0.10246
-0.140115
-0.142419
-0.295254
-0.321838
-0.150706
-0.44823
0.129382
-0.346647
0.197128
0.317067
0.0614756
-0.0748453
0.0390305
-0.456889
-0.196131
0.0806515
0.0703098
0.116451
-0.110344
-0.0680973
0.167071
0.0842632
0.322278
0.0351003
-0.259495
-0.427251
-0.0408924
0.278527
0.0829145
-0.260609
-0.279867
0.058307
0.129138
0.179689
0.114593
-0.255244
0.177207
-0.139046
-0.454151
0.0484703
0.191195
0.442568
-0.133133
0.201682
-0.134716
-0.163366
-0.204515
0.293006
0.273825
0.0870904
0.172961
-0.0156938
0.244861
-0.0920462
0.167393
-0.105378
-0.0187316
0.0999409
-0.0888984
0.221272
0.0853398
-0.10892
-0.0374495
0.374989
-0.0776505
-0.177601
-0.374739
0.067968
0.208732
-0.0834341
-0.0737888
0.140131
-0.320225
-0.00271776
0.223762
-0.136484
-0.134617
0.0524346
-0.145723
-0.076096
-0.323571
-0.069456
-0.149903
-0.0433505
0.101103
0.382572
0.0866199
0.413185
-0.0908412
0.127147
0.142937
-0.00983768
-0.0160891
-0.149647
0.158515
-0.238894
0.0392651
-0.217035
0.0841902
-0.0200459
-0.0044223
0.264918
-0.0328582
0.144562
0.0851597
0.0512024
-0.0847229
0.129552
0.0548755
0.138253
0.0384337
-0.110977
-0.0833272
-0.026002
0.0208711
0.11925
-0.122779
-0.0434119
-0.0329256
0.126907
0.0766458
-0.00380252
0.155978
-0.00530595
0.0842496
-0.0636658
-0.047782
0.105254
-0.107759
-0.117484
0.0895764
0.207583
-0.0644855
0.100711
-0.0389936
0.0279557
-0.019653
-0.00645707
-0.155921
0.0784196
-0.0229643
0.0307106
0.0716008
0.084213
0.140803
-0.0624352
-0.113804
-0.0168456
-0.0402378
0.00215421
0.0175242
-0.0400124
0.0706825
0.0397311
-0.0676371
-0.252202
0.0662306
0.169682
0.0282582
0.00214681
0.163936
0.0514527
0.0568608
0.0318799
-0.00148745
-0.121827
-0.0383206
-0.11738
-0.0223546
0.123093
-0.0376203
-0.102963
-0.140096
0.0750857
0.0886296
-0.134483
-0.256658
0.03308
-0.289959
0.0606181
0.100542
-0.154298
-0.00326723
0.231276
-0.102381
-0.104744
0.0792263
-0.259814
0.112552
0.108377
0.0824514
0.00643811
-0.079154
-0.0464913
-0.0140223
-0.180778
0.125148
-0.137117
-0.0173143
0.0951899
0.0769462
-0.239681
-0.0609132
-0.0422848
-0.162677
-0.0504319
0.0611074
0.184493
-0.232104
0.100476
0.0232542
0
0.0853703
-0.15736
-0.0196298
-0.220272
-0.0246983
0.0675988
0.222085
0.0516868
-0.0400254
-0.0116614
0.0212547
-0.0140505
0.0130231
0.189978
-0.0191729
0.160319
0.037701
-0.0433352
-0.0959368
-0.151089
-0.00781874
0.135785
-0.0285575
0.333844
0.0958588
0.130323
0.0155761
-0.0592547
-0.100513
-0.0465839
0.129188
0.00448029
-0.0362197
0.101595
0.0437693
-0.0215435
0.12168
0.103486
-0.0850168
-0.215599
-0.0381002
0.0432118
0.233604
0.0876054
0.163817
-0.0665529
0.0379101
-0.170808
0.253465
-0.000907949
0.117946
-0.0684317
0.0785965
-0.0347223
-0.0637711
0.0454635
0.00870779
0.0170933
0.0603419
-0.0573461
0.0618125
-0.114971
-0.0610145
-0.0127331
0.0818748
-0.0943204
0.027905
-0.0793691
0.0529827
0.0789514
-0.0977981
0.00517118
0.228492
0.0338279
-0.0615094
0.0181653
-0.000297526
-0.0447295
0.109382
-0.0334602
-0.049954
0.00715158
-0.0438839
-0.00269304
-0.0693707
0.0798395
-0.194708
0.0325639
-0.18213
0.133397
-0.00855275
0.0225878
-0.00976146
0.147536
-0.0894131
-0.056597
-0.0278071
0.0837972
-0.0486693
0.0456344
0.128478
0.0591576
-0.0110282
-0.0343545
0.00867445
-0.233219
0.0531104
0.0231094
0.00607257
-0.0322267
0.119867
-0.0479559
0.140203
0.0644847
-0.0749245
0.0681094
-0.134282
-0.0135279
-0.0147513
0.0120435
0.051323
-0.101398
-0.180345
-0.152656
0.15204
0.0393387
0.0119553
0.039443
0.115293
-0.0181159
0.0608601
0.0407674
0.113627
-0.0459498
0.0216672
0.0100756
0.0363653
0.0717502
0.0386022
0.00875248
0.0352241
0.00668148
-0.0151123
0.0162739
-0.0305353
0.0075698
0.0447194
0.0422125
-0.0718094
0.0116171
0.0055134
-0.0789275
0.0207387
0.216484
0.0151223
0.0281863
-0.0139409
-0.0608269
0.025461
0.0196949
-0.0159813
-0.0800039
0.0149597
0.0281326
0.0671402
-0.00854604
0.0619355
0.010757
-0.0124565
0.0316769
0.0453605
0.0263889
0.039174
-0.0150918
-0.0896212
0.0338076
-0.166188
-0.036097
-0.0740328
-0.0626489
0.0415197
-0.00405727
0.0350121
-0.0106932
0.000289155
-0.069347
-0.00640764
0.127379
-0.116314
-0.212658
0.103217
0.0114684
-0.147142
0.0618442
0.0932298
-0.0235204
-0.00441625
0.201733
0.0247889
0.0146714
0.130232
-0.0247163
0.0142122
-0.00113623
0.108213
-0.0639953
-0.0161338
-0.0272317
0.0656835
-0.0554629
-0.0475006
-0.057759
0.0157595
-0.0894417
0.055887
0.125608
-0.0826098
-0.0882025
-0.169377
0.00586837
0.0128983
0.20816
0.0785932
-0.0751507
-0.067631
-0.014738
-0.144185
-0.00352133
0.028136
-0.0472315
0.263502
0.107964
0.0311183
-0.0720019
0.0751084
-0.0782383
0.0965753
0.0788876
-0.00475491
-0.0268938
0.040593
0.0340269
0.0560863
-0.00138449
0.0709154
0.0652272
-0.0191403
0.0738977
0.0512162
0.0126957
0.0449802
-0.186896
-0.0161677
0.0527908
0.133866
-0.142327
0.0392403
-0.117911
-0.0637727
-0.0180183
-0.20632
-0.0990558
0.0885705
0.00481894
-0.0728145
-0.0750741
-0.0129513
0.0215762
0.0809976
0.00797834
-0.000284831
-0.265543
-0.124796
-0.160925
0.0943615
0.160306
0.11465
-0.00464212
0.0803519
0.0123711
-0.0570919
0.248181
-0.0560083
0.130201
0.0825368
0.0534516
0.0553652
0.0246914
0.0497459
-0.0725146
0.0531377
0.0734877
0.0270812
0.0170236
-0.0451896
0.0874877
-0.0431082
-0.0555053
0.000543006
0.0179027
0.0221982
0.0695233
-0.0282361
0.0317264
-0.0306493
-0.047774
0.0682173
0.08722
0.00559247
0.0538999
0.0522939
-0.106993
-0.0221236
-0.0253824
-0.13114
-0.0385639
0.11982
0.0731309
-0.0315441
-0.233501
-0.0109688
0.0727177
-0.11506
0.17291
-0.0589395
0.0318216
0.0457865
0.0294201
-0.0340164
0.17505
-0.0335392
0.0428357
0.0047777
0.0806104
-0.00210609
0.0291825
0.043484
-0.0133394
-0.066175
0.0294652
-0.0281479
-0.0435615
-0.0578466
-0.0226458
0.0720221
-0.0387371
-0.0356858
0.0319634
-0.060818
-0.0743897
-0.102687
0.181357
0.0586653
0.00425317
0.149827
0.0360653
-0.0214144
0.0838285
0.0658909
0.0490707
-0.041862
0.0423746
-0.026174
-0.0100258
0.0597491
0.00178953
0.018388
-0.018388
0.0497228
-0.0484448
0.0692802
-0.0190551
0.0215931
0.034958
-0.0524829
-0.0560825
0.0938878
0.0118956
0.0413975
-0.0378568
0.026767
-0.0305606
0.0118817
0.0418527
-0.0846424
0.0533955
0.0133675
-0.00504223
-0.0141318
-0.137817
-0.0624111
-0.11479
0.0856347
0.00955591
-0.047093
-0.0627027
-0.140087
-0.0254413
0.120798
-0.0860973
0.0790164
0.173216
0.0957166
0.100626
0.0275208
0.109831
-0.0304711
0.0504018
-0.0491512
0.0536301
-0.0528798
0.0777264
0.0220617
-0.0469082
0.0491365
0.024231
0.040419
0.0502951
-0.0252386
0.0164246
-0.00637052
-0.0691108
0.0556213
-0.0877566
-0.251724
-0.0779979
0.0367807
-0.0742109
0.00718926
-0.0710922
-0.0835847
-0.0169578
-0.00862035
0.149407
0.0290507
0.0025668
0.135613
0.0620916
-0.0105738
0.0489982
0.0572366
0.00946616
-0.00199213
-0.0694742
0.0400441
0.0349075
-0.024672
-0.0532894
-0.00903478
0.00652594
-0.26313
0.267896
-0.00275914
0.0360595
-0.094935
-0.0729413
0.0225977
-0.0733108
-0.137628
-0.0887206
0.110972
0.063121
-0.0125924
0.0497628
0.0138076
-0.080299
0.125424
0.0951882
0.0427416
0.0799624
0.0352795
0.0595924
0.0128117
-0.0110861
0.0435345
-0.0842889
-0.0371941
0.0210937
-0.0370053
-0.156986
-0.00252787
-0.0730782
0.0844486
0.0194261
0.0387393
-0.0241315
-0.00604199
-0.107603
0.0223754
0.119668
0.0520639
-0.0330091
-0.0449371
-0.0226706
0.051564
0.109536
-0.0260899
0.0459223
0.0215232
-0.0326741
-0.0766573
-0.0172541
0.0369723
-0.00598623
0.0522584
0.0307296
0.0247133
0.0428562
-0.00172056
-0.0214088
0.0368832
-0.0056466
0.0382363
-0.00391495
-0.0132243
0.0708149
0.0555672
0.0530941
0.00962325
-0.0339633
0.00699478
-0.0166508
-0.0365357
0.0493279
0.0216852
0.0599911
-0.00191415
-0.0554297
0.00457077
-0.0930284
-0.0272261
0.00121703
0.055582
0.0562376
0.0089014
0.0881042
-0.0198036
-0.109989
-0.105842
0.0177995
-0.174477
0.00545229
0.0725786
-0.0626729
0.117375
-0.0968519
-0.0108744
-0.0170769
0.104478
0.0142073
0.0354303
-0.126165
-0.00395296
0.0647793
0.0159456
-0.0903669
-0.142744
-0.0657011
0.0611838
-0.0294122
-0.0760671
-0.100708
0.162667
-0.0614515
0.0265995
0.0144101
-0.0123864
0.114681
0.0846598
0.000247945
0.0605621
-0.0318421
0.11895
0.0878084
0.00629449
-0.0254444
0.0239922
0.0265906
0.0185715
0.0531117
0.104436
-0.011392
-0.0121182
-0.0524435
0.0131367
-0.0224623
-0.00502507
-0.00359088
-0.00598767
0.0105359
0.100252
0.0870504
-0.0870504
-0.0765868
0.0616485
-0.099444
0.0296743
-0.00741033
0.0705336
-0.103588
-0.257116
0.121605
0.0255031
-0.139972
-0.0753118
-0.0198482
-0.174867
-0.0341768
-0.0261544
-0.352175
-0.0904816
0.282727
-0.0689604
0.259101
0.0384567
0.022197
-0.0194197
-0.0270486
0.155973
-0.00398823
0.0648603
0.186747
-0.0555855
-0.129428
0.168954
0.060451
-0.0417183
0.0854323
0.00530031
-0.0785873
-0.0126315
0.0136025
0.0508451
0.074348
0.0150907
-0.0234843
0.158286
-0.0129967
0.0063823
0.0186508
0.0418962
0.00258334
-0.0562798
0.117614
0.00303352
-0.11569
0.172688
-0.0883116
-0.209065
-0.0411908
0.00143975
-0.257627
-0.251303
0.192535
-0.00817591
0.31665
0.0462381
0.0764335
0.122357
-0.0281578
0.0309692
-0.124931
0.0680805
-0.0517273
-0.272214
-0.0612668
0.0678349
0.284336
-0.178385
0.0676262
0.127762
-0.129675
0.165712
0.178497
0.0536688
0.0597782
0.0721269
0.150308
0.150502
0.100253
-0.102453
-0.0476422
0.00375786
-0.0460759
0.00821173
0.111629
-0.0206435
0.00922894
-0.0134067
-0.0823722
0.0627793
0.0980196
0.0470231
0.0966149
-0.0448412
0.0129556
0.0838048
0.0527154
0.00127708
0.113644
0.0988324
-0.0294219
0.0819984
0.0302153
0.0393908
-0.119683
0.0728499
0.110846
0.0179812
-0.0333317
-0.10522
0.181128
-0.00589689
0.0170711
0.112065
-0.0731541
0.0450038
-0.0124919
0.0625046
-0.0315049
0.0222845
-0.141778
-0.107771
-0.0131674
0.182784
-0.107307
0.0128644
0.0476376
0.21399
-0.117379
0.0962845
0.103059
0.0293356
-0.0551987
0.0309882
-0.0602882
-0.187116
0.114487
0.0613218
0.0378394
-0.0539299
0.0200594
0.103233
-0.149968
-0.250286
-0.0288606
0.0678232
-0.175814
-0.0928438
0.0131671
0.247751
0.0398561
-0.0770081
-0.0467377
0.0818519
0.00550094
-0.0165119
0.182553
0.0543414
0.0029882
-0.00318744
-0.0149547
-0.0960418
0.143421
-0.0254534
-0.174337
-0.0265771
-0.117498
0.0254558
-0.0503583
-0.12253
-0.0890515
-0.00905425
0.141194
0.0709905
-0.147929
-0.102457
0.0480983
-0.0762629
0.0298561
0.051877
0.296141
0.0961223
-0.0370795
-0.00467
0.042154
-0.356556
-0.0962386
0.214576
-0.12232
-0.0592999
-0.146382
-0.229691
0.0524202
0.235315
0.240089
0.175235
0.0801029
0.0663998
0.077745
-0.0115833
0.0329174
-0.0663445
-0.0530719
0.0046349
-0.127943
-0.175393
0.0878749
0.072201
0.119458
0.00121163
0.104454
-0.00819631
0.0689589
-0.0447891
-0.0926007
0.0688309
-0.114241
-0.348674
-0.0090108
-0.065203
0.00864806
0.0988144
-0.206071
-0.216939
-0.361442
-0.537838
0.397081
-0.183733
0.335547
0.0584718
-0.0208757
-0.261807
0.00069197
0.250323
-0.264634
0.0589565
0.0909741
0.108178
-0.182862
-0.138038
-0.0547717
0.0992997
0.145871
-0.0198601
-0.238407
0.127426
-0.300686
-0.0204982
-0.223416
0.310836
-0.250995
-0.00509443
0.21675
-0.0550021
0.0891367
0.333256
0.0870542
-0.00295015
0.0337612
-0.00973148
-0.0362936
-0.0409883
-0.0900793
0.213671
0.0933203
0.0323239
-0.0455063
0.0559614
0.180451
0.153412
-0.0469869
-0.0963863
0.103729
-0.00475059
-0.0188086
0.0530917
0.0487424
0.0425355
-0.047892
0.0689857
-0.10312
0.0040851
0.085617
-0.201288
-0.137948
0.0163024
0.26608
-0.0130835
0.0656736
-0.00661199
-0.0536974
-0.105449
0.145909
0.0886947
-0.00148241
-0.0562819
-0.0469665
-0.00556519
-0.373879
-0.0666781
0.0341751
-0.153924
-0.0172246
-0.0685113
-0.201636
-0.198651
0.303667
0.00461116
0.117783
-0.11041
-0.13146
0.0579442
0.291553
0.00901063
-0.0820705
0.162356
-0.0337849
-0.0984231
-0.231717
0.0761513
-0.144487
-0.188347
-0.239074
0.0119203
0.123232
0.0393069
-0.112338
-0.240173
-0.0392274
0.140553
-0.297757
0.268524
0.309796
-0.0289007
0.0928534
0.0576575
-0.102072
0.262648
-0.0371679
-0.212396
-0.106112
0.0414794
-0.0961685
-0.327327
-0.20248
0.0520828
-0.309324
0.238884
0.304112
-0.0170955
0.280696
-0.0231733
-0.0443234
0.2097
-0.125821
-0.192241
0.191038
0.173743
0.108481
0.220822
-0.0114532
-0.0542368
0.0926676
-0.0455384
-0.0715859
0.0614891
-0.124288
0.265404
0.0526062
-0.0469484
0.0413172
0.00518082
0.0164257
-0.0216065
-0.0160099
0.00541467
-0.133282
0.0656143
0.132416
-0.138322
-0.128748
0.036758
-0.167185
0.0502408
-0.0530394
0.125858
0.0551269
0.0671189
0.238098
0.0210846
-0.00998192
0.0048813
0.124551
-0.00569763
-0.0600219
-0.0426515
-0.1062
0.0194542
0.0162945
0.0431745
-0.23889
0.034511
-0.179756
-0.102522
0.0539436
0.00185494
0.00602619
0.108084
-0.0358218
-0.088263
0.0608509
0.00507345
-0.0332548
0.0498409
-0.1435
0.141198
-0.0412952
0.207962
0.125103
0.0417267
0.0411098
0.0188318
-0.0871446
-0.0243671
0.0181133
-0.0510697
0.0253434
0.114475
-0.0317168
-0.0903772
-0.234286
-0.175242
-0.215285
0.0112088
-0.0248192
0.0775936
0.343282
0.0887232
0.0195091
0.193248
-0.587314
-0.301044
0.142079
0.296627
0.133957
0.0679069
-0.0853581
-0.108836
-0.193065
0.0978193
0.173007
0.159634
0.105847
-0.02225
0.0837969
-0.0151837
0.0180838
-0.0104891
0.0962198
-0.00464525
0.0304865
-0.0112559
0.0269049
-0.0238137
-0.114566
0.0447837
-0.108629
-0.143962
0.0398194
0.0928999
0.0817849
0.0211772
0.104778
-0.0395227
0.0769141
-0.031003
0.00924499
-0.0686605
-0.0852091
0.0916315
-0.0659702
-0.0243209
0.101133
-0.000221153
-0.0494397
0.0679996
-0.0190022
0.0808401
-0.0316414
-0.0112304
0.212113
0.0114257
-0.0652806
0.0467341
-0.081711
-0.145118
-0.117272
-0.11211
-0.0357612
0.0490824
-0.0936228
0.12741
-0.00562335
0.0690601
0.176741
-0.0226376
-0.146509
-0.000893156
0.0543371
0.0283871
0.0172589
0.0145805
0.116976
-0.0494325
-0.0272264
-0.105208
0.114438
-0.0880324
-0.0130833
-0.121896
0.118345
-0.0547556
0.112965
0.0341481
0.030305
0.029339
0.0512458
-0.0100104
-0.0758382
-0.00241352
-0.00724407
-0.061456
-0.0638371
-0.132965
-0.0329542
-0.0407785
0.17351
0.0436332
0.0924233
-0.0962003
-0.102746
0.0302633
0.0842533
-0.0195512
0.0479213
-0.0252632
0.052008
0.0741127
0.000219104
0.022542
0.0120162
-0.115956
-0.00463981
0.10355
-0.0792705
-0.0885745
0.107736
0.105935
0.0607759
0.0981941
0.0662084
0.0129767
0.0692777
-0.0306603
0.0910707
0.0247323
0.0553208
0.0765254
-0.0171621
-0.015326
0.00808014
0.0149
0.0128128
-0.0360003
0.0147054
0.0660109
0.0332526
-0.00840534
-0.01334
0.00143747
-0.0390907
-0.00742391
0.0378866
-0.0719836
0.102968
-0.0814635
-0.0488664
0.0616647
-0.00226947
0.0276112
-0.0675141
0.00704109
0.102567
-0.0324276
-0.0119302
-0.131346
-0.0589812
0.0614833
0.0528156
0.0770577
-0.0793393
0.0455318
-0.0159125
0.102675
0.0216756
0.091297
0.0115306
0.041159
-0.0541066
0.102714
-0.068762
0.0585379
0.0108251
-0.0296968
-0.0550111
-0.00181871
0.0109073
0.193731
-0.0247812
0.0410044
-0.0437837
-0.0139082
-0.00298285
0.0977703
0.0667402
0.0148577
-0.0360093
0.0313198
0.0559352
0.0331791
-0.0223013
-0.0291636
-0.0795618
0.0606572
-0.021286
-0.0432973
0.0554105
0.0278826
0.0417756
0.0156936
-0.0600008
0.0116788
0.0163275
0.0273471
0.0463769
0.00886439
-0.0146498
-0.0113877
-0.0394745
-0.117798
0.0303621
0.00860215
0.0091805
0.222806
0.00610815
0.00782062
-0.0491232
-0.0145731
0.083126
-0.00532988
0.0615013
0.0909859
0.0194833
0.0364292
-0.0111949
-0.0265446
0.00879368
0.0130826
0.00653491
-0.125845
-0.0861829
0.0456518
0.0176342
0.00606049
-0.0056816
-0.00777008
0.0108007
-0.00568311
-0.0383506
-0.0312447
0.0563221
-0.00550405
-0.0437604
-0.0521915
0.0266077
0.00859886
0.0713711
-0.103128
0.0287005
-0.0321501
-0.0568981
0.0369437
0.0993759
-0.0953434
-0.00768226
-0.0209642
0.00211764
0.021536
-0.0363689
-0.0452122
-0.153381
-0.0271739
0.117029
-0.0271259
-0.00742855
-0.0276122
-0.000392211
0.0416843
-0.0207226
0.108995
0.0486628
0.0376858
0.00824885
-0.064059
0.116653
0.0388372
-0.0776344
-0.0109209
0.0581075
0.0575823
0.0497133
-0.0912989
-0.0017127
0.0387494
-0.0414142
0.0051386
0.0667516
0.043753
0.0238702
-0.0842694
-0.087086
-0.128005
0.0795712
0.0300833
0.0614178
-0.0415397
-0.0780183
-0.0565448
0.0993673
-0.0482123
-0.00500741
-0.0324162
-0.0515415
-0.0923123
0.0582579
0.0588894
0.0413839
-0.0369279
-0.0157018
0.019575
0.0455907
-0.000192743
0.0985834
0.0498792
0.0399898
0.012287
-0.0484794
0.0479127
-0.0122877
0
-0.00359464
-0.00832939
-0.0047357
0.0136328
0.0488869
0.0432137
0.0685696
0.0738339
0.0223394
-0.0110711
0.0226826
-0.0550436
0.0238648
-0.000923933
0.0114507
0.0199152
0.061889
0.00841813
-0.00091467
0.0193731
-0.0571305
0.00128536
0.0243905
-0.0420327
-0.0442422
0.117547
0.0322666
0.000364
0.0710895
0.0200385
-0.0119099
0.0238057
0.00126084
-0.0256082
0.0175
-0.0796283
-0.0555714
-0.0345917
-0.0680675
-0.059988
0.0129909
-0.047778
0.0574175
0.0390188
-0.0332767
0.0245984
-0.0133089
-0.0470929
0.101695
-0.0399997
-0.024225
-0.0844122
0.110853
0.0283971
-0.00570981
0.0320065
0.0496461
0.0217227
0.0809971
-0.0418695
-0.0562828
0.021895
0.0838511
-0.0227988
-0.0845913
0.0366531
-0.0165776
0.00218763
-0.0281109
-0.0454363
0.00385544
0.0831716
0.0855543
0.0737268
0.0487915
0.0382587
-0.0462848
-0.0276952
0.0394647
-0.000712911
0.00213858
0.0373513
0.0568259
0.0494811
0.0266639
-0.00385485
-0.0802369
-0.0171513
0.0303925
-0.0128879
-0.0897917
-0.00855981
-0.065331
-0.122681
-0.135992
-0.308212
0.191622
-0.192763
-0.149172
0.110704
-0.0675814
0.096922
0.0366499
0.0886932
-0.0661624
0.0785544
0.0191212
-0.0245643
0.0271859
0.0787024
-0.00892077
-0.0419225
-0.112471
-0.207389
0.149061
0.0350754
0.0443786
0.0846214
0.0358089
0.0239873
-0.11037
-0.0291493
0.043786
0.0676499
-0.101083
0.0736669
0.0192177
-0.152325
-0.131834
-0.0519132
0.134228
0.0235571
0.0477039
-0.0196597
-0.043426
0.268138
-0.0222268
0.0113048
0.0986047
-0.0137646
0.0622485
0.00273735
-0.0261266
0.0856154
0.0367531
-0.0369345
-0.0168832
0.070069
0.039435
-0.0850055
0.0484569
0.00955515
0.0142256
0.00233899
-0.0745767
0.0716978
0.0387945
0.0116449
0.0535706
0.011925
0.00160078
0.0222066
0.0171984
0.0113312
0.0675434
-0.0339792
0.0534695
0.0346724
-0.122768
-0.0612415
0.0204555
-0.0521999
-0.0909742
0.0508825
-0.0855514
0.113847
0.0449647
0.0192089
-0.00959983
-0.00355783
-0.0358267
0.0855215
-0.0324512
0.0166821
0.0632802
-0.103079
-0.0362051
-0.0917215
0.0072102
-0.0427965
0.139093
-0.244423
0.00840889
0.0894991
-0.0856626
0.0764224
-0.0941556
0.0647476
-0.0152827
0.0584574
0.021337
0.0736058
0.0513285
-0.13162
0.0679117
0.055499
-0.0316504
0.015033
0.159666
0.0354884
0.0348387
-0.0301047
0.0548904
-0.0125597
0.013257
0.0448735
-0.0530699
0.0184759
-0.0238857
-0.0512763
0.0409722
0.00471678
0.0235506
-0.00365978
-0.0258308
-0.162794
-0.0318457
0.00516626
-0.157608
0.0663616
-0.0618393
0.0559064
0.0206602
0.0358295
-0.00518733
0.0246605
0.0683021
-0.0195181
0.0375827
-0.0315458
-0.0882524
0.0243248
-0.114447
-0.118149
-0.138825
-0.0159573
0.0239263
-0.000185256
0.0088884
-0.0138916
0.0187028
0.00591836
0.0407783
0.00018414
0.0803291
0.0426525
-0.0247674
0.0764714
-0.00524892
0.0253142
-0.0748619
0.053168
-0.0584457
0.0638736
-0.159169
-0.0850849
-0.111648
0.0640842
-0.167519
-0.193902
-0.0309424
0.0400136
0.149734
0.0265715
-0.0705695
0.0247846
-0.11664
-0.159624
-0.0600791
0.105
-0.110516
0.0369744
0.0260751
0.155039
0.0402113
0.0191828
0.00268266
0.00708643
0.11914
-0.00170285
0.0202263
-0.0653628
0.0664958
-0.0467472
-0.0427745
-0.0469771
-0.0677982
-0.163597
0.133488
-0.062825
-0.00486405
0.0979906
0.0125184
0.000384934
0.0134634
-0.0175059
0.0862702
-0.0122242
-0.138369
-0.337385
0.100908
-0.173528
0.114422
0.172355
-0.0284875
-0.0342925
-0.128155
-0.113221
0.0310973
-0.204089
-0.0238983
-0.134353
-0.048409
0.169552
0.0763339
-0.026887
-0.127409
0.238591
-0.00528584
0.0393733
0.0509143
0.031389
0.0176632
-0.0736689
0.0646404
0.0334646
-0.000600174
0.195343
0.00353087
-0.0615762
0.014001
0.0514969
0.0979348
-0.0822633
0.0803217
0.0673455
0.0413816
0.0500063
0.0465241
0.128715
0.0774473
-0.114889
-0.0474261
0.0591064
0.0606307
0.0369859
-0.0390447
0.1002
0.000185314
-0.0289506
0.0363603
0.00999445
0.0147883
0.0212199
0.0121581
-0.0533472
0.0140566
-0.0455708
0.0403944
0.00647016
-0.0401826
-0.0422079
-0.114878
0.0906257
0.000560334
0.0716502
0.0910062
0.145756
0.000905461
0.00760264
-0.0950856
0.0541079
-0.118617
-0.0505042
0.0774948
-0.00421821
-0.0262663
0.0964599
0.0935535
0.0324301
0.0968422
0.00356221
0.0183253
-0.00462263
-0.0474163
0.0390545
-0.000355973
-0.00391654
0.0170791
0.0464639
0.0176775
0.0602221
0.0180662
-0.0391555
-0.0144366
-0.00722613
0.0146231
0.0630042
-0.0894471
0.0389349
-0.0877733
-0.12297
0.0371038
-0.168517
0.023263
-0.120534
0.11654
0.0440326
0.109151
-0.0222011
-0.117916
0.0320504
-0.00307384
-0.168877
0.0641662
0.0366645
-0.00218516
-0.151016
0.0839552
-0.0909834
0.00425449
0.0079492
0.0459076
0.0125005
0.108172
0.0572652
0.0687907
-0.0195806
-0.00503606
-0.0470657
-0.0173674
0.142565
0.0221101
0.0401721
-0.0234438
-0.0413378
-0.031295
-0.00143297
-0.0127266
0.075584
0.115219
0.0314496
0.0502193
0.010467
-0.0536719
-0.0193013
-0.0542427
-0.0125458
0.0250759
0.0074048
0.0325513
0.0341965
0.019763
-0.0134626
0.00472272
0.0724843
0.105002
0.0202516
-0.0764151
0.0217448
-0.00914085
-0.0903038
-0.0392523
0.00646542
-0.322007
-0.244338
-0.0678899
0.0425315
0.171073
-0.12208
-0.00147552
0.0652678
-0.166863
-0.0339711
0.131877
0.109557
-0.0490332
0.094739
-0.0641565
-0.0883393
0.0226643
0.0726209
0.0200792
0.107015
0.0731603
0.0243279
-0.0125143
0.0792898
0.0995982
0.0129945
-0.0300535
0.00633457
0.0819863
0.028224
0.0354284
-0.0585941
0.0256011
0.0305657
0.0413578
-0.028361
-0.0480858
0.00295778
-0.0247331
0.0747089
0.0102073
0.0331452
-0.109868
-0.280609
0.00877735
0.108452
0.0883456
-0.121522
0.0537012
0.0462033
0.157973
-0.0383471
0.0806875
-0.0520434
-0.010233
-0.0617936
0.0557182
0.00850451
-0.00763637
0.110504
0.024696
-0.002227
-0.0319177
-0.00361002
-0.0859931
0.0717121
0.0817955
0.0867205
0.0722013
0.036576
-0.0102211
-0.00184426
0.0441686
-0.0245698
-0.0385641
0.0619653
-0.0131982
-0.025108
-0.0421555
-0.0728038
0.0483697
0.066422
0.0155746
0.0130439
-0.00835953
-0.00970581
-0.171735
-0.0716212
0.13732
0.00761144
0.181954
-0.000664143
-0.0387626
-0.0161816
0.0125139
0.0523879
0.128717
-0.0729726
-0.00313462
-0.00445614
0.0574473
-0.000656556
0.00180542
0.0275333
-0.0851391
-0.0206542
0.136188
-0.0295769
-0.0627105
0.0405933
0.012621
0.0338504
-0.0346694
-0.0250958
0.0368838
0.00670641
0.00817247
0.0571835
-0.0217922
-0.0381692
-0.00539458
-0.0976034
0.14133
-0.256418
0.0710692
0.0374117
-0.104139
-0.159034
0.0483984
0.217748
0.131442
0.0866776
-0.0370788
0.0103765
0.108789
0.08269
0.00174857
0.00143042
-0.000953592
-0.0596208
0.0600976
-0.113162
-0.0772927
-0.397036
-0.180105
-0.0159727
-0.381913
-0.374807
0.0515927
0.147386
0.135568
-0.0934915
-0.392178
-0.795566
-0.122213
-0.0111471
-1.13758
0.017342
-0.378567
0.17812
-0.486841
0.451186
0.215983
-0.193064
0.859074
0.291763
0.158394
-0.381091
0.23489
0.155514
-0.254324
0.147015
-0.143621
0.382037
0.202701
0.0171904
0.145331
-0.00590679
-0.332606
0.100283
0.194437
0.13627
-0.33716
0.275734
0.0608404
-0.153098
0.14256
0.150755
0.133535
-0.270048
-0.329192
0.268766
-0.0843039
0.209636
0.0831385
-0.00461139
0.00211382
-0.15979
-0.260294
0.0256169
0.383893
0.0107657
0.201812
-0.156569
0.029985
0.15967
-0.0285682
-0.0441402
0.180975
-0.11296
0.130026
0.121218
0.274168
-0.0387352
0.241546
-0.115892
-0.0789046
-0.0440667
-0.345997
0.0902882
-0.0596094
0.328363
0.114871
-0.068551
0.0923541
-0.0487246
0.160107
-0.298028
0.0551113
-0.0105336
0.00607154
-0.00767933
0.0523879
0.14258
-0.0372133
0.172432
-0.0519914
-0.0582035
-0.0842435
0.0551895
0.144952
-0.110132
0.0878213
-0.0628747
-0.00243958
0.0926334
0.0370553
-0.145386
0.06559
-0.223046
0.0074447
0.0346688
-0.0392768
-0.267866
-0.0714491
0.225572
0.00376455
0.09117
-0.0818544
0.0198564
-0.0445978
0.151075
0.16658
-0.0892575
-0.16113
0.0373739
-0.0623677
0.0141113
-0.140026
-0.0193874
0.17297
-0.0210564
0.114029
-0.0676923
-0.10025
-0.137434
0.0548384
0.162556
-0.210113
-0.171217
0.126357
-0.116737
0.206076
-0.0281167
0.0273921
0.00778668
0.0633353
0.0445091
-0.10712
-0.0295469
-0.273097
0.0885972
0.0902018
-0.0841014
-0.00369679
0.196971
-0.0499733
-0.0222502
0.0517192
0.0467536
0.0864061
-0.0456302
-0.0140543
0.095825
0.128294
0.0902172
0.0027953
-0.00856307
-0.203283
0.136626
-0.0116228
-0.0622174
-0.117711
-0.0575748
0.00252584
-0.152508
-0.00549652
-0.214134
0.00636394
-0.0102966
0.186127
0.192469
0.192551
0.111536
0.0227174
0.360503
-0.0347445
0.123251
0.0140086
-0.0531365
0.0800979
-0.0121403
-0.000998486
-0.081378
0.0936857
-0.00415631
0.100759
-0.0176299
0.0164775
0.0702183
-0.0927993
0.0885478
-0.00769011
-0.00753222
0.0846557
0.0086048
0.00632711
0.0506347
-0.0261751
-0.0590642
-0.0257468
0.0725077
0.0729506
0.0463658
0.008
-0.256931
0.132206
0.0793604
0.0632614
0.0194584
0.0246672
-0.017181
-0.0550825
0.10226
0.04096
0.0870541
-0.0274172
0.12767
-0.0493782
0.0180404
0.0124227
0.188778
-0.0753601
-0.0219657
0.0150586
0.12239
0.0692274
-0.0505887
-0.0347294
0.00455657
-0.16258
0.0166548
-0.184904
0.159293
0.0850637
0.0308925
-0.0077906
-0.0174363
0.0481053
0.0103543
0.00243476
0.1076
0.186261
0.122614
0.0327843
-0.0933896
-0.121581
0.0839203
-0.0996875
-0.115137
0.00722565
-0.000902921
-0.200958
0.202463
-0.0198819
0.00135684
-0.0859947
-0.0579473
0.178555
0.140968
0.0433071
0.0834232
-0.0925715
0.0204983
0.0711956
-0.0430972
0.0246497
-0.0101166
0.0367521
-0.0361653
0.0641876
-0.0116664
0.163396
0.0189307
0.0454592
-0.0181303
0.121852
0.068228
-0.0449641
0.046366
-0.000280359
-0.0846061
0.017656
0.0555889
0.0175273
0.0419405
-0.0680322
-0.166419
0.130114
0.0503411
0.0396162
-0.00433194
-0.0453884
-0.00533685
-0.0192644
-0.0410429
0.0643805
-0.215038
0.243223
-0.0235525
0.0831667
-0.0908894
-0.22688
-0.0169699
-0.00777549
0.130373
-0.00156411
0.025422
-0.161436
0.148378
0.040679
0.0493856
0.0251633
-0.0151747
-0.0395906
0.0692161
-0.055109
0.0923321
0.0416763
-0.0257659
0.0431377
-0.0218239
0.0114044
0.045488
0.0378412
0.0416802
0.0222134
0.0120459
0.034415
0.0189323
-0.209836
0.0573647
0.066375
-0.0487054
0.104957
0.00600338
-0.0311476
0.0454593
-0.0638107
0.0247801
0.0303097
0.00599643
-0.0342553
0.0838602
-0.198945
0.124241
0.0855444
0.0596775
0.028095
-0.0745101
-0.039297
-0.211724
0.0130273
0.160881
0.0718377
0.139611
-0.0578114
-0.10605
0.140348
0.138406
-0.049855
0.0517016
0.0245011
0.0807175
0.0259373
-0.00533837
0.0517012
0.0429241
0.00928457
-0.00773655
-0.00529008
-0.0653889
0.013112
0.00894785
-0.0735053
0.072598
0.114328
0.0367142
-0.0155903
-0.0207395
0.085878
0.0266467
-0.01928
0.0301721
0.0419373
-0.0476351
0.113344
-0.0479515
-0.0723611
-0.0232209
0.0167549
0.0374698
0.0787842
-0.044224
0.0497382
-0.109094
-0.143008
0.102648
0.077152
0.103076
-0.115072
-0.0351872
-0.191509
0.0274919
-0.0503949
-0.0682428
-0.124551
0.183074
-0.130124
0.207496
-0.0662267
0.022512
-0.0300273
0.0781158
0.169863
0.120284
-0.0459569
0.0719099
0.0370656
0.0269046
0.0657779
0.00061501
0.0477322
-0.0198505
-0.0376033
-0.0162648
0.0102302
0.00677327
0.0456919
0.0534104
-0.00804829
-0.0260183
-0.0296431
-0.00662658
0.0210916
0.0482694
0.0354121
0.0398859
0.0129378
-0.0303758
-0.0395905
-0.0789185
-0.161974
0.00897085
0.0570007
-0.326235
0.0685947
-0.122988
0.169765
-0.151644
-0.0848479
0.0800959
0.345317
-0.100531
-0.0730991
-0.0493697
-0.0637808
-0.0930239
-0.00373902
0.078739
-0.127344
-0.112985
0.155012
0.0915853
0.129831
-0.0229975
0.0859066
0.045675
-0.0604859
0.0517425
-0.029033
0.0671982
0.0120678
-0.0439868
-0.187192
0.0321407
-0.195964
0.11855
0.102875
0.0112532
-0.0990572
-0.0282455
-0.14984
0.0370885
0.0735098
-0.188856
-0.333373
0.0162325
0.16847
0.0180585
-0.127234
0.145922
0.131808
0.00444218
-0.221223
-0.0219254
0.113385
0.00132321
0.18549
-0.0951338
-0.0150904
-0.180343
0.0975319
0.0488727
-0.102244
-0.0843537
-0.20562
0.0305126
-0.0554845
-0.269568
0.268744
0.0256592
-0.225345
0.105128
-0.218458
-0.489369
-0.0401262
-0.185556
0.469802
-0.242333
0.0438125
-0.00741235
0.0307993
0.393413
0.0557065
0.125159
0.0280192
0.136871
-0.0890991
-0.0133088
0.0422219
-0.0490217
0.203235
-0.0172903
-0.132779
0.0523345
0.133717
-0.0241549
-0.224645
-0.0437266
0.114067
-0.139079
0.0229191
0.023563
0.022674
-0.0435852
0.125367
0.0472964
-0.163039
-0.255445
-0.0516226
0.0112075
0.136637
0.0712822
-0.235385
0.164386
-0.103516
-0.0357023
-0.203144
-0.237633
0.0534468
0.191659
-0.112095
0.278132
0.00705671
0.113943
-0.13686
-0.214099
0.0677291
0.160645
-0.205845
0.0620241
0.126226
0.135908
0.0859202
0.063889
-0.165342
0.0320369
-0.0391702
0.157595
-0.037721
0.026054
-0.161782
-0.254945
-0.304152
-0.131924
0.157137
-0.382206
-0.0406565
0.0889465
0.102369
-0.095512
-0.092973
0.376361
0.153439
-0.0226944
-0.0365385
-0.110727
-0.0539962
0.0597589
-0.236085
0.192022
0.221524
0.0416159
-0.0751833
0.0225398
-0.071376
-0.0935418
0.183389
0.135699
0.12214
0.0713938
0.145819
0.00610081
0.0279027
-0.0106137
0.10241
0.123268
0.097258
-0.0172885
-0.0334267
0.120252
-0.0402426
-0.12157
0.0707292
-0.151443
0.10186
0.0209647
-0.000413351
0.0428973
-0.0105697
-0.0691844
0.0382346
-0.0877284
-0.118556
-0.00239115
0.0412725
0.0620088
-0.185064
-0.096195
-0.11551
-0.145922
-0.198485
0.172876
-0.0657951
0.0170447
-0.0594117
0.0465197
0.170105
0.15765
-0.183048
-0.0493741
-0.0902927
-0.147961
0.00902079
-0.0575719
0.12288
-0.186716
-0.279501
0.0176605
0.0360057
-0.0253932
-0.118309
0.110975
0.080534
0.361757
-0.0770595
-0.0463107
-0.218123
-0.0915928
-0.0767115
-0.0809478
0.0289514
-0.0384619
0.163114
0.0238424
0.045191
0.102511
0.00643925
0.0165391
0.192012
-0.00870976
0.0564783
-0.0281244
0.0463331
0.0401804
-0.090709
-0.0912368
0.160536
0.0620208
0.116176
-0.0984419
0.339532
0.0322039
0.0533494
0.137167
-0.102699
-0.0102999
0.0586941
-0.0305005
0.0834092
0.0712212
0.0178647
0.00262854
-0.033531
-0.0385191
0.0882212
0.104958
-0.00957082
-0.0541791
-0.0470096
-0.0740631
0.0207208
0.060111
-0.0481709
0.168684
-0.0284188
-0.323566
-0.107986
0.0101377
-0.0495008
0.175292
-0.130216
0.00941875
0
-0.0891187
0.0884055
-0.172664
0.174803
0.0918525
0.138655
-0.0445584
0.138194
0.163242
-0.0428803
0.0788123
0.0414661
0.0824199
0.0041433
0.00614497
0.00413905
-0.181039
0.0401542
0.124185
-0.0196752
-0.0680229
0.0788691
0.0461987
-0.0781014
0.00483215
0.0333586
0.145127
0.0689671
-0.151164
0.00916645
-0.0624715
0.114917
-0.0640047
0.137573
0.00432614
0.0882109
0.0254311
-0.0865479
-0.0315513
-0.0653825
-0.0136037
-0.0120343
-0.123959
0.14075
-0.0537778
-0.0472606
0.0769669
0.0712526
-0.00973428
-0.109969
0.024321
-0.0019913
-0.135944
-0.214661
0.140229
-0.289568
0.146726
-0.0638848
0.0912179
0.0973234
0.0760501
0.0241014
-0.159689
0.0558691
-0.0285769
0.158586
0.0923905
0.049316
0.0294469
-0.000659296
-0.0343434
0.0538402
