0.346392
0.0928073
0.375176
-0.158458
-0.294585
-0.142031
-0.216845
-0.436332
0.108742
0.222428
-0.534903
-0.117447
-0.0668072
-0.129879
-0.182575
0.438463
0.0441728
0.436221
-0.0604094
0.192131
-0.374085
0.102849
0.281368
-0.271845
0.248573
0.0701132
-0.116589
-0.0786439
-0.274405
0.110667
-0.393247
-0.901157
0.00891464
0.210874
-0.319334
-0.0131792
-0.241506
0.155035
0.21715
-0.00701664
-0.443033
0.0550876
0.530745
-0.386003
-0.18876
-0.0500181
0.307899
-0.041498
0.117849
0.165197
0.335464
0.0150931
0.0817405
0.339386
0.0991733
0.368622
-0.322337
0.393035
0.17667
-0.233579
-0.424838
0.458786
0.0876136
0.462342
0.176943
-0.118427
-0.354162
0.278784
0.260176
0.403521
-0.324075
0.0503231
0.283787
-0.444147
-0.0660806
-0.0649154
-0.0653396
0.356857
-0.192302
-0.208204
0.157893
0.254966
0.497607
0.202425
0.101629
0.245656
0.243022
-0.249985
-0.111441
-0.506149
-0.00561013
0.0868349
0.175653
0.251227
0.299278
-0.254775
0.0543828
-0.1243
0.0144534
-0.068483
0.371647
0.355716
-0.199583
-0.0747696
0.107729
-0.131643
0.0734479
0.259093
0.0051149
-0.294067
-0.102557
-0.408899
0.0351729
0.189189
-0.534303
-0.0900905
0.496068
0.0257482
-0.00469435
0.306571
-0.0453074
0.193573
-0.190095
-0.151375
-0.282107
0.0715726
-0.19525
-0.0516032
-0.0777035
0.204566
0.207812
0.245706
0.148926
-0.171594
0.135763
0.112998
-0.0506581
0.220459
0.109728
0.184348
-0.238263
0.0772296
0.183879
0.00929242
0.2541
0.0658974
0.0664922
0.0504952
0.0484213
-0.0569756
-0.204878
0.110682
0.328706
-0.0646314
-0.271341
0.141321
-0.0490159
0.183138
0.339983
0.327081
-3.91425e-05
-0.19961
-0.0207861
0.220631
-0.201003
-0.161319
-0.277026
0.128109
0.108697
0.301637
-0.0751282
0.0666238
-0.0228197
0.0834581
-0.0588182
0.0156555
0.200045
0.118555
-0.0945378
-0.110349
0.134269
-0.0216419
-0.159919
-0.0452301
0.194639
0.0811261
0.112641
-0.226295
-0.361983
0.0577031
0.43326
-0.0245732
0.195292
0.06472
0.0983198
-0.0484809
0.154861
0.0319722
-0.046749
0.053613
0.045555
-0.143851
-0.1589
0.0406616
-0.331869
-0.593274
0.289834
-0.129041
0.167478
-0.263717
0.267833
0.137014
-0.00242052
0.156282
-0.0291415
-0.00431877
0.118321
0.0364478
-0.0684394
-0.0203629
0.149419
-0.167289
-0.102858
0.205581
-0.131706
-0.0557808
-0.292394
0.072796
-0.26764
0.279662
0.103251
-0.017853
0.117997
-0.0918542
-0.45035
0.185519
-0.0106007
0.0658712
-0.213679
0.121861
-0.126102
-0.0774349
0.130851
0.00819253
-0.014524
0.077004
0.0831302
-0.0291693
0.164691
0.220839
-0.0116892
-0.00822535
0.27398
-0.111391
0.0792014
0.189198
-0.0520503
0.0569705
-0.017435
-0.191892
-0.157783
-0.0977382
-0.0952992
-0.0425699
-0.1052
-0.183368
0.0816226
0.189567
0.0858869
-0.0980536
-0.252596
-0.337615
0.0620799
0.0286184
0.152977
0.0719352
-0.0806676
0.0514276
0.188011
0.107238
0.102081
0.0435817
-0.0224098
-0.258749
-0.0146399
-0.233308
-0.00668097
0.0599279
0.0702609
-0.0565355
-0.194971
0.190086
0.147415
-0.0241439
0.124432
0.00377307
0.0793801
0.0328801
0.133473
0.109895
-0.0995941
-0.0218148
-0.0659267
0.0950155
-0.00293989
0.169215
0.0055522
0.07473
-0.0521347
-0.00861436
0.0918322
0.186675
0.0967835
-0.049818
0.162935
0.0741323
-0.120991
0.152881
-0.0171146
-0.208059
-0.0275527
0.0943233
-0.0239074
-0.160564
0.110197
0.0987771
-0.209419
-0.263229
0.0496332
0.0242529
0.0611637
-0.412232
-0.320734
-0.35592
-0.338948
0.870943
-0.141995
0.272574
-0.299475
-0.101444
0.189447
-0.223641
-0.255894
0.0549088
-0.445335
0.198208
0.348908
0.0326835
-0.0314864
-0.177742
-0.0638603
-0.420773
-0.14281
-0.0825242
0.235781
0.299386
0.103791
0.178915
0.0907429
-0.070064
-0.0451083
0.116655
0.0825231
-0.000980368
-0.0878048
-0.21431
-0.0974804
0.15801
-0.322663
-0.151731
-0.227826
0.0281538
-0.0454079
0.112157
0.196177
0.165589
0.00818862
-0.00411491
0.219901
0.033663
-0.0867318
-0.194781
-0.0963791
0.0322008
0.120383
0.311833
-0.042607
0.222278
0.106676
-0.0131767
0.106487
-0.0910148
0.193971
0.0519868
0.0465973
-0.067832
-0.167557
0.118031
-0.168959
-0.190299
-0.153433
0.0635513
0.0517128
0.269264
-0.0625457
-0.111506
-0.0423729
0.0486502
-0.165955
-0.106211
0.045538
0.0609627
0.0192876
-0.0679198
0.243756
0.0167658
0.0427814
0.0844569
-0.132391
0.0612934
0.0888631
-0.0567684
0.112938
-0.0161528
-0.0020309
-0.00207114
-0.037794
0.0649635
0.0587799
-0.086547
-0.0552057
0.146767
-0.0156436
-0.00573421
0.0406221
0.0133074
0.0815432
-0.051725
0.126452
0.160157
0.0496224
0.0338148
0.0815845
-0.0761802
0.1606
-0.0214388
-0.0484809
0.0666473
-0.0434233
0.0107522
0.0440455
0.0259713
0.0807835
-0.0712653
-0.00655443
-0.117408
0.116297
-0.0967889
0.178072
-0.00521944
-0.0056636
0.0561263
-0.0642228
-0.221495
0.0733195
0.113877
-0.167004
0.0622397
0.180432
0.018279
-0.030349
-0.251435
0.0386606
0.064663
-0.00998982
-0.15689
-0.122544
0.367618
0.218291
-0.0353266
0.0307321
0.114698
0.146941
-0.0241405
0.0278059
-0.0516153
-0.0264583
-0.0076384
0.032609
0.11542
0.135442
0.0581815
-0.0916103
-0.0202292
0.0992261
0.115774
-0.127129
0.161913
-0.0474381
-0.199325
0.0617894
-0.230253
0.128208
0.141411
-0.0775026
-0.100792
-0.0420436
0.231984
-0.00247232
-0.21873
0.0520253
0.0313433
-0.147388
0.0985344
0.135916
-0.030102
-0.0117058
0.196446
-0.0147577
-0.0252814
0.0424174
0.101901
0.0559654
-0.0225296
-0.0310151
-0.00972038
0.0971478
-0.0600996
0.0497633
-0.0616723
-0.0023835
-0.186078
-0.0233208
-0.168551
-0.0188113
0.0677154
0.0476647
-0.0243059
-0.086953
-0.0255233
-0.101088
0.0200665
-0.0313185
0.00987273
-0.0728768
-0.0518294
-0.141816
-0.145182
-0.0354807
0.20044
0.110644
0.134509
-0.0106533
0.0641727
0.164815
-0.00723618
0.0293278
0.0232144
0.0591885
-0.129202
0.10561
-0.0480764
-0.019648
0.0880281
-0.126052
0.0728395
0
-0.203875
0.10724
-0.110546
0.0353493
-0.249535
0.0357194
0.202
0.0646591
-0.0398511
0.0661682
-0.0551855
-0.0509933
0.0712482
0.0210844
-0.130846
-0.114226
0.0671682
0.0176681
0.130775
0.0300526
-0.143932
-0.121302
-0.0172092
-0.134503
0.0638178
0.049966
-0.068664
-0.227515
0.071413
-0.014727
-0.0054041
0.100544
0.016405
0.129886
-0.0382091
-0.0446842
-0.0633612
-0.0460484
-0.119314
0.061803
-0.0409502
0.149896
-0.0654519
-0.118333
0.0315991
-0.136995
0.226732
-0.0635417
-0.282397
-0.00697633
0.0972285
0.23197
0.152674
0.160165
-0.0284961
-0.0728192
-0.0876974
0.0640984
-0.119275
-0.264177
-0.0357293
0.104131
-0.141534
-0.0505312
-0.247388
0.0936288
0.123211
0.203192
0.00852469
-0.0569815
0.0272065
-0.139995
-0.0685482
-0.0490881
-0.143598
-0.374916
-0.231466
-0.35485
-0.312022
-0.629974
0.0563266
-0.219924
0.274309
0.372853
-0.0161319
0.053092
-0.537785
-0.206754
0.120757
-0.0803746
0.250094
0.029599
-0.0219928
0.23078
0.0589004
0.326669
-0.0108827
-0.304419
-0.439988
-0.0948091
0.233609
0.0896717
-0.555829
-0.385666
0.0460659
0.0343225
0.245573
0.161911
-0.326038
0.0987194
-0.10847
-0.628107
-0.14866
0.256061
0.550578
-0.123359
0.0893842
-0.254555
-0.357151
-0.269739
0.556152
0.180359
0.145435
-0.115014
-0.247868
0.40807
-0.192046
0.10297
-0.102666
-0.0401496
-0.0450224
-0.269003
0.291207
0.141174
-0.0256809
0.565239
-0.140776
-0.402865
-0.242204
0.165032
0.0800445
-0.170162
0.169356
-0.312052
-0.219637
0.265289
-0.0896345
-0.192571
-0.0756753
-0.294297
-0.0746417
-0.48784
-0.31737
-0.0288791
0.134499
0.0317076
0.483852
0.0865953
0.373839
-0.156505
0.196438
0.0942532
-0.0168424
0.0496968
-0.135902
-0.367557
0.00828412
-0.196914
0.119741
0.10762
-0.0204365
0.295466
0.00634726
0.212117
-0.00711721
0.0686236
-0.0773943
0.0595953
0.257534
0.0878139
-0.101579
-0.246413
-0.194295
0.185725
0.0233116
0.111312
0.0441283
0.00187128
0.134333
0.0543132
0.203861
0.0930679
0.34339
-0.176403
0.0490096
0.357142
-0.0572498
-0.306193
0.0674558
0.293041
0.150758
0.204734
0.0510515
0.0281602
0.0240616
0.0315767
-0.319426
0.142785
-0.139981
0.0434316
-0.0630766
0.157904
0.157323
-0.118957
-0.143359
-0.0265129
0.161424
-0.0740324
0.00650886
-0.00746506
0.155025
-0.0102725
-0.130283
-0.409876
0.0744754
0.141746
0.0231064
-0.0923743
0.169869
0.0875958
0.086339
0.0975775
0.0443438
-0.117775
-0.0540496
-0.170686
0.0290408
0.076152
-0.0296879
-0.113403
-0.0908091
0.0639354
-0.0210034
-0.0344054
-0.259685
-0.155887
-0.219557
0.183468
0.178009
-0.222937
0.00401268
0.144986
-0.137063
-0.0451753
0.148669
-0.218053
0.195335
0.132619
0.025283
0.102482
0.0113328
-0.0714221
-0.0604525
-0.0558659
0.150957
-0.130732
-0.262271
0.0600715
-0.00578023
-0.380065
-0.282829
-0.00659921
-0.0769447
0.0995002
0.287465
-0.24995
0.0702664
-0.0656846
0.0462214
-0.237942
0.0658449
-0.185255
-0.0268319
0.0566978
0.160342
0.0165828
-0.000263005
-0.104379
0.0141289
0.0216856
0.200353
-0.0449537
0.243967
0.0562278
-0.122297
-0.217346
-0.154796
-0.13554
0.147443
0.0110931
0.467647
0.192382
0.0384121
-0.0319089
-0.0857249
-0.208227
-0.0486704
0.097461
-0.0300008
-0.133414
0.135811
0.00937948
0.0269171
0.0885828
0.105364
-0.262015
-0.291216
-0.026794
0.0255824
0.339233
0.0636541
0.214304
-0.0213689
-0.0924951
-0.25772
0.316009
0.156151
0.0536918
0.0120386
0.0351069
-0.0493891
0.00570558
0.0209413
0.141921
0.101123
-0.116291
0.0436184
-0.0935572
-0.0767167
-0.114197
0.0696324
-0.090469
-0.0156931
-0.17452
0.133791
0.0327252
-0.026231
0.0665813
0.326034
0.086726
-0.0120057
0.062752
0.0999356
-0.0804031
0.35477
-0.0493779
-0.132633
-0.0134252
-0.117954
0.0758545
-0.0775364
-0.0355245
-0.203581
0.0890377
-0.0892291
0.171932
-0.00334019
0.0667798
0.0309871
0.122951
-0.112612
-0.0703934
-0.0247341
0.151523
-0.0482528
0.0836906
0.141646
0.127418
0.0109489
-0.160992
-0.000865976
-0.221957
-0.00442823
0.0093669
-0.0503862
0.186907
0.0357296
0.192894
-0.0239204
0.0442886
-0.123607
-0.130761
0.0369856
0.000778622
-0.0369827
0.00243607
-0.027106
-0.0600877
0.176458
0.0261113
-0.0460363
0.103026
0.128857
0.0108751
0.0751773
-0.0189407
0.169886
0.0250967
0.0104637
-0.0281597
0.0874783
0.094201
-0.0611253
0.0251641
0.0707291
0.0397387
0.0518262
-0.0111041
0.00814987
0.149067
0.0939153
-0.0644745
-0.03073
0.0513161
-0.0644675
0.307685
0.0428763
-0.0154127
0.00386547
-0.0116009
0.0547843
-0.06769
-0.0397491
-0.0341736
-0.0424532
-0.00861856
0.094479
-0.0480431
-0.0481115
-0.0403389
0.0104997
0.0209663
0.0604005
-0.000650592
0.00581316
-0.0500305
-0.00952107
-0.0231253
-0.228162
0.0106427
-0.0303658
-0.0540388
0.158131
0.000872943
0.0579837
0.0740715
-0.0856083
-0.0700432
-0.0244038
0.0552717
0.0875488
-0.180607
0.151578
0.0924833
-0.176789
0.136613
0.13165
0.00599836
-0.0193455
0.186134
-0.0125996
0.0113244
0.156465
-0.0879549
-0.069028
-0.0609231
0.0751012
-0.0648014
-0.103277
-0.110532
0.0903155
-0.0547764
-0.125893
-0.174913
-0.0140874
-0.0776889
-0.0252232
0.129011
-0.0370036
-0.0791752
-0.120123
0.040872
0.185729
0.24977
0.1189
-0.131323
-0.236255
-0.0372042
-0.12111
-0.0740644
0.0765821
0.0378172
0.166549
0.0871576
0.10303
-0.137195
0.0633386
-0.0241192
-0.215498
0.153048
0.0711445
0.0221577
-0.0452356
0.13923
0.0107118
0.172057
0.0210649
-0.0407656
0.0604263
0.0848052
-0.104666
-0.188958
-0.00102122
0.0352331
0.0672256
-0.0914758
-0.139381
-0.0243604
0.0034837
-0.014565
-0.197736
0.201556
-0.0332216
-0.101847
-0.0897254
-0.0224407
0.0827549
0.00599037
0.0501864
-0.00810194
-0.258824
-0.186354
-0.479549
0.0879641
0.169691
0.0729537
-0.0888584
0.133282
-0.00958832
-0.185802
0.15765
0.00974882
0.0859028
-0.0176608
-0.118736
0.197307
0.0950414
0.0433795
-0.096418
0.0579883
0.0944013
-0.107911
-0.0101331
-0.000348099
0.131842
-0.0174501
0.0680806
0.0578971
-0.0818096
0.0121987
0.302139
0.0306653
0.0164955
-0.026762
-0.017577
0.169541
0.0856666
0.0373428
0.0452298
0.0568394
0.110707
-0.14751
-0.134126
-0.03125
0.121765
0.0940853
-0.0447112
-0.218423
0.0225478
0.0305544
-0.120558
0.0995469
0.0298751
0.0840974
0.0874717
-0.0236782
0.0370923
0.104854
0.0432946
-0.139854
-0.0885681
0.112298
-0.0626324
0.0294103
0.0374367
-0.0471772
-0.0541449
0.0877576
0.0537523
0.0229767
0.0675951
-0.0798481
0.0865551
-0.0333047
-0.00153437
-0.0537332
-0.104422
-0.0976903
-0.0558196
0.203113
-0.00935158
0.0307675
0.111148
-0.0063215
0.0066355
0.098075
0.00512916
-0.0326851
-0.0540867
-0.00611487
-0.0353906
-0.0140574
0.113274
0.172118
-0.032028
0.204358
-0.0527993
0.0866191
-0.0215939
-0.0984184
0.0496514
-0.0393676
-0.070758
-0.0389224
0.0331911
0.0628638
-0.0438106
-0.0540468
0.0846697
0.022071
0.0456208
-0.00498732
0.0398668
-0.014955
-0.026348
-0.0579602
-0.193079
-0.154123
-0.117669
-0.00533816
0.0709158
0.0243825
-0.104388
-0.0900633
-0.0915316
0.036608
-0.0964089
0.130343
0.0198626
0.065112
0.113361
0.083352
-0.015264
-0.0502726
0.0770966
0.296001
0.148019
0.0147869
0.0178648
0.0529952
-0.0233161
0.159078
-0.0589111
0.0320895
-0.0620639
-0.0324751
0.0409375
-0.100048
-0.202198
-0.0830359
0.155604
-0.17524
-0.0685866
-0.0866247
-0.133003
-0.0225122
0.0871505
0.0932195
0.109603
-0.0139629
0.194221
0.0509003
-0.160257
0.105078
0.0540113
0.020433
-0.0844097
0.005988
0.0900307
0.0551929
0.0191004
-0.0229473
-0.128693
-0.209888
-0.367911
0.21351
-0.00981562
0.123211
-0.13634
-0.131327
-0.0793833
-0.151176
-0.182029
-0.0868457
0.195442
0.173623
0.0281833
-0.049727
0.012657
-0.163627
0.0768093
0.122961
-0.0996712
0.0931459
0.167734
0.122903
0.00508671
0.0560949
0.0417688
-0.200409
-0.122914
0.141354
-0.061929
-0.0850278
-0.114021
-0.119023
0.103057
0.0405555
0.169259
0.0164284
-0.0191691
-0.158362
0.00964132
0.18726
-0.00700683
0.00906441
-0.101282
-0.0873091
-0.0385779
0.0732314
-0.0267947
0.0419706
-0.0574928
-0.0399443
-0.227522
-0.0645683
0.0311097
-0.0506495
0.0195398
0.165385
0.0984296
0.123386
0.0906357
0.0249411
0.0327103
0.0191567
-0.0730709
-0.00779402
0.11553
0.0968172
0.0703206
-0.120099
0.0194334
-0.0139945
0.00789874
0.0137102
0.0226139
-0.0104818
-0.131939
-0.0459301
-0.0991894
0.0135384
-0.026734
0.0369757
0.00927255
0.0858016
0.0477324
-0.30624
-0.13306
-0.185163
0.0305836
-0.101706
0.0544921
0.181135
-0.15444
0.0791195
-0.0676826
-0.0787305
-0.0420777
0.0242533
0.0471107
-0.015707
0.00463466
-0.118775
-0.0035813
-0.0219848
-0.126916
-0.1296
-0.0385714
-0.0735119
-0.0576757
-0.013656
-0.0352078
0.134037
-0.0647688
0.104883
-0.0011892
0.0512274
0.0308469
-0.0647348
0.124972
-0.018516
0.0934892
0.0606303
0.0218672
-0.211725
0.0485203
-0.0178302
-0.0179929
0.137154
0.128421
0.0141301
-0.0403214
-0.0361681
-0.0612889
-0.044854
-0.0487874
-0.0716415
-0.141516
0.1192
0.0862732
-0.00760293
-0.0397596
-0.230632
-0.00178628
-0.0303709
-0.0742796
-0.0622482
0.00867006
-0.0624924
-0.191205
0.0366985
0.0696806
-0.113083
-0.112916
-0.0405875
-0.169788
0.102028
-0.0208282
-0.273957
-0.035172
0.226245
0.0108186
0.197189
0.0431613
0.0770191
0.0581181
0.0266712
0.072855
-0.0698088
0.116352
0.101703
0.0278656
-0.0340986
-0.0781514
0.0147881
-0.0120563
0.0710814
0.0216277
-0.0872478
-0.0421289
0.00479633
0.0346023
0.141129
0.0192319
-0.0822972
0.281087
0.0564341
0.00981823
0.0160375
-0.0640858
0.00573946
-0.0862188
0.0457534
0.0371361
-0.0809457
0.0982813
-0.201822
-0.0273512
-0.1179
-0.329649
-0.332949
0.0536606
0.0122648
0.158656
0.039474
0.147677
0.0859501
0.0113646
-0.0672707
0.142402
-0.288834
0.0455582
0.146324
-0.101904
-0.0115061
0.0510012
-0.160527
0.0887627
0.0110168
0.0222766
0.102354
0.0994011
0.172641
-0.0109473
0.109337
-0.126949
-0.133958
-0.0319999
0.0181808
0.12112
0.202021
-0.0458392
0.00288498
0.0947405
0.056635
0.1711
-0.025729
0.232537
0.0994262
0.00983018
0.00349655
0.103385
-0.00704601
0.102072
0.025997
0.0598453
0.0534154
-0.0311512
0.0709062
-0.0587243
-0.0172688
-0.0436679
0.166082
0.164115
-0.0423924
-0.227109
0.101956
0.00315199
0.0414419
0.0252743
-0.09164
-0.0750658
0.113703
0.0730734
0.0150563
0.0210644
-0.0567066
-0.166916
-0.0673597
0.205424
-0.0251097
0.125631
0.016276
0.141393
0.0327897
0.0928345
0.022693
0.0994459
-0.0704099
0.0865301
-0.0605
-0.173914
0.0721069
0.0914412
-0.0570336
-0.0157156
0.0939632
0.0900082
-0.0566277
-0.229928
-0.000695943
0.106762
-0.116045
-0.0491544
0.169942
0.143875
0.00214809
-0.078573
0.100292
0.0818951
-0.165035
0.0189769
0.0371675
-0.0471628
0.00302994
-0.167755
0.0684653
-0.147179
-0.0298143
-0.0565291
0.0947235
0.130075
-0.262492
-0.173183
0.0072745
0.172744
-0.0751716
-0.132675
-0.242406
0.0712242
-0.0941729
0.0602614
-0.0507959
0.297742
0.0579673
-0.0247224
-0.053309
0.0402873
-0.333691
-0.0637741
0.202719
-0.0960653
-0.0180255
-0.246221
-0.183729
0.124499
0.217694
0.216424
0.195261
-0.026414
-0.0330459
0.133943
0.00513268
0.0742077
-0.0424044
-0.0786081
0.0107017
-0.0649011
-0.21135
0.100127
0.00701299
-0.00282073
0.0729615
-4.00089e-05
-0.0388039
0.0480816
-0.0803859
0.025072
0.0363092
-0.114955
-0.221601
0.158082
0.00309797
-0.0117039
0.0465307
-0.0752164
-0.20084
-0.335141
-0.479726
0.356002
-0.0923515
0.358695
-0.0578828
-0.0462563
-0.204212
-0.0717635
0.183337
-0.228136
0.0200092
0.117426
0.0672324
-0.0740683
-0.0671602
-0.0206299
0.0484371
0.0895924
-0.0103421
-0.218932
0.0182801
-0.201761
0.0226099
-0.148853
0.156106
-0.174674
0.0882438
0.189312
-0.00623655
0.0360643
0.256416
0.131378
0.109228
-0.00945087
0.0591125
-0.0164841
-0.185171
0.084193
0.130283
0.0903372
-0.0334971
0.0247768
0.117543
0.203276
0.0231662
-0.233574
0.102391
-0.0517042
-0.00937321
0.0529854
0.0410904
-0.0450361
-0.0448682
0.293182
-0.0688084
-0.000484543
-0.0398126
-0.309275
0.0288102
0.0147903
0.178989
0.0804405
0.103594
-0.0285055
0.0413445
-0.161604
-0.0531563
0.114702
0.0195422
0.0589611
0.0520219
-0.0537097
-0.138565
-0.0221929
-0.0744848
-0.237118
0.0602797
-0.202604
-0.205267
0.258844
0.153842
-0.0955194
-0.0395084
-0.0568469
0.091494
0.151695
-0.0238499
0.00333908
0.00279562
-0.20497
0.0612181
-0.279396
-0.338801
-0.0909081
0.0711686
-0.0572754
-0.156155
-0.264966
-0.202639
0.208884
-0.341938
0.185986
0.27078
-4.67531e-05
0.0906167
-0.0949657
-0.0398837
0.153642
-0.0997364
-0.0519808
-0.178927
0.10371
0.0755923
-0.49833
-0.271974
0.148834
-0.225086
0.383104
0.318411
-0.0695991
0.367924
-0.227741
0.050484
0.246279
-0.198624
-0.163913
0.0936429
0.121148
0.0393469
0.172935
0.0685172
0.0208212
0.0851406
0.00994798
0.019017
0.0487862
-0.0847925
0.244154
0.171505
-0.107482
0.00400148
-0.0107032
0.085177
-0.0781273
-0.0282288
-0.108249
-0.205798
0.0310579
0.207628
-0.02068
-0.0168837
-0.0605833
-0.114463
0.0554311
-0.132233
0.139241
0.0242436
0.0202767
0.188121
0.104642
-0.0623149
0.0338886
0.115148
0.0171777
-0.037427
0.106353
-0.161486
-0.0333216
0.0732301
0.0599497
-0.0622676
-0.0267807
-0.212338
-0.151156
-0.00410751
-0.102338
0.0563255
-0.0622825
-0.0502339
-0.0105767
0.0243596
0.0190109
-0.129122
0.0463425
0.0548393
0.158274
0.143275
-0.0405185
0.0393744
-0.0512214
-0.172703
0.0423023
-0.0709196
0.0804152
0.13421
-0.0827234
-0.0452655
-0.204214
-0.23789
-0.204901
0.138651
-0.156615
0.229503
0.245078
0.0346883
0.0600325
0.127204
-0.730227
-0.470644
0.196951
0.238799
0.091064
0.0392842
-0.102798
-0.275772
-0.0152136
0.0999457
0.149758
0.174022
0.25158
-0.130451
0.346961
0.0337637
0.00391967
-0.0482692
0.0585792
-0.0121119
0.0679786
-0.049434
0.0292324
0.0569168
-0.0662475
0.0236687
-0.109442
-0.128245
-0.0662443
0.0968716
0.191062
0.0782626
0.119775
-0.0319265
0.0143245
0.0617346
-0.0353871
-0.110072
0.0705907
0.00313073
-0.0504312
0.143507
0.0813053
-0.0599689
0.0753377
0.0270868
0.06279
-0.078074
0.0865162
0.146871
0.0486777
0.003024
0.0545269
0.0795382
-0.0787029
-0.0787379
-0.0817815
-0.115157
0.0716064
-0.109111
0.12589
-0.0159269
0.0700333
0.170408
-0.00137311
-0.0907511
-0.0410682
0.0612039
0.12055
-0.0409922
0.000914613
0.0503408
-0.00318543
-0.0241512
-0.0839669
0.0686921
0.0222818
-0.0132718
-0.109079
0.145658
-0.0235561
0.140879
-0.00155311
0.0803623
-0.00933021
0.126191
0.0524422
-0.00406721
-0.00319113
-0.131721
-0.182556
0.164146
-0.230856
0.0791768
0.103979
0.117599
0.0596243
-0.0637273
0.0292471
0.0803095
-0.0617531
-0.0626203
-0.00431228
0.0281775
0.115659
-0.00969998
0.0394171
-0.0420027
-0.113709
0.0427224
0.0947886
0.0151893
-0.0862863
0.0860486
0.158134
0.113568
0.0221517
0.0332317
0.0528659
-0.0935274
0.117953
0.0756034
-0.0866466
0.0314222
0.0206028
-0.0219322
0.00410172
0.000493612
0.018095
0.0433023
-0.119583
0.138472
0.112661
-0.00886792
0.0507908
-0.0655259
-0.0711453
0.0369284
0.00400738
0.0292762
-0.0374425
-0.0481967
0.0138855
0.0269258
0.0686566
-0.0446087
0.0421501
0.201921
-0.0464765
0.0250949
-0.142574
-0.0668431
0.189713
0.00758596
0.00369927
-0.0690094
0.00283884
-0.0245439
0.115293
0.0782323
0.0840606
0.0365935
0.0551034
0.0122436
-0.0466343
0.026909
0.0334814
-0.100388
0.0451778
-0.168318
-0.0404013
0.0167991
0.182594
0.0547636
-0.0487592
-0.0270124
0.0182548
0.0619959
-0.0301834
0.0740855
0.0354629
-0.0725791
0.00401249
0.119948
-0.0323595
0.0138209
-0.0717385
-0.0919568
0.0845562
0.0225742
-0.107702
0.0273996
0.105787
0.0417929
-0.0695401
0.0567886
0.0535664
0.086854
0.0413337
0.0401666
0.0060489
-0.0833216
-0.0244205
-0.0631306
-0.109574
0.0314698
0.0425311
0.00210428
0.30427
0.0291438
0.0889762
-0.0410637
0.159765
0.00796977
-0.0504827
0.128252
0.105433
-0.00534644
0.0635806
-0.0342105
0.00230818
0.018641
0.165745
0.0407323
-0.0869197
-0.0866793
0.221286
0.101118
-0.0327756
0.0662867
0.0164643
-0.078605
-0.0762212
-0.116905
0.0764787
0.0323857
0.0438278
0.0331145
-0.026716
0.111675
-0.127663
0.0165238
-0.127758
-0.100455
0.15821
-0.171338
0.0393014
-0.0984797
-0.0708711
0.0955497
0.0303996
-0.00562019
-0.0202783
0.0575258
0.100916
0.0301949
-0.0112528
0.023191
-0.0854367
0.0888949
-0.0177794
0.0788138
0.0251275
0.00726199
0.0548445
-0.0234679
0.00372726
0.0163334
-0.114772
-0.0106318
0.168238
0.0956115
0.0345983
-0.044995
-0.067517
0.0721768
-0.0378658
0.067225
0.02731
0.0583021
0.00536651
-0.128517
-0.124686
-0.113161
0.168876
0.0767182
-0.0694455
-0.126753
-0.0784028
0.0723282
0.0271026
0.063444
0.0811341
-0.0873762
-0.107567
0.102383
0.0976033
0.0818521
-0.0435998
-0.057449
-0.0237992
0.0565661
-0.0213064
0.0930853
0.0684958
-0.00773994
0.0109073
-0.0519007
0.0758368
-0.00425382
-0.0040124
0.0234437
0.0275942
-0.0147115
-0.029002
0.000425322
0.0478244
0.0256664
0.0873743
0.00128539
-0.107949
0.107949
-0.0632394
0.0379197
-0.0460147
0.0408291
-0.0317115
0.152378
0.000651676
-0.0085344
0.0885154
-0.100796
0.0419126
0.0191059
-0.0106263
-0.0670877
0.153423
0.0128161
-0.0400537
0.114257
-0.102051
-0.0586719
0.0615159
0.00316552
-0.103248
0.047205
-0.0306372
-0.0653356
-0.0636989
-0.0224538
-0.052026
-0.00328892
0.04159
-0.034018
-0.0299896
0.0671927
-0.0877511
0.0656746
0.0292243
0.0421823
-0.0504719
0.100185
-0.0740177
-0.0667829
0.0384524
0.0694229
-0.0376466
-0.0994452
0.0193764
-0.0974427
0.381882
0.0402489
-0.0346149
0.0911403
0.000116278
-0.0331065
0.0180373
-0.043005
0.070392
0.124329
0.192127
-0.0117085
-0.00219688
0.024645
0.104208
0.0133387
-0.00461097
0.0141872
0.0189589
0.0465515
0.000716607
0.0403227
0.105318
0.0195649
-0.0425434
-0.056241
0.0102343
-0.0538609
-0.107655
-0.00948283
-0.0191599
-0.138266
-0.0888014
-0.285368
0.289844
-0.318375
-0.131388
0.136183
-0.0426778
0.00661401
0.0133033
0.0459093
0.00372584
-0.0184962
0.0713297
-0.0293955
-0.0269585
0.00551481
0.0564397
0.135551
-0.0795436
-0.175284
0.0444331
0.121886
-0.02153
0.0720782
0.0651665
-0.00588322
-0.101215
-0.064557
-0.0150718
0.066077
0.0408606
0.0745664
0.0365037
-0.169456
-0.0806987
0.00721137
0.0266311
0.0201456
5.83342e-05
-0.0763878
-0.036098
0.269363
-0.0879604
-0.244281
0.0820035
-0.0932597
0.164926
-0.0119038
-0.00436146
0.0285637
0.0681987
0.0761429
0.0167911
0.0396804
0.0700587
-0.21814
0.050924
0.0471007
-0.0255406
0.0210246
-0.00227314
-0.0642929
0.091106
-0.071951
0.117338
0.062686
-0.0268946
0.0520746
-0.115503
0.0565081
-0.070011
0.0819118
-0.09325
-0.137914
-0.0842172
-0.00176209
-0.217008
0.0920217
-0.0159534
-0.0694671
-0.19922
0.0984702
0.168847
-0.0221
0.0959484
-0.00985249
-0.0621192
0.0551011
-0.0790182
-0.119574
-0.124172
-0.0615917
-0.00717505
0.124111
-0.181698
0.00919777
0.104635
-0.058495
0.0322699
-0.0822177
-0.0151851
0.0947304
0.0201941
0.0222644
0.0380439
0.0771684
-0.166768
0.0641516
0.0368394
0.0187943
-0.0260721
0.0882546
-0.029574
0.0195746
-0.00861778
0.150003
0.0263982
0.0800174
0.038786
-0.0124022
0.0611564
0.0140196
-0.0849146
0.0581434
0.031936
0.0699428
-0.11201
-0.147142
-0.111329
-0.0845301
-0.0339219
-0.0737362
0.00288025
-0.0568697
0.119691
0.0359211
-0.0175797
0.0133622
0.0614182
0.04331
0.00471394
-0.0399738
-0.0552754
0.0406476
-0.0402234
-0.0591157
-0.0889804
0.0354298
0.0331056
0.0219386
0.076393
0.00492908
0.0643686
-0.0141882
0.0629714
0.0888323
0.0162524
-0.0349354
-0.00314691
0.049139
-0.0030438
-0.0249468
-0.0920974
0.0624236
0.0443002
0.0453125
0.00974411
-0.088011
-0.101799
-0.00269927
-0.245814
-0.15091
-0.00930488
0.0651083
0.160069
0.0366155
-0.0741013
-0.103979
-0.0174872
-0.313227
-0.23508
0.0667826
0.00797491
0.0438621
0.237593
0.0935476
-0.0410771
-0.0625671
0.143461
0.0624852
-0.0791057
-0.115384
-0.0602153
0.0298675
-0.0535388
-0.0032221
-0.176398
-0.16308
0.152098
-0.10793
-0.0763034
0.044375
-0.0538172
0.0691688
0.0954004
0.0259202
0.117392
-0.172471
-0.137863
-0.33384
0.0631838
-0.324808
0.119418
0.180355
-0.0677425
0.011786
-0.170018
0.0897157
-0.214528
-0.276443
-0.13235
-0.12181
0.237821
0.0908894
0.00216517
0.309229
0.120662
0.00639228
0.122185
-0.0291488
-0.0627198
-0.0872302
0.0497957
0.12333
-0.0409183
0.23902
-0.0882888
-0.0457614
-0.0401797
0.0139894
0.194758
-0.107487
0.00535975
0.110696
-0.0498846
0.0187401
0.0135312
0.0731186
0.0850181
-0.136092
-0.126525
0.0813157
0.0876618
-0.0639297
-0.113756
0.208423
0.000529129
-0.0071456
0.131113
-0.109757
0.00145289
-0.0281047
-0.00228491
0.0260633
0.0447245
0.0681022
0.0195126
-0.0706934
-0.109923
-0.127806
-0.124966
0.034425
0.00610459
0.137548
0.171445
-0.00128211
0.0951187
0.0216001
-0.0386137
0.048812
-0.13106
-0.0834611
0.0675954
0.00796892
-0.0565783
0.043502
0.13995
0.054292
0.121864
-0.0282374
0.102748
-0.140222
0.0193963
0.0866619
0.0858543
0.138975
0.102716
0.0550068
0.0780295
0.02742
-0.011244
-0.108511
-0.0541302
-0.0516361
0.00213748
-0.0424011
-0.074747
-0.0522541
-0.124072
-0.122789
-0.024183
-0.24026
0.115117
-0.135696
0.123954
-0.0107693
0.0915945
-0.04427
-0.143414
0.0372777
-0.0597577
-0.197843
0.0175145
0.000710774
-0.0166657
-0.15511
0.056891
-0.080539
0.00327821
0.105227
0.00474442
-0.0637768
0.0788825
0.12232
-0.0917016
0.0184959
-0.030494
-0.0705803
0.150826
-0.0249633
-0.00446551
-0.0143573
-0.0192657
-0.0738783
0.0791054
-0.0046839
0.108421
0.0989819
-0.0738262
0.083797
0.0751908
-0.0159374
-0.0149706
-0.124027
0.0322945
-0.0149642
0.0335714
-0.0136686
0.028117
-0.097111
-0.0776288
-0.0170429
0.0872787
0.143218
0.0769821
0.00256466
-0.0311162
-0.0665738
-0.12121
0.0304321
-0.0798505
-0.0492227
-0.178772
-0.0147287
-0.0408419
0.070243
-0.0217575
-0.0481033
0.0628208
-0.168746
-0.0734029
0.0835095
0.192965
-0.0721646
0.198521
-0.0470261
-0.113725
0.00286498
-0.00441862
-0.0967307
0.0650182
0.0832336
-0.0111014
-0.0937696
0.0952482
0.0773046
0.0163637
0.0717516
0.120849
0.0246954
0.0600153
0.0480576
0.0637306
-0.022074
-0.0183391
0.0953045
-0.00312854
-0.109231
-0.00184549
-0.119792
-0.000433629
0.0775533
-0.0352132
-0.0590992
-0.231298
-0.0641148
0.0601816
0.0440313
-0.0487531
-0.0181896
0.0788218
0.221898
-0.0113518
0.100617
0.035747
-0.0107173
0.026542
0.118089
0.108664
0.0878694
0.0285062
-0.0006657
0.110029
0.00360508
-0.0607069
-0.10021
0.0794709
0.190208
0.0647738
-0.0685259
0.0815781
-0.0816712
0.0111594
0.0194682
-0.0382914
-0.110519
0.00928549
-0.101446
-0.0122975
0
0
-0.0148849
0.109357
0.0268558
-0.0256621
-0.0149319
-0.123194
-0.0680694
-0.083302
0.0639793
0.00391891
0.0983674
-0.0651185
-0.0163381
0.0132327
0.137407
0.00546225
0.100283
0.0220694
-0.0391779
0.0315356
0.0176465
0.033182
-0.0261134
-0.0800069
0.132259
-0.0381606
-0.0446431
-0.0414253
0.0173857
0.0258503
0.0500413
-0.0113129
-0.0172114
-0.120339
0.00957981
-0.00737312
-0.000535866
-0.0435958
-0.0121966
-0.10426
0.0748955
-0.150582
0.0679641
0.0446499
-0.102807
-0.0879893
-0.0576748
0.0880744
0.131442
0.0578263
0.0137372
-0.0887652
0.197894
0.0731264
-0.02903
0.0529965
-0.00741135
-0.0985495
0.0618166
-0.0768659
-0.0773343
-0.352756
-0.232837
-0.0351428
-0.392418
-0.207877
-0.0312968
0.11059
-0.039443
-0.281059
-0.395065
-0.944071
-0.0781218
-0.237662
-1.46745
0.0477959
-1.10519
-0.128373
-0.810761
0.449976
1.02055
-0.0444031
0.784439
-0.0807955
0.189284
-0.289541
-0.0405265
0.0595294
-0.280732
0.180714
-0.0848326
0.406937
0.382844
-0.0569711
0.324428
-0.053806
-0.589217
-0.203667
0.310659
-0.043426
-0.327813
0.221137
0.335515
-0.0699039
0.0998286
0.231286
0.410293
-0.125514
-0.376018
0.244133
-0.0577194
0.178014
0.0980981
-0.0902794
-0.115382
-0.1635
-0.22944
0.0700762
0.361502
-0.439852
0.147892
-0.217617
0.1322
0.118312
0.284245
0.161632
0.0804415
-0.163641
0.336911
0.2468
0.0943358
0.394355
0.110773
-0.247967
-0.265997
-0.499447
0.161818
-0.102361
0.288011
-0.042843
-0.0614508
-0.0336275
-0.170074
0.132524
-0.365083
0.100566
-0.0767963
0.0687472
-0.00480585
0.0329271
0.150582
-0.0681854
0.304497
-0.110249
-0.12165
-0.101591
0.0516711
0.103765
0.0210926
0.111191
-0.0391358
-0.0428769
-0.00735151
0.115527
-0.061253
-0.1182
-0.173513
-0.0439085
-0.0761971
-0.100757
-0.280848
-0.109357
0.147479
0.175063
0.130778
-0.127678
0.00496722
0.132157
0.214663
0.0666235
-0.0826988
-0.0993129
-0.0986455
-0.0529663
0.0287493
-0.0859062
-0.0227996
0.23553
-0.0564511
0.0629904
-0.0902364
0.110583
-0.162006
0.0109545
-0.0152855
-0.00415232
0.00956579
0.15382
-0.151565
0.154674
-0.0305925
-0.0574352
0.024247
-0.00531857
0.0977835
-0.0705502
-0.165023
-0.37372
0.0230759
-0.0873195
-0.0440425
-0.092703
0.195106
-0.132843
0.0605028
-0.0880211
0.0502022
0.190063
0.157549
-0.00602453
0.177051
0.00903498
0.0191723
-0.113993
0.0749785
-0.151901
0.0842138
-0.00988955
0.00437631
-0.0872944
-0.0397564
0.125364
-0.369645
-0.291562
-0.0938951
0.101587
0.139752
0.287355
0.00876224
0.135669
-0.104412
0.732913
0.337157
0.0411434
-0.0655428
0.0820276
0.30067
0.0580475
0.0518606
-0.0331854
-0.00119865
0.0943324
0.172701
0.0568719
-0.0238577
0.0774841
-0.175368
0.200116
0.00844044
0.0276118
0.158632
-0.0527244
-0.0274343
0.130322
-0.0616885
-0.0809353
0.0973526
0.149187
0.0878309
0.00826357
-0.0376269
-0.21138
0.188618
0.108732
0.0894378
0.0596398
0.00795154
0.0427077
0.0263231
0.258863
0.256504
-0.0204431
0.00234527
0.0736127
0.00725064
0.0909105
-0.153031
0.141165
0.0413543
0.0807123
-0.00786673
-0.0728456
-0.226681
0.0485706
-0.13415
-0.00488098
-0.0718051
0.149241
0.093619
0.0476435
0.0601648
0.081087
0.0198798
-0.071453
0.000733397
-0.055892
-0.0686869
0.174225
0.0287832
-0.00671639
-0.146226
0.0919663
0.0128699
0.100755
0.101574
0.00475386
-0.198412
0.214708
0.0293693
0.025276
-0.0291329
-0.00742628
0.16116
0.0021705
0.00159565
0.0440987
0.0340947
0.0210647
0.0377483
-0.0747517
0.0370034
-0.126131
-0.0501359
-0.0273711
0.0998475
-0.0980419
0.140317
-0.0209081
0.107195
-0.041373
0.117824
0.0278604
-0.00208996
-0.044053
-0.00849523
0.00360587
0.0108098
0.0395363
-0.000467895
0.0837776
-0.0156336
-0.241579
0.00501358
0.10025
0.106156
0.123689
0.0140477
-0.045004
0.0454331
-0.109401
0.0756603
-0.0434555
0.228464
-0.0070365
0.0624305
0.135736
-0.0741102
0.0453993
-0.0162903
0.180526
0.0179242
0.0501859
-0.139865
0.0533011
0.0790742
-0.00182982
-0.0125273
0.0415906
0.0330791
-0.0940584
0.168662
0.0465671
0.0491045
0.00082299
0.0815648
0.00973422
-0.140628
-0.025299
0.0467786
0.109526
-0.0669602
-0.00898657
-0.0506399
-0.21279
0.0439887
0.0129215
-0.0573761
0.107283
0.0301753
-0.117734
0.0290494
-0.142541
0.202549
0.00305285
0.0433019
-0.143262
0.00229748
-0.15018
0.142878
0.00884248
-0.020227
0.0199072
-0.0778164
-0.0533845
-0.214719
0.129841
0.113559
0.0305032
0.0997735
0.158612
-0.0517882
0.0465644
0.0567453
-0.118065
0.079321
0.00330567
0.0769745
0.0189257
0.0803028
0.0139876
0.0690353
0.0831103
0.00820164
0.0338637
-0.0803827
-0.0727619
0.123572
-0.219076
-0.00567949
0.090487
0.0233842
0.0605995
-0.0488168
0.0251585
-0.00631835
0.034011
0.0369239
0.0871209
-0.00767033
0.01956
0.00463205
-0.0654561
-0.0254781
-0.0765215
0.139085
0.00144777
0.00551601
-0.0341553
-0.123562
-0.168054
0.0428337
0.192414
0.151868
-0.120211
0.149607
-0.189752
0.0645282
0.0231483
0.0399046
-0.0111398
0.216393
-0.167378
-0.018023
0.022605
0.121749
0.0185401
-0.0459718
0.0705586
0.0794062
0.00251263
0.00193033
0.0728678
-0.111572
0.0320125
0.0371573
-0.0329778
-0.0494191
-0.110428
0.164685
-0.0132788
0.137589
0.039397
0.0944962
0.10723
-0.0462613
-0.0633649
0.121088
-0.121114
-0.0226229
0.0670231
-0.0112678
-0.167555
-0.312874
0.087378
-0.0143006
0.0957567
0.0393195
-0.427092
0.0706697
0.0132822
0.132642
-0.0550246
0.0210619
0.126917
0.203601
-0.0241787
-0.00858005
-0.0533243
-0.115916
-0.0192946
-0.0186082
0.159227
-0.0486501
-0.141041
0.275492
0.0938317
-0.0168015
0.0491581
-0.004365
0.0260842
-0.0514337
0.0110013
0.23467
0.0276588
-0.0227574
0.0326315
-0.121201
0.110646
0.0582506
-0.0308421
-0.0362587
0.166208
-0.0846601
-0.0420978
-0.0339778
-0.27137
-0.415859
0.106746
0.215234
0.107108
-0.0722589
0.0143219
0.155971
0.092489
-0.0581425
-0.0596639
0.0616806
0.089676
0.261271
-0.0109731
-0.0892168
-0.320916
0.123417
0.0242686
-0.162322
-0.177859
-0.225955
-0.169541
-0.0991508
-0.749049
0.396564
-0.339867
-0.734695
-0.0813418
0.101772
-0.405565
-0.368632
0.178853
0.691855
-0.19934
0.177942
0.151776
-0.063215
0.321487
0.0661111
0.0807126
-0.0319144
0.162792
-0.225096
-0.227852
0.0401689
-0.00884784
0.351436
-0.0849333
-0.12611
0.0280785
-0.0370827
-0.16901
-0.261772
-0.0461838
0.241791
-0.0986535
0.0240688
0.0695698
0.093046
-0.000889678
0.121336
0.115958
-0.128362
-0.208956
-0.102694
0.11895
0.112689
0.052327
-0.152617
0.169249
-0.106228
-0.329211
-0.0988921
-0.366343
0.0653441
0.177006
-0.159319
0.21775
0.0893454
0.231967
-0.00409319
0.0191704
0.0408408
0.18135
-0.0450072
0.186649
0.0270335
0.0305498
0.0528519
-0.105173
-0.0400626
0.0883157
0.0824107
-0.0278709
0.00820889
-0.139993
-0.404128
-0.200492
-0.11432
0.157624
-0.395568
-0.00730155
0.144471
0.0490648
-0.22576
-0.293479
0.178474
0.0878894
0.0446875
-0.197614
-0.238207
-0.0555496
0.0191899
-0.317231
-0.0609932
0.193599
0.302477
-0.118619
-0.00156882
-0.0508934
-0.141378
0.172309
0.126224
0.173659
-0.0457379
0.0596285
-0.0344569
0.107857
-0.0444955
0.113156
-0.108431
0.21527
-0.0400055
-0.0663995
0.0311589
0.0942827
-0.0316926
0.0642708
-0.0727391
0.130656
0.0869965
-0.00223454
-0.00881349
0.0545059
-0.188864
0.0037448
-0.104724
-0.195793
0.104004
0.050183
-0.0367941
-0.134059
-0.116037
-0.0879806
0.0298499
-0.30938
0.284027
-0.14211
-0.0207536
0.20879
0.116777
0.0751198
0.240973
-0.124099
-0.0971033
-0.0281834
-0.150524
0.0338438
-0.18517
0.000627029
-0.131735
-0.365706
-0.0378168
-0.0332766
-0.0561655
-0.18521
0.166765
0.0965255
0.348094
-0.0614103
-0.0392244
-0.109638
-0.0310011
-0.102811
-0.128323
0.21598
0.0245043
0.143735
0.0250615
-0.0487127
0.0454224
-0.0740292
0.162239
0.150538
0.083679
0.15547
0.0146863
0.042472
0.0750557
-0.0704118
0.466134
0.154515
0.0604283
-0.0428941
0.104155
0.0803217
0.00608477
0.0582572
-0.116416
-0.0374708
0.156988
-0.0471434
0.122784
-0.0123772
0.0319585
0.0336626
-0.180671
0.0499875
0.0205689
-0.0583785
-0.0161366
0.0131169
-0.0637828
-0.0940393
-0.0032902
0.0189039
-0.0981634
0.0426463
-0.0259799
-0.19591
-0.0664599
0.0245178
-0.0183419
0.188143
-0.00503435
0.0680535
0.0171559
-0.0686408
0.0436452
-0.032668
0.106013
0.120266
0.0452703
0.0927991
0.0922209
-0.00342311
-0.0912037
0.0254179
0.120111
0.00334378
0.0283165
-0.0147097
0.142303
-0.187751
0.0540039
0.0666455
0.0285471
0.00603588
0.016977
0.107104
-0.0474635
0.0801141
-0.0160308
0.0217625
-0.0183294
-0.0739534
0.098395
0.138045
0.115926
-0.0895254
-0.0174664
0.0593949
0.0277492
0.0943639
-0.0139492
-0.0159167
-0.00713638
-0.0825088
0.0211959
-0.0313478
0.118574
0.142363
-0.120168
0.0562224
0.0431752
0.0194739
-0.0248147
0.0539828
-0.147726
-0.170265
-0.416757
0.165549
-0.650966
-0.00314492
-0.0728635
0.0520631
0.274463
-0.140247
-0.0647325
-0.446855
0.0911661
0.0361371
0.190001
0.30624
-0.030302
0.0808392
-0.113015
-0.0923564
0.081629
0.114064
-0.0196024
-0.000619976
0.0993244
-9.20806e-05
0.0547608
-0.0415099
-0.0204358
-0.00510011
0.0158448
-0.0752712
0.00398719
0.0598328
0.00988628
-0.22619
-0.0159901
-0.0727326
0.185902
0.132662
-0.0840063
-0.115214
-0.0455733
-0.0128343
-0.00220363
-0.142212
0.0266619
0.0429684
0.0263823
0.0834065
-0.0123034
-0.209551
-0.121805
0.0296602
-0.0260249
-0.0675
-0.0594755
0.0639505
0.245482
0.00777206
-0.0416382
0.0343441
0.069349
0.00161368
0.033039
0.0432654
0.0818634
-0.0811412
-0.000910511
-0.0866254
-0.0564074
-0.0301443
-0.12392
-0.114999
0.0664606
0.0171142
0.0517809
0.0425504
0.139643
0.0741796
0.0862429
-0.150633
-0.182626
0.0442447
-0.0425678
0.0283665
0.159642
0.019347
-0.0162464
-0.0155441
0.0357059
0.0595837
0.0449324
0.0360501
0.0559069
0.0340241
-0.0793527
0.0296218
-0.0336029
0.0972993
-0.0555766
-0.144314
0.0363291
0.0209593
0.0199487
-0.12203
0.0508253
-0.0355884
-0.0797853
0.00374873
-0.0758831
0.0518095
-0.0481616
-0.0268463
-0.00628951
0.0741629
-0.12801
-0.0145979
0.0156306
0.0917393
0.0814587
0.0490699
-0.0456135
0.052712
0.026205
0.0445042
-0.0554251
-0.113118
0.0119358
0.0179246
0.0474213
-0.0589224
0.138089
-0.0216573
-0.0652863
0.0500353
0.10733
-0.154456
-0.0121803
-0.0666368
-0.068656
0.02202
0.0908984
0.0515193
-0.127381
-0.109742
-0.0430482
0.0350615
0.0919606
-0.0922841
0.189027
0.0603512
-0.00981746
-0.0597117
0.0350466
-0.0353326
-0.13296
-0.0756616
-0.156522
-0.0316204
0.0206075
-0.0218639
-0.0125719
0.129981
0.0823334
-0.0391947
0.197709
0.163042
0.0418722
-0.121115
0.00562915
0.122703
0.00502677
0.0767417
0.0967016
0.078867
-0.0719976
0.037545
0.00836491
-0.074123
-6.14864e-05
-0.00433575
0.007133
-0.0197512
0.0623814
0.0357427
0.0350988
0.0783966
-0.0119468
0.000181118
-0.0189446
-0.0494794
0.0954945
-0.049524
-0.0189873
-0.00372901
0.175208
0.0453362
-0.0208737
0.0532411
0.0451332
0.00864937
0.0208571
0.0903276
-0.071564
0.0610599
-0.067037
-0.10145
0.125308
0.0289333
-0.0132154
0.00245186
-0.014574
-0.0679512
0.00111817
0.034484
-0.0780672
-0.169252
0.0486934
0.00328964
0.0794591
0.0395236
0.137509
0.0195654
0.0510042
-0.0249474
0.0232977
0.00428273
-0.017113
-0.0284124
-0.0605471
0.0158354
-0.136531
-0.0295199
-0.0299348
0.083811
-0.0558652
-0.00617704
0.0172742
0.102172
-0.0385275
0.00447799
0.0280596
0.0253154
-0.0837586
-0.0262987
0.0608933
-0.0231088
-0.120532
0.0905352
-0.0201471
-0.00376727
0.0589859
-0.0131337
-0.0220562
-0.0754644
0.0323649
0.111328
-0.0214536
0.0462636
0.0560868
0.0714208
8.68585e-05
0.0860238
0.0448223
-0.00880538
0.00800522
0.0692628
0.0349897
0.0037891
0.0393049
0.0586272
-0.014933
0.0718545
-0.0178037
-0.0579488
-0.0573274
0.028114
-0.0439241
-0.118922
0.0301769
0.0863147
-0.00390085
0.0484828
0.074786
-0.00164778
-0.0500934
-0.0396587
0.0452433
-0.0111161
0.0837118
0.00169885
0.0656439
0.0860283
-0.0306297
0.101173
0.0404991
0.000162752
0.0963173
-0.0278981
-0.0113483
0.114694
0.0361964
0.030267
-0.044118
0.0241271
-0.0554354
-0.0853619
-0.014087
-0.159977
0.00169795
0.0996991
0.0331575
-0.158274
0.0144302
0.0660411
-0.0361497
-0.0173984
-0.108573
0.134769
-0.159683
-0.194589
0.0701743
0.0846286
0.0175632
0.0966146
-0.10858
0.0751706
-0.0169265
-0.0414134
0.00980715
0.0229938
0.107607
0.0316886
0.0553641
0.0855471
-0.00924447
-0.00169889
-0.15656
0.0444989
0.0516302
0.0560608
-0.0591815
-0.00336603
-0.0228048
0.00805149
-0.0162729
0.0399816
-0.00176332
-0.0193084
-0.0259661
0.00686553
-0.0238043
0.108391
-0.00518639
-0.153672
-0.327536
-0.239465
0.0713539
0.242399
-0.0248517
0.0475643
0.0186823
-0.00504583
0.0877142
0.0887148
-0.00702749
0.106589
-0.0750449
0.0665311
-0.0259408
0.0983762
0.0138127
0.00676396
0.00794857
0.0157703
0.0643082
0.0157784
-0.228316
-0.066852
0.047993
-0.17512
0.0930208
-0.107635
-0.0654228
0.083303
0.0562533
-0.0216177
0.0148707
0.0125464
0.130029
-0.100668
-0.0595327
-0.0108294
0.00417725
0.0724062
0.082912
0.0198276
-0.106638
-0.00907411
-0.0817048
0.0711818
0.00875148
-0.100688
0.0966455
-0.0185997
0.0292284
-0.046612
-0.0223431
0.0649153
-0.00636736
0.0453964
-0.0741276
-0.0481346
-0.0717819
-0.022596
0.0937918
0.0595184
-0.0342376
-0.130319
-0.0538999
0.00549944
0.0117541
0.0730465
-0.120687
0.125125
-0.0283248
0.0506579
-0.187585
-0.116875
0.219237
0.050636
0.0404707
-0.184107
-0.00821984
0.0642653
0.0221041
0.0293399
-0.0703846
-0.0337104
0.0631141
0.0303629
-0.0106858
0.0368997
-0.0141566
0.0878857
0.0247537
0.0703496
0.0536107
-0.00441064
0.0295417
0.028276
-0.0681352
-0.0919744
0.0340934
-0.037994
0.00295346
0.0497155
0.0636926
0.0892034
-0.0170224
-0.0162296
0.0750698
-0.0828519
-0.0247839
0.023468
0.0109055
0.0290143
0.0343745
0.140971
-0.00359613
0.146391
0.0546842
-0.00147332
-0.0168533
0.105627
0.0277352
-0.0569075
-0.0744515
0.0650837
0.0842037
0.0318021
-0.191028
-0.00340314
0.00224251
0.33517
-0.104059
0.0768284
0.0679637
0.0730803
0.15474
0.140953
0.0574513
0.0939957
-0.197514
-0.092875
0.0528206
0.0804879
0.0657625
0.291297
-0.0448526
-0.150713
0.0208315
-0.237455
0.437854
0.207854
