0.370947
0.118192
-0.035186
0.00315379
-0.107386
-0.0132641
-0.0172899
-0.0382351
-0.377644
-0.182368
-0.0240577
-0.0634417
-0.204252
-0.0431942
0.0578279
0.158319
0.268101
-0.0726613
0.290283
-0.16516
0.0324194
-0.219863
0.133813
0.119675
0.00382829
0.0505218
0.0539525
-0.225589
-0.00127379
-0.220131
-0.0585542
-0.0462799
-0.224849
-0.152796
0.152628
-0.243175
-0.0852876
-0.163477
-0.097493
0.0416707
0.0498121
-0.520325
-0.278849
0.113762
-0.204128
-0.161786
0.167389
0.400488
0.188377
0.14339
-0.0556891
0.272936
-0.0397218
-0.0149438
-0.0518881
0.111939
0.262009
-0.0270031
0.0437505
0.14802
-0.178803
-0.296198
0.280085
0.136873
0.323505
-0.125074
-0.0455589
-0.194304
0.0291276
0.203931
0.0836493
0.141721
0.137233
0.261198
-0.353303
0.146815
0.104224
0.00777054
0.261333
-0.112088
-0.0684856
0.155796
0.0121404
0.20331
-0.120362
0.276797
0.23737
0.250932
-0.192555
-0.175235
-0.162726
-0.190256
0.135354
0.218702
0.140879
0.139634
-0.247879
0.0401358
0.0499082
-0.045308
0.0912271
-0.100624
0.0373396
0.0972388
-0.0321321
-0.0884518
-0.0170478
0.0404895
-0.122501
0.0508924
0.0374188
-0.0221626
0.0505577
-0.300133
-0.0668738
-0.156307
0.0820693
0.0848558
-0.249827
0.0920093
0.250692
-0.00332339
-0.0117151
0.120562
-0.0332292
0.20951
-0.17476
0.0137782
-0.152465
-0.0757596
-0.172983
0.041178
-0.0226294
0.148316
0.159832
0.27548
0.0108475
-0.00691035
0.10615
0.0276059
0.0684478
0.071206
-0.0253491
0.00697508
-0.13256
0.0548102
0.162419
0.0649829
0.0397064
0.0334645
-0.0541492
0.241979
0.116853
0.183726
-0.140626
0.0482392
0.0274549
-0.0234967
-0.197116
0.137136
0.0115829
0.200992
0.194866
0.170997
0.0812468
-0.0608523
-0.10176
0.0746831
-0.120667
-0.13962
-0.179287
0.139158
0.142555
0.176393
0.0989624
0.101427
0.0168253
0.0324271
-0.0836442
0.128729
0.122134
0.0160659
-0.0189861
-0.0288078
-0.0547587
0.0504645
-0.0817805
-0.0342973
0.112063
0.00236902
-0.0207379
-0.138751
-0.145503
0.123573
0.325273
-0.0780681
0.138867
0.0185881
0.0479803
-0.107008
0.204334
0.000386946
-0.0242129
0.111051
-0.086064
-0.0254135
-0.0836685
-0.0360902
-0.214626
-0.203439
-0.295265
0.284658
-0.197517
0.0195819
-0.195099
0.210771
0.0743118
0.0520741
0.213962
-0.0765714
0.0510993
0.0118978
0.102419
0.114445
-0.0326725
-0.0063731
-0.158972
-0.00865353
0.153678
-0.0755448
0.00235695
-0.312931
0.124592
-0.145674
0.280064
0.106099
0.0337978
0.0541078
-0.0196345
-0.0966827
-0.156348
0.052643
0.0152485
0.0780103
0.00757633
0.0750932
-0.147381
-0.152236
0.119742
0.0261077
0.00184789
0.0036546
0.102307
0.0390718
-0.0606364
0.00382296
0.206289
0.0923966
0.0334092
-0.0221704
0.0037049
-0.0223274
-0.0808017
0.0391428
-0.0145342
-0.136734
0.0639007
-0.0209801
-0.12117
-0.129657
-0.0340721
-0.00270655
0.0857276
-0.011142
-0.028754
0.0748845
0.128935
0.0369728
-0.0687448
-0.299989
-0.257388
0.0401697
0.0458121
0.113764
0.0531201
0.0312496
-0.0475643
0.10432
0.149793
0.0221416
0.0369392
-0.0262635
-0.0724925
0.0480288
-0.137283
0.137005
0.112846
0.0602097
0.131191
-0.0370978
0.108088
-0.0391415
0.021048
0.106289
-0.0786637
0.0448959
-0.0629721
0.0869028
0.12856
-0.0404852
-0.05882
-0.0183172
0.0563612
0.00135874
0.0841825
-0.0569336
0.0318282
-0.0348773
-0.0288807
0.120474
0.0598824
0.00111243
-0.105637
0.127527
0.044078
-0.0214979
0.0284573
-0.00567025
-0.102916
-0.0724516
0.0490183
-0.0756659
-0.113082
0.0500467
0.0458078
-0.339239
-0.242391
0.219035
-0.00273294
0.0446874
-0.268734
-0.234453
-0.187503
-0.442725
0.895501
-0.113904
0.226249
-0.0217134
-0.352022
-0.0331544
0.187524
-0.213058
-0.192397
0.0383093
0.0283446
-0.307109
0.240288
0.342331
-0.0365916
-0.0291825
0.0513482
-0.00709903
0.0809135
-0.222234
-0.0727844
-0.0881133
0.144462
0.153981
0.00215134
0.138613
0.0442133
0.0178774
0.0379579
0.0220494
0.0823432
-0.0535583
-0.166506
-0.155716
-0.0577853
0.0828374
-0.328158
0.0169847
-0.21349
0.00500705
-0.0329556
0.252955
0.110426
0.164953
0.0274867
0.0304884
0.184462
0.0232615
-0.10791
-0.211843
-0.0459143
-0.0586526
0.142077
0.199791
0.0186122
0.10195
0.100921
-0.0484076
-0.0282512
-0.0815007
0.243505
0.0370337
-0.00424978
-0.0066874
-0.141243
0.0827994
-0.036277
-0.260136
0.0398655
-0.0809364
-0.0655481
0.196005
-0.022779
-0.154534
-0.0883409
0.068111
-0.135047
-0.0492186
0.092925
0.0851419
-0.0268643
-0.0141103
0.297864
0.0236709
0.0479587
0.0402333
-0.0836615
0.0670868
0.0836088
-0.0300747
0.158636
-0.00751007
-0.0204898
-0.0702285
-0.0623534
0.126204
0.00952714
-0.112638
-0.0185403
0.120728
-0.014925
0.0221871
-0.00311168
-0.049919
-0.0400069
-0.0800672
0.143986
0.0672253
-0.0360712
0.0717458
0.0468631
-0.0543389
0.187335
-0.0280127
-0.0155214
0.0510209
-0.0233398
0.0116954
0.0839766
-0.000928797
0.0263814
-0.0218868
-0.0746632
0.0175324
0.00623545
0.0347278
0.0308259
-0.122564
0.173312
-0.0901331
-0.00994504
0.0721097
-0.113823
-0.153136
-0.0253776
0.111605
-0.176233
0.0642091
0.172419
-0.0206166
-0.0816076
-0.226117
0.0280539
0.0381673
-0.083417
-0.229292
-0.0604681
0.235462
0.198191
-0.00844771
-0.0136997
0.0506487
-0.0275843
0.0265556
0.013708
0.0336951
-0.004476
-0.0481487
-0.0300103
-0.0713006
0.0700769
0.0616107
0.00159622
0.0169346
-0.0382004
-0.109708
-0.0188072
0.0735625
-0.0798909
-0.0466991
0.204366
0.0606855
-0.0617114
-0.0233213
-0.0775825
-0.193637
0.0954653
0.17941
0.0238825
-0.0432815
0.000419629
0.138014
-0.064432
-0.0552116
0.105072
0.031563
-0.00559808
0.0324928
0.0324996
-0.116952
-0.0317455
0.169212
0.0187994
-0.0144408
0.0277465
0.118558
0.00909855
-0.0257395
-0.0644735
0.0413581
0.0435729
0.0193172
0.0905155
0.0550086
-0.0571136
-0.143933
-0.0453587
-0.0895851
-0.0497267
0.0986873
0.0543755
0.0205913
-0.0862642
0.00984876
0.0351533
-0.0792695
0.0114107
-0.0282895
-0.035231
-0.0531369
-0.0218555
-0.310244
-0.167128
0.136795
0.0369569
0.231944
-0.0657553
0.0778511
0.0952267
0.00376468
0.00714899
0.0399401
0.056186
-0.0829703
0.103401
0.0651444
-0.0340756
0.0498347
0.00210179
0.0366916
-0.00367413
-0.0974515
0.0899153
-0.0893216
0.0608903
-0.134257
0.0639004
0.121306
0.00865582
0.0750566
0.00927443
0.057238
0.00643191
-0.00032511
-0.0669808
-0.177952
-0.0279147
0.031616
-0.028127
0.139997
-0.0490098
0.0100343
0.0208083
0.000219962
-0.114334
0.0150438
0.0598026
0.00364303
-0.190395
0.0328325
-0.0185182
-0.0568533
0.000790801
-0.0203548
0.140393
-0.0925124
-0.167106
0.0376558
-0.0441111
0.019773
-0.0900962
0.0649724
-0.160549
-0.0131784
0.0754144
-0.106817
-0.0624745
0.0744472
-0.0812427
0.140195
-0.0885394
-0.176083
0.00330166
-0.0351011
-0.0481302
0.2161
0.0962802
0.0418159
0.0637057
-0.108087
-0.0890842
0.0930882
-0.159212
-0.264332
-0.121444
0.111059
-0.0986713
-0.0100891
-0.219541
0.0776718
0.216476
0.19952
0.0687515
-0.0663563
-0.0348259
-0.144348
-0.0200129
-0.118783
-0.209854
-0.196227
-0.169949
-0.298774
-0.207933
-0.383159
0.276109
-0.296645
0.25134
0.53539
0.0593037
-0.130393
0.0346097
-0.466423
-0.155716
0.100218
-0.00719868
0.285117
-0.0869995
-0.0475617
0.144691
0.0453887
0.246727
-0.00467506
-0.210014
-0.471593
-0.0358144
0.275843
0.0912875
-0.329616
-0.310802
0.0827541
0.128061
0.200247
0.080223
-0.260792
0.150465
-0.0793677
-0.549249
0.0923429
0.198572
0.434663
-0.0648017
0.109374
-0.148335
-0.16339
-0.280027
0.342595
0.213265
-0.041657
0.154043
-0.0687301
0.126323
-0.0553453
0.104078
-0.152124
-0.151994
-0.0132513
-0.177413
0.198944
0.106129
-0.130143
-0.00468782
0.403483
-0.0957053
-0.277393
-0.380565
0.055206
0.244205
-0.189734
-0.00552503
0.102983
-0.120828
-0.0639452
0.279359
-0.158335
-0.101807
-0.0261479
-0.109544
-0.114624
-0.316239
-0.0395874
-0.118567
-0.0367749
0.0242366
0.447883
-0.00831646
0.326993
-0.103575
0.118992
0.191874
-0.149119
-0.00656959
-0.196089
0.166207
-0.233599
0.00851657
-0.225534
0.0734632
0.010187
-0.0178341
0.247511
-0.11677
0.0687061
0.0691622
-0.0010709
-0.0519302
0.114338
0.0786895
0.147225
0.150821
-0.118758
-0.114795
-0.0173263
-0.052784
0.215079
0.0599837
-0.0135586
-0.056677
0.018615
0.133608
-0.0103857
0.188089
0.0111472
0.0303303
-0.0586093
0.00756712
0.258641
-0.0643264
-0.182702
0.044143
0.25912
0.0325777
0.141851
-0.0706741
-0.00913739
-0.0264537
-0.042146
-0.17706
0.121725
-0.1056
-0.0079248
0.114144
0.0994051
0.102637
-0.0751407
-0.123669
-0.0257972
0.0402624
-0.037023
0.0544683
0.04258
0.0560412
0.0316716
-0.0596748
-0.322191
0.135153
0.135288
0.0502157
-0.00359414
0.169742
0.0362683
0.0660029
0.0939692
0.0345119
-0.0945367
-0.0269928
-0.0956982
0.0645277
0.103385
-0.0549205
-0.114499
-0.114519
0.119382
0.130298
-0.0843203
-0.314608
-0.0386168
-0.178129
0.09199
0.133194
-0.154341
0.0432757
0.229075
-0.144498
-0.092752
0.0392076
-0.247483
0.058331
0.175297
-0.149562
0.0496525
-0.0562614
0.00923303
-0.0703675
-0.129446
0.0628917
-0.0450928
-0.0490464
0.125415
-0.0129012
-0.230991
-0.148006
0.00294747
-0.108053
-0.035234
0.0955935
0.229508
-0.250113
0.114726
0.0275925
-0.00840197
0.0589947
-0.115157
-0.0582948
-0.190671
-0.0232498
0.0253917
0.240411
0.000570204
-0.0225002
-0.0091954
0.0315055
-0.0534084
0.0480851
0.0736085
-0.0395315
0.184864
0.0110638
-0.0431156
-0.0783241
-0.0894236
-0.00569573
0.157192
0.0300537
0.373093
0.118258
0.0579914
-0.0154934
-0.0925314
-0.140897
-0.0780337
0.101971
-0.00216552
-0.083458
0.10158
0.0268068
0.015933
0.147526
0.132046
-0.190324
-0.284381
-0.0468913
0.0128562
0.295277
0.188575
0.124
-0.17893
0.063189
-0.210387
0.275567
0.137877
0.0586407
-0.0405936
0.0491858
-0.0340292
-0.028967
0.0564463
0.00527422
0.0785281
0.0818924
-0.0389088
0.0354349
-0.0820898
-0.0874516
0.00817133
0.0901634
-0.0840818
-0.00140312
-0.103565
0.0778058
0.0881979
-0.0787808
-0.00732838
0.21759
0.0786791
-0.0202545
0.024805
0.0891856
-0.0531026
0.18387
0.0115243
-0.101751
0.0109355
0.0300517
0.0549422
-0.0519338
-0.0405259
-0.184281
0.0103459
-0.145025
0.121784
0.0193784
0.00456883
-0.000913598
0.117786
-0.120735
-0.0845189
-0.0999964
0.0581827
-0.0430877
0.0408157
0.0984834
0.0778627
-0.0427993
-0.0918913
-0.038416
-0.120611
0.0544338
-0.0277319
0.0714207
-0.064332
0.112363
-0.059421
0.0785356
0.0518776
-0.0976291
0.0921283
-0.145997
-0.0192214
-0.0129338
-0.00589999
0.0184948
-0.086703
-0.0642871
-0.101884
0.231406
0.051681
0.0341238
0.0763031
0.0646044
-0.0326457
0.0177292
-0.00216245
0.193914
-0.0595282
0.0140241
0.00999349
-0.0128623
-0.0930672
0.0290013
-0.00383723
0.0339886
0.0286665
0.0170868
0.0621997
0.024707
0.0666637
0.0815099
-0.0338884
-0.0286905
-0.0315984
0.0383967
-0.0826975
0.0386073
0.158125
0.00627966
-0.00210603
-0.0525956
-0.0219968
0.0350519
-0.00446958
-0.033866
-0.0217314
0.0321393
0.0201845
0.111102
0.0279183
0.0309816
0.00910322
-0.0559666
0.0727779
0.064708
0.0162477
-0.010803
-0.0481331
-0.154649
0.156134
-0.212315
0.0494738
-0.0613713
-0.039988
0.0506085
-0.0308547
0.0806922
0.0626204
0.0516764
-0.0452466
-0.0596044
0.141254
0.00602165
-0.192482
0.163945
0.0316639
-0.190907
0.132983
0.0975484
-0.0873344
-0.0193762
0.190086
-0.00606202
0.0513144
0.114959
0.0023169
-0.0215185
0.017378
0.0592835
-0.0722476
-0.0368551
-0.0826635
0.0766669
-0.0154089
0.023658
-0.0934667
-0.00570451
-0.0597843
0.0539608
0.132328
-0.151327
-0.0319378
-0.137111
0.00310499
0.0552956
0.252339
0.0503268
-0.0831144
-0.0841194
-0.0730583
-0.181891
-0.00146348
0.101852
0.13113
0.204229
0.0626204
-0.0249785
-0.155294
0.135206
-0.00843248
0.0659088
0.132383
0.000778797
0.0736737
0.0738658
-0.0208135
-0.00435839
-0.0375093
0.0186621
0.0142303
-0.00366568
0.0175098
0.0305868
-0.0213315
0.0431273
-0.151692
-0.0162036
0.0482744
0.0524419
-0.157488
-0.00398498
-0.13195
-0.0533246
0.0384042
-0.136444
-0.0572999
0.108938
-0.0430575
-0.11456
-0.0452602
0.0295627
0.0823981
0.0911454
-0.0145352
-0.00351298
-0.308207
-0.108466
-0.235395
0.099741
0.219631
0.0518254
-0.077958
0.0237238
-0.0480595
-0.0282943
0.217488
-0.112385
0.166984
0.080691
0.0328302
0.0983037
-0.0278688
0.0563785
-0.0841346
0.0468625
0.0600441
-0.00316912
-0.0560781
-0.0274344
0.142092
-0.0828714
-0.0179453
-0.0567734
0.0452852
0.100857
0.203461
0.156239
0.022943
-0.0749584
0.011065
0.201669
0.0097994
0.0380729
0.0493391
-0.00897194
-0.0668002
0.0456101
-0.0847839
-0.120294
-0.0570581
0.099441
0.0367545
-0.0671077
-0.261421
0.00170461
0.0603263
-0.154776
0.133908
-0.00834463
-0.0317065
0.0651906
0.054375
0.00494186
0.136993
0.0709358
-0.00631057
0.026864
0.0958693
-0.0395819
0.0701461
0.0357517
-0.0164497
-0.0516379
0.00726166
-0.00573805
0.0162493
-0.0314249
-0.0565794
0.096278
-0.0343775
-0.0829771
0.0578006
-0.0170095
-0.0649946
-0.00222278
0.192647
-0.0443435
0.00674527
0.144508
0.0668303
-0.0442029
0.0512863
0.0284557
0.0190975
-0.0428567
0.0324006
-0.0694451
-0.0228276
0.0852155
-0.0742462
0.0760368
-0.0540996
0.0501048
-0.0256944
0.12601
-0.0691912
-0.0574056
0.0658148
-0.0590827
-0.0643303
0.0614653
-0.0658777
-0.00851746
-0.0546143
-0.0231422
-0.0220014
-0.0211698
0.0664184
-0.0137877
0.0495331
-0.0112265
0.0149194
-0.0446152
-0.187642
-0.0577784
-0.0814765
0.0865669
0.0339537
-0.0326277
-0.0447137
-0.050014
-0.0452856
0.116909
-0.0802733
0.117987
0.158575
0.106184
0.0622174
0.0409194
0.0743242
-0.0196012
0.0290796
-0.149444
0.0813912
-0.0380545
0.0641226
0.0724128
-0.0136826
0.0210451
0.0326226
-0.0125398
0.0582835
0.0230297
0.0146614
-0.0162805
-0.0185374
-0.0218907
-0.00138882
-0.212337
-0.0391432
0.0827859
-0.0748339
0.0589733
-0.0232156
-0.164036
0.0124386
-0.00151008
0.165136
0.0506534
0.0141165
0.101728
0.0547198
0.00665436
0.0526394
0.041565
-0.0107099
0.0613262
0.00439223
0.0447107
0.083507
-0.0100222
0.0462157
0.0581134
0.0755207
-0.214397
0.227079
0.0233535
0.0481771
-0.117462
0.0135008
0.0324631
-0.0615594
-0.162418
-0.103663
0.125801
0.135736
0.0083071
-0.0206182
0.0250934
-0.104553
0.0935563
0.0446588
0.0166917
0.0697577
0.0265853
0.0689643
-0.00422097
-0.00997237
0.00705156
-0.0695572
-0.0946102
0.0228591
-0.052502
-0.0954719
0.0157416
-0.056484
0.167923
0.0441788
0.105818
-0.0623454
0.010615
-0.07509
0.00650164
0.0268308
-0.0853041
0.0189477
-0.0213429
0.00145665
0.0597337
0.117612
-0.00289409
0.0623711
-0.0226901
0.00357941
-0.145181
-0.0446045
0.0232771
-3.22023e-05
0.0420964
0.0313765
0.00511336
0.0501955
0.0265415
0.0249532
0.00075902
-0.00946024
0.0046205
-0.0570511
0.00111367
0.0298955
0.0606278
0.0160048
0.0297989
-0.0248262
-0.0322718
-0.0509197
-0.0318098
0.054216
-0.0258651
0.0696766
-0.0209184
-0.0539964
-0.0116291
-0.095866
0.0430793
0.00319552
-0.00853432
0.0783883
0.0458049
0.0978681
-0.0542843
-0.0643552
-0.110299
0.00831638
-0.0978987
-0.0262517
0.0962633
-0.0114527
0.137904
-0.106113
0.0125988
-0.0172715
0.12714
0.0416036
0.058156
-0.0888294
-0.0148819
-0.0234262
-0.0965933
-0.083843
-0.124205
0.00640215
0.0169003
-0.0335021
-0.00461287
-0.065661
0.125658
-0.0104141
0.103044
0.0221157
-0.0108747
0.128642
0.0546701
-0.0557507
0.0791121
-0.0255425
0.07364
0.0536746
0.0196762
-0.0421751
-0.0120201
-0.0377506
-0.00883847
0.0279042
0.112551
-0.00822597
-0.0358385
-0.0575726
-0.0190135
-0.0275489
-0.00838036
0.0295205
-0.0462392
0.050198
0.0776646
0.0378931
0.000124207
-0.0968205
0.0573381
-0.0338817
0.0299529
-0.025731
0.0721226
-0.0709971
-0.210956
0.120226
0.00293358
-0.154372
-0.0708443
-0.0236729
-0.165358
-0.0741072
-0.0137865
-0.336538
-0.0959804
0.341101
-0.0603236
0.204926
0.099456
0.0315009
0.0208157
-0.0494428
0.154516
0.0233145
0.0100348
0.116092
-0.105875
-0.0382947
0.152655
0.0128405
-0.0611877
0.0682651
0.0312512
-0.11527
0.0691631
0.00322587
0.0234669
0.094602
0.0343159
-0.0554945
0.130639
0.0266087
0.0618641
-0.00052085
0.0624918
0.011077
-0.0325965
0.0204538
0.0387807
-0.0862757
0.203912
-0.0330913
-0.213287
0.000829584
0.0220356
-0.263216
-0.175936
0.179366
-0.0267165
0.245523
0.0921366
0.0145988
0.109736
-0.0389345
0.0251286
-0.117485
0.0269749
-0.0111164
-0.226397
-0.055983
0.0112467
0.276038
-0.107267
0.0300945
0.157321
-0.108178
0.135666
0.148437
0.0814279
0.0209444
0.0554726
0.101703
0.136925
0.128571
-0.0541186
0.02944
0.020255
-0.0510829
0.0232287
0.0521737
0.024597
-0.0241472
-0.0203457
-0.108731
0.0914765
-0.0168886
0.0817765
0.0241654
-0.0368455
0.0313902
0.0620137
0.0807395
-0.000744861
0.0917783
0.0236999
0.0143891
0.113081
0.00161545
-0.00282721
-0.125031
0.0947437
0.0786171
0.00321545
-0.0508446
-0.119707
0.1362
-0.00968268
0.0326415
0.112419
-0.0921891
-0.0213296
0.0172334
0.0838655
-0.0378324
0.0367967
-0.0540042
-0.112779
0.0261059
0.134009
-0.0990297
0.0449894
0.081667
0.17288
-0.0209121
0.10534
0.0875623
-0.00760714
-0.0356282
0.0158276
-0.0917931
-0.193442
0.107177
0.00543461
-0.0893921
-0.021133
0.0365127
0.115459
-0.109881
-0.263336
-0.0792944
-0.00451904
-0.198887
-0.0311579
-0.0104262
0.186822
0.0935149
-0.0452041
-0.0345229
0.0599363
-0.0159098
0.0318758
0.150525
0.0277831
0.0265898
0.0101488
-0.0521819
-0.0846538
0.124055
-0.019881
-0.120501
-0.022216
-0.0293369
0.0868133
-0.080094
-0.123674
-0.0682392
-0.0332146
0.148154
0.0226559
-0.110382
-0.162586
0.0504158
-0.0663246
0.0464231
0.0138293
0.248675
0.175756
-0.0664476
-0.023065
0.0218821
-0.26798
-0.128938
0.184018
-0.046302
-0.0895209
-0.154586
-0.159628
0.063689
0.242866
0.235094
0.200102
0.0196666
0.0831145
0.128201
-0.00552744
0.0384462
-0.069085
-0.0433364
-0.00975229
-0.0785747
-0.19064
0.0485664
-5.37723e-05
0.0200639
0.0955747
0.0970653
0.0049207
0.0787168
0.0266659
-0.116359
0.03137
-0.15379
-0.307849
0.0963688
-0.0663078
-0.00279638
0.0248385
-0.161855
-0.14958
-0.305958
-0.512255
0.380146
-0.136327
0.287154
0.0511515
0.00517009
-0.220216
0.0668131
0.129871
-0.164354
0.0379429
0.115552
0.126055
-0.0845623
-0.0910474
-0.0616602
0.0300743
0.164012
-0.037398
-0.141143
0.0817218
-0.295555
0.0262651
-0.170848
0.241155
-0.181087
-0.0638887
0.14377
-0.051891
0.0471956
0.280917
0.0259104
-0.0205311
-0.011169
0.0191599
-0.0635809
-0.0715808
-0.0576655
0.0667
0.076159
0.0402329
-0.0157709
-0.0199675
0.102041
0.169596
0.0127988
-0.0350582
0.185172
0.0213776
0.0366763
0.0663866
-0.0397569
-0.000249324
-0.0262693
0.135047
-0.0697099
-0.0300409
0.117547
-0.127876
-0.0168043
0.0808781
0.170868
-0.0316057
0.0499918
0.00210684
-0.0269903
-0.0548264
0.098197
0.117995
0.000213177
0.0215607
-0.0447436
-0.0298514
-0.230966
-0.0176431
0.0707134
-0.137672
-0.0877217
-0.0206886
-0.110842
-0.129819
0.252392
0.0924478
0.166334
-0.0745956
-0.0951129
0.00135566
0.204793
0.00596107
-0.00897006
0.173761
-0.0508344
-0.090715
-0.15664
0.0284815
-0.108686
-0.175818
-0.161061
0.00045792
0.0693043
0.0274177
-0.209341
-0.207078
-0.132216
0.127132
-0.291969
0.213047
0.279441
-0.0430949
0.112572
-0.040253
-0.15056
0.222905
0.00662389
-0.155217
-0.17436
-0.0803413
-0.128434
-0.351385
-0.0731468
0.162328
-0.281491
0.230181
0.292012
-0.00715713
0.24007
-0.0945121
-0.0431479
0.137986
-0.0947482
-0.19583
0.176317
0.0969797
0.00361888
0.166264
-0.00268387
-0.0317359
0.00588136
-0.059735
-0.0798597
0.0397289
-0.0877499
0.208713
0.0613155
-0.0794006
0.0532849
-0.0952196
0.0432213
-0.00266113
0.0168906
0.0105348
-0.175453
0.0397558
0.108974
-0.136448
-0.0474287
0.0555782
-0.161798
0.071277
-0.0761553
0.102098
0.0444441
0.00501507
0.197288
0.0581519
0.00173501
0.0240278
0.0884785
0.00703086
-0.0277807
0.0237514
-0.0883653
0.00936728
0.0242565
-0.00805019
-0.195791
0.0352522
-0.120528
-0.138302
-0.0179526
-0.0064624
0.0301422
0.0814742
-0.0605722
0.0190074
0.0820395
-0.0308753
-0.0467462
0.00730919
-0.0305252
0.140766
-0.00778986
0.164591
0.138614
0.0687496
0.0209957
0.033066
-0.0598084
-0.0278984
0.0234012
-0.0626302
0.036061
0.123832
-0.00933669
-0.0699776
-0.221807
-0.220242
-0.179948
0.0456226
-0.0904518
0.144435
0.273176
0.0598408
0.00014481
0.130086
-0.661323
-0.414879
0.215294
0.271314
0.144116
0.0546978
-0.0783386
-0.162348
-0.14715
0.0670182
0.188134
0.124328
0.095786
-0.00943419
0.0825999
-0.0220519
0.00457251
-0.00653699
0.0616236
-0.00705517
0.0621298
0.00234737
0.0170236
-0.00955052
-0.103234
0.135553
-0.111621
-0.179634
0.105904
0.076532
0.108762
-0.00124112
0.0844481
-0.0093066
0.127729
0.0266376
0.0518567
-0.109628
-0.0822806
0.0643608
-0.0443266
0.0230425
0.0981041
0.0267889
-0.0561107
0.0431055
-0.0240281
0.0427986
-0.00959192
0.0174611
0.20251
0.0133706
-0.0208892
0.0160767
-0.040406
-0.107093
-0.0993676
-0.113673
-0.0109562
0.0563933
-0.038567
0.0769294
0.0132255
0.0717843
0.138143
-0.0327131
-0.147633
-0.0100291
0.0649821
-0.0603607
0.0179862
-0.0363435
0.062491
-0.008362
-0.00746998
-0.0942173
0.0718583
-0.0214497
-0.052791
-0.0553813
0.140456
-0.0190028
0.123865
0.0178801
0.030514
-0.0614002
0.0183484
-0.0191287
-0.0485847
0.0475255
-0.0795599
-0.052537
-0.114905
-0.123875
-0.00720533
-0.0434576
0.110851
0.0326962
0.14129
-0.136219
0.00103116
0.0103057
-0.0248663
-0.0577052
0.00879521
-0.125039
0.0622654
0.0757649
-0.0169697
0.0153
0.0560436
-0.0851943
0.0178868
0.0267416
-0.0813678
-0.0663853
0.10197
0.180358
0.0172013
0.0947412
-0.0222379
-0.0273033
0.0938134
-0.099142
0.0666426
0.0360729
-0.0177685
0.0809868
-0.0164061
-0.00678128
0.00797587
0.0190663
0.0061811
-0.0216367
0.0146238
0.065943
0.0736356
0.0235977
-0.0191143
0.0185959
-0.0729431
-0.0188148
-0.0345584
-0.0850132
0.126232
-0.110279
-0.0174582
-0.0112093
0.0269703
-0.0151479
-0.0729975
-0.00836858
0.127296
0.014303
-0.0136096
-0.11255
-0.0638226
0.0925335
0.0324769
0.0537469
-0.0781156
0.0323949
-0.0158355
0.076824
-0.0575348
0.0739403
0.0181999
-0.0155466
0.00196191
-0.024427
0.0240678
0.0255811
-0.0131549
-0.0450007
-0.0880403
-0.000811052
0.0242193
0.210867
0.0214494
0.0935807
-0.042761
-0.00794987
0.0415516
0.121092
0.0535612
0.0169593
-0.0537368
0.0239128
0.0486075
0.0573505
-0.0230273
-0.0839148
-0.078591
0.0883217
-0.0417281
-0.0210766
0.0780731
0.0494682
0.0203882
0.0571446
-0.0435316
0.0123068
0.00953523
0.0315877
-0.0035601
0.00690962
-0.0379571
0.000315154
-0.0446406
-0.118913
0.065138
-0.000397841
0.000450885
0.306671
0.00468013
0.0029304
-0.0209429
-0.0184578
0.0882426
0.0586021
0.17842
0.0852572
-0.00175848
-0.00106514
0.0104731
-0.0916329
0.0104087
0.0381226
-0.0325358
-0.141803
-0.122315
0.110497
-0.13667
0.048626
-0.0309817
-0.0213926
0.0168307
-0.0191163
-0.00678287
-0.00647885
0.0230425
0.0454411
-0.0375925
-0.0567969
0.0733458
0.0291884
0.0716882
-0.119631
0.0291152
-0.0214505
-0.0349362
0.0501713
0.0684374
-0.0639097
-0.103495
-0.042961
-0.0249185
0.046668
-0.0568456
-0.00088549
-0.112467
-0.00777319
0.121282
-0.0128732
0.0104249
-0.0418434
0.0336608
0.0240857
-0.0530392
0.111126
0.0698271
0.0210328
0.016513
-0.0945562
0.074481
-0.00205076
-0.0439874
-0.0278747
0.0748612
0.129712
0.0828898
-0.103505
-0.00532521
0.0453004
-0.0562132
0.0274877
0.0530119
-0.0251197
0.0141313
-0.0989591
-0.0552896
-0.0989791
0.110624
0.0579724
0.0554635
-0.0261845
-0.0481921
-0.0577749
0.0729744
-0.053696
0.0211812
-0.0313918
-0.0543244
-0.0981751
0.069895
0.036
0.0356145
-0.0435404
-0.0020082
0.017648
0.0803589
0.0414749
0.0992961
0.044301
-0.0152048
0.000701883
-0.0550214
0.00199097
0.0118872
-0.018996
0.00801597
-0.0270228
0.0132304
0.0133137
0.0460826
0.036304
0.0410024
0.034512
0.0338742
-0.00229922
0.0488126
-0.0414471
0.0173542
0.00207161
0.0093662
0.0286357
-0.00189175
-0.0224335
0.0196321
0.0159135
-0.0226746
0.0416248
0.0167874
-0.0239906
-0.0776035
0.101252
0.0060133
-0.0329954
0.0433025
0.0489963
-0.0346525
0.0250523
0.0144817
-0.0508025
-0.0296953
-0.103335
-0.0427028
-0.0465283
-0.0574061
-0.0523373
0.0704656
-0.0951945
0.0207168
0.0211273
-0.0036021
0.022649
0.018258
-0.0357435
0.0362453
0.0344393
-0.0383541
-0.0498719
0.0924757
-0.00359965
-0.0499285
0.0375699
0.0773524
-0.0163084
0.0357393
-0.0780761
-0.0425419
0.0176747
0.0807796
-0.00939653
-0.0653482
0.00330385
-0.00237766
0.0200547
-0.0292954
-0.0338301
0.00414708
0.0653216
0.129746
0.0959423
0.0425985
0.0656723
0.0383411
-0.00538924
0.0211793
0.000792453
-0.0011767
-0.0369562
-0.0157768
0.0410305
0.0426826
-0.0357123
-0.0366843
-0.0060789
0.0428113
-0.0163998
-0.069116
-0.0362215
-0.0195246
-0.12269
-0.139112
-0.255899
0.241655
-0.202288
-0.091497
0.107384
-0.0857893
0.0191594
0.0460123
0.079172
-0.047637
0.041114
0.0295352
0.072089
-0.0158966
0.0501443
0.0441603
-0.0392774
-0.127485
-0.191148
0.0973746
0.0239536
0.0326042
0.114681
0.0314511
0.0386257
-0.0802719
-0.104206
0.0544919
0.0272234
-0.103805
0.0385418
-0.0254403
-0.172866
-0.108242
-0.0523775
0.0719027
0.0728172
0.0122706
-0.066775
-0.0606046
0.209796
-0.048846
0.00149857
0.0444929
-0.0808577
0.0703324
0.0115798
-0.0519308
0.0812064
0.0275026
0.00337499
0.0240522
0.0316748
-0.00521282
-0.0984587
0.0386607
0.0121978
-0.00669801
0.0270712
-0.125655
0.058353
-0.0137207
0.0547958
-0.0451842
-0.021755
-0.00036041
0.0034491
-0.023627
-0.0488218
0.105413
-0.0191536
0.035582
0.0301723
-0.0758593
-0.0700123
-0.00777492
-0.0629397
-0.190567
0.0639883
-0.0541274
0.118838
0.0671892
-0.09366
-0.0211323
0.00221545
-0.0555341
0.114197
0.00657837
-0.0074698
0.043404
-0.0714458
-0.106527
-0.0457067
0.0116063
-0.0604734
0.0961948
-0.14204
-0.00175194
0.0518085
-0.0723156
0.0474799
-0.0608862
0.0487816
0.0127497
0.0726635
0.062358
0.0697438
0.0170513
-0.0626641
0.0568783
0.00720539
0.00680616
0.0287764
0.00725316
-0.0287818
0.0150303
0.0447732
0.0784695
0.00359809
0.0286608
0.129941
-0.0257615
-0.0422033
-0.0113426
-0.0834361
0.0306345
-0.0195332
0.0458787
-0.0533041
0.064831
-0.181303
-0.0446406
0.0222534
-0.133631
0.0419882
-0.0189286
0.0508457
0.0335523
-0.000894673
-0.00265818
0.0170422
0.0400975
-0.0127015
0.00379906
-0.0941692
-0.108929
-0.0297444
-0.0655835
-0.0915323
-0.053473
-0.0304416
0.0754675
0.00133566
0.0601645
0.00371105
0.0464745
0.0141157
0.0431661
0.0031623
0.0980693
0.0160663
-0.0735701
0.00957585
-0.0192944
-0.00641303
-0.0924829
0.0223128
-0.03392
0.11547
-0.0822772
-0.0759048
-0.129515
0.0381496
-0.215241
-0.205033
0.00642141
0.00413606
0.16254
-0.0111456
-0.0616791
-0.0476249
-0.0309743
-0.210118
-0.0281715
-0.08114
-0.0782757
0.0959071
-0.0280191
0.14782
0.161694
0.0531517
-0.0386614
-0.0293446
0.180772
-0.0271011
0.0114792
-0.0920908
0.0704157
-0.0275981
-0.0358103
0.0103175
-0.0751295
-0.210366
0.118492
-0.128933
0.0423394
0.0978509
0.026323
-0.029978
0.0516511
-0.0117194
0.110542
-0.124859
-0.116528
-0.348059
0.0593459
-0.173932
0.144588
0.197304
-5.88023e-05
-0.0499006
-0.157935
-0.0438633
0.0305862
-0.241467
-0.0200048
-0.0957989
-0.141491
0.138126
0.107337
-0.0633703
-0.0050895
0.292287
0.0712848
0.125497
0.0627357
0.0261096
-0.00419054
-0.0504829
0.0805397
0.0727041
-0.0501696
0.155532
-0.0523547
-0.04654
0.0237165
0.00257386
0.111227
-0.0870243
0.0315081
0.0310078
0.00922634
0.0463465
-0.0029082
0.148458
0.0518423
-0.179563
-0.115545
0.064992
0.0870249
0.0232509
-0.0403909
0.13283
0.0709922
-0.0220647
0.0843737
-0.0825052
-0.03724
0.0410596
0.0480513
-0.0255263
0.0246386
0.109429
-0.00551723
-0.00271856
-0.0975316
-0.0907371
-0.103013
0.0908038
0.0299646
0.0496867
0.033939
0.0844706
0.056266
0.0753546
-0.0894598
-0.00268115
-0.182047
-0.0784684
0.0863789
0.0638347
-0.0374188
0.158823
0.148884
0.0622252
0.0956665
0.0252021
0.0610734
-0.0324013
-0.00756927
-0.0314725
0.0776166
0.0975077
0.00449828
0.0347479
-0.0346439
0.0142354
-0.118341
-0.144939
-0.103083
0.0373589
0.0273259
0.0156386
-0.0687246
-0.00715689
-0.0907651
-0.235908
-0.0588498
-0.233397
0.0332742
-0.149107
0.123733
-0.003806
0.143111
-0.0927492
-0.100087
0.0529304
-0.017727
-0.125935
0.0787869
0.00716839
0.0387469
-0.160993
0.0664626
-0.082294
-0.0208259
0.11148
-0.0112543
-0.0409871
0.0495808
0.0763247
0.0923403
-0.0441781
-0.0246821
-0.0817732
-0.0373128
0.178813
0.0354899
-0.0199884
-0.0371299
-0.0204461
-0.00025727
-0.00260165
0.0460719
0.096277
0.0861126
0.0519867
0.122798
0.0449933
-0.0381298
-0.0969077
-0.0574725
0.0050713
-0.0519492
0.0202532
0.122957
0.0742549
-0.0646257
-0.0149582
0.0871982
0.0765593
0.116397
0.00775834
0.0232925
0.00211481
-0.00157937
-0.168109
0.0768596
0.0768096
-0.318617
-0.244056
-0.0580258
0.0584795
0.136247
-0.112113
-0.0774229
0.0338433
-0.186428
-0.0314895
0.158609
0.0684539
-0.0977101
0.105741
-0.0430398
-0.0884499
0.0225086
0.0433525
-0.0325182
0.100615
0.125943
0.00697078
-0.0304664
0.0729975
0.086043
-0.00671581
0.0843517
0.0435211
0.0373246
0.0550508
0.0877239
-0.0808841
-0.025301
-0.0291687
0.0691338
0.0889272
-0.121769
-0.0415377
0.00195731
0.0511076
0.0387325
0.00630176
-0.130832
-0.275911
0.0234977
0.09987
0.0505004
-0.101925
0.0428631
0.138248
0.189968
-0.0385945
0.116937
0.0100555
0.0408363
-0.0494547
0.0696386
-0.0412048
-0.0217831
0.083105
-0.104216
0.0491548
-0.0183416
0.00900249
-0.0108093
0.0834876
0.090242
0.0590284
0.0203331
0.0476361
-0.00309475
-0.022388
0.0777935
-0.0517177
-0.0209069
0.0617683
0.0288983
-0.0207101
-0.00320775
-0.0572966
0.0128985
0.0616821
0.00353518
0.0206481
0.00633684
-0.0209166
-0.109565
-0.0591272
0.124388
-0.00583806
0.10724
0.0341991
-0.0378139
-0.0172772
0.0275072
0.011312
0.105611
-0.0354584
0.00975857
0.0442854
0.0191521
-0.00831815
0.00631441
0.0105652
-0.0732593
-0.0286507
0.150785
-0.05323
-0.057316
0.032552
-0.0101438
0.083281
-0.0102195
-0.063294
0.015172
-0.0500167
0.0428725
0.0485806
0.0136411
0.0153894
-0.00781623
-0.0935958
0.0614952
-0.251305
0.133876
0.0224716
-0.0941363
-0.0516881
0.0552772
0.277712
0.155033
0.0902318
-0.109358
0.0161035
0.122365
0.0766986
-0.00356159
0.00635739
0.0307023
-0.0808584
-0.0607919
-0.048969
-0.0990556
-0.402251
-0.230425
0.00506611
-0.511045
-0.423485
0.0988051
0.146205
0.0637104
-0.148824
-0.314471
-0.787953
-0.0606914
-0.0228109
-1.53275
0.117046
-0.749043
-0.0268939
0.185863
0.229509
0.501149
-0.395188
0.736057
0.179918
0.286241
-0.482912
-0.126018
0.260606
-0.216556
0.195235
-0.133336
0.38705
0.212455
0.0714419
0.120599
-0.112943
-0.457855
0.0148478
0.303866
0.0213342
-0.383727
0.144341
0.225842
-0.250922
0.312631
0.275702
0.236816
-0.308194
-0.485608
0.181493
-0.0260794
0.178785
0.019996
0.00438004
0.0254578
-0.311302
-0.252888
0.112146
0.317132
-0.219797
0.113542
-0.182236
0.074907
0.137936
0.523936
0.21443
0.146811
-0.243503
0.201151
0.159039
0.31664
0.0658707
0.257844
-0.0138231
-0.13608
-0.12892
-0.509408
0.0759712
0.128754
0.319167
-0.0195687
-0.0786306
-0.110125
0.019823
0.148481
-0.393048
0.166617
-0.157504
0.0657231
0.00504934
0.011952
0.20929
-0.0271054
0.232824
-0.0298443
-0.127644
-0.0742754
0.141759
0.104649
-0.0591117
0.123876
-0.00448561
-0.0232889
0.101881
0.0744617
-0.14634
-0.0274247
-0.163497
-0.0817495
0.0854456
-0.090847
-0.193125
-0.202945
0.150449
-0.00686365
0.0294082
-0.0658523
0.0946654
0.045315
0.23077
0.096429
-0.0570727
-0.0731973
0.0121784
-0.096578
-0.0521213
-0.113151
-0.104511
0.198061
0.00157305
0.0911689
-0.0890026
0.024745
-0.137296
-0.0550646
0.133227
-0.0941994
-0.0497148
0.145998
-0.168557
0.177542
-0.0194991
-0.0137466
0.00709933
0.0283768
0.0880698
-0.00801996
-0.0423291
-0.428345
-0.04161
-0.0163132
-0.134719
-0.0281869
0.301233
-0.0785801
0.00166915
0.00417167
0.0352813
0.13959
0.142967
-0.0467975
0.131791
0.0518264
-0.00587653
-0.193539
-0.0129885
-0.225986
0.0692831
-0.00680253
-0.00702188
-0.182166
0.00296716
0.137271
-0.112413
-0.179601
-0.33944
-0.0368156
0.0222699
0.111814
0.245691
0.160368
0.0121295
-0.0552472
0.617659
0.379208
-0.0245632
-0.0332919
0.0531459
0.163488
0.0284608
0.0623245
-0.11762
0.0362374
0.0791137
0.300035
-0.0575734
-0.0307263
0.0752415
-0.141341
0.136823
-0.021515
0.0137383
0.0324391
-0.0789291
-0.0141274
0.006985
-0.0401626
-0.0828671
0.0643451
0.0770443
-0.102531
0.0357988
-0.0538831
-0.24123
0.104656
0.132581
0.00899518
0.0106525
0.021952
-0.021952
-0.114713
0.117934
-0.0465846
0.19495
0.0677184
0.0468949
-0.138115
0.0525531
-0.0111864
0.0391111
-0.0659073
0.0794534
-0.0858068
0.0901847
0.0641657
-0.0740987
-0.152577
0.101771
-0.214349
0.0567885
-0.116495
0.160505
0.195831
0.0873393
0.0656763
0.0554199
-0.00427828
0.00738149
-0.0384015
-0.0589596
0.0571273
0.113181
-0.0204692
-0.0463007
-0.158293
0.157746
-0.0288887
0.00138501
0.0776709
-0.0167897
-0.232082
0.177888
-0.0219852
0.0283025
-0.0629862
-0.102231
0.237271
0.0221537
0.0113942
-0.0782372
0.0581531
-0.00745457
-0.00510234
0.0613401
0.0979037
-0.126086
0.0652431
-0.0448137
-0.0225211
-0.0670372
0.0999633
0.00293411
0.105568
-0.0707076
0.0998974
0.0105311
-0.0411979
0.038027
0.000405925
-0.0332898
-0.0247213
0.041126
0.0163524
0.0933098
0.0463179
-0.127229
0.0928182
0.12187
-0.0574064
0.111057
-0.0501787
0.0263944
-0.0133866
-0.0604997
0.00687306
-0.155672
0.148923
0.0080429
0.0657188
0.00116213
-0.11421
0.0512861
0.0324912
0.0845569
0.013909
0.00503293
-0.130766
0.0635091
0.0352735
0.0264842
-0.0115244
-0.0132117
-0.00955675
0.0713806
-0.0656159
0.0937869
-0.0166047
-0.0405286
0.0294271
0.0541192
-0.00462455
0.102623
0.0443121
0.0519477
0.0731672
0.000829184
0.0120746
-0.0519532
-0.159698
0.0409766
0.0025269
-0.104884
0.0899296
0.0728015
-0.061313
0.00979209
-0.0784611
0.0975606
0.0107709
0.007262
-0.0352087
0.0435906
-0.142
0.156567
0.0634529
0.00387086
-0.0523715
-0.0965077
0.0133661
-0.169267
0.0823459
0.194569
0.0443059
0.0280735
0.0159426
-0.0633298
0.0556569
-0.0350633
-0.0445859
0.0636234
0.0197568
0.0736719
0.061354
0.0223359
0.0315342
0.0294256
0.0249623
0.020992
0.0296176
-0.054297
-0.0347047
0.0436672
-0.160133
0.00954319
0.0908345
0.0276239
-0.0100552
-0.0292057
0.0164315
-0.00588348
-0.0161858
0.0308649
0.0331915
-0.0757135
0.0249694
-0.0469038
-0.151711
-0.0329873
-0.0902568
0.0281079
-0.0406337
-0.114922
0.0624216
-0.0427565
-0.131927
0.0794328
0.0678938
0.0787551
-0.0803496
0.0922783
-0.128222
0.00431519
0.0797615
-0.0520239
-0.0494051
0.0681195
-0.109181
0.126873
-0.017668
0.0391506
-0.00365335
0.0160695
0.0872696
0.0054232
-0.064292
0.0530142
0.0486843
-0.0566865
0.0486995
0.00459862
0.00310406
-0.0249545
0.172804
-0.0124499
0.0645572
0.0618816
0.0834511
0.0754488
-0.0381207
-0.00396834
0.0115585
-0.0187238
-0.0183701
-0.0958232
-0.0126611
-0.0565233
-0.0360558
-0.0177729
-0.110023
-0.0655863
-0.12308
0.126719
0.0769435
-0.264976
0.0313316
-0.0636855
0.100553
0.00733791
-0.0821786
0.141
0.107039
-0.0967394
-0.00640303
-0.0575481
-0.0356389
-0.0570694
0.000557996
0.113305
0.00522773
-0.0209273
0.150575
0.0370386
0.0604122
-0.00593102
0.0486336
0.0426836
-0.0109969
0.0378688
-0.0115706
0.0581349
0.0619261
-0.0404051
-0.0832527
-0.00517703
-0.129905
0.0479699
-0.0165194
-0.0165468
-0.0265319
0.00889885
-0.0702997
-0.0216355
0.0183647
-0.166581
-0.381111
0.0902604
0.124021
0.0618161
-0.142036
0.0600533
0.0942029
0.0304853
-0.136999
-0.139875
0.0713581
0.0519796
0.107226
0.0455349
-0.103108
-0.186814
0.155198
0.0944991
-0.0897308
-0.060065
-0.189593
-0.0251757
0.0355001
-0.190183
0.4091
-0.116779
-0.191406
0.0511145
-0.213062
-0.299246
-0.209469
-0.0272742
0.562073
-0.0975194
0.134672
0.178761
-0.0212086
0.309586
0.0611727
0.088809
-0.0432525
0.0947178
-0.0955896
-0.036563
0.0128742
0.0279019
0.159889
0.00328712
-0.0959844
0.0986514
0.0648605
0.0365048
-0.194344
0.00482924
0.138925
-0.0794116
-0.00709421
0.0169509
0.0574664
-0.0145732
0.112214
0.0195925
-0.185966
-0.151934
-0.0296005
-0.012045
-0.035147
0.0332964
-0.116668
0.046875
-0.030627
0.0780643
-0.187036
-0.347939
0.0457783
0.144305
-0.0712178
0.0364455
0.0588193
0.112624
-0.114137
-0.189574
0.0778929
0.0388724
-0.116508
0.0497626
0.00929978
0.074849
0.00613198
-0.136191
-0.103738
0.00941401
0.0613496
0.0970667
-0.0364241
-0.0104533
-0.124664
-0.216355
-0.154601
-0.0953239
0.212856
-0.284963
0.172629
0.0217299
0.0372718
-0.0900918
-0.151268
0.104545
0.142647
0.0202283
-0.0530492
-0.119273
0.0708767
-0.0387725
-0.0839757
0.132047
0.151923
0.0448241
-0.0339769
-0.0898362
-0.0522105
-0.13466
0.0924951
0.125913
0.104552
-0.0428609
-0.0369797
-0.0560616
0.0161412
-0.00996494
0.0287724
0.0192776
0.0994169
-0.165686
-0.0355704
0.172877
-0.0285928
-0.032421
0.0948438
0.0325353
0.0695763
0.00536608
0.0110617
0.0567554
-0.0193405
-0.0988904
-0.0434376
-0.0907077
-0.0882993
-0.0893019
0.077975
-0.000910991
-0.185415
-0.0590252
-0.0345746
-0.120581
-0.148086
0.228579
-0.131153
0.0141167
0.0120283
0.128191
0.110258
0.159958
-0.225138
-0.0915825
-0.00543626
-0.0336819
-0.0267594
-0.0918877
0.0238311
-0.167965
-0.225901
-0.0938329
0.00548677
-0.00967763
-0.186609
0.135084
0.0140249
0.302869
-0.0930519
-0.0339761
-0.202009
-0.00769728
-0.0543165
-0.0945776
0.0990306
0.119694
0.195878
0.08622
-0.121806
-0.00261523
0.0223527
0.134107
0.128294
-0.0191126
-0.017845
0.0744825
0.0387583
0.0620926
-0.101386
-0.0591314
0.196334
0.0378184
0.0401276
-0.0652408
0.177751
-0.024159
0.0240773
-0.0126722
-0.14846
-0.0367119
0.143773
-0.022177
0.0201231
0.0112228
0.125734
0.0172211
-0.0700679
-0.0624696
0.0703968
0.0347565
0.151398
-0.0540317
-0.00747469
-0.0660949
-0.0378959
0.0775031
-0.0678398
0.144134
0.0153223
-0.111171
-0.151681
0.0358827
0.000190666
0.188415
-0.0483633
0.00719562
-0.0219252
-0.0247234
0.0997839
-0.119542
0.139652
0.0950383
0.0823454
-0.0283619
0.0966032
0.026897
-0.023284
0.132155
0.0497589
0.055326
0.029067
0.00599548
-0.0860001
-0.182717
0.0314625
0.0732527
-0.0185012
-0.0696534
0.0135033
0.00569652
-0.0229353
0.0162545
-0.0131415
0.145789
-0.0113303
-0.0479183
-0.0405297
0.0731843
0.0519448
-0.0884057
0.0241253
-0.0101158
0.0660552
-0.00727539
0.00798988
0.0205452
-0.0663502
-0.0300622
-0.00226282
-0.0749098
0.126032
-0.0159782
-0.0574141
-0.0607014
0.0740434
-0.00800825
-0.0767504
-0.0076348
-0.069343
-0.200734
-0.234257
0.186019
-0.268572
0.062177
-0.137142
0.0779402
0.148303
-0.0521541
-0.0228024
-0.0858855
0.101211
0.0104495
0.209534
0.0867565
0.0416082
-0.0257635
-0.0517004
0.0154772
0.0984855
0.0264159
-0.0405313
0.0295222
0.0658474
0.029658
-0.0474168
0.0184883
-0.0370893
0.00551599
0.0164254
-0.0178106
-0.0791725
-0.0427194
0.0590671
-0.109493
0.027804
-0.0892089
0.16582
0.0159877
-0.101805
-0.0796815
0.00620542
0.00331511
0.0240551
-0.164516
-0.0200532
0.0967732
0.0522668
-0.000561997
-0.013819
-0.203399
-0.0802108
0.0689361
-0.0295879
-0.161875
-0.12953
0.0426877
0.225237
0.00465094
0.0613874
-0.0182561
-0.024247
-0.00546644
0.00744351
0.0229822
0.0420428
-0.0200153
-0.000300671
-0.170118
-0.033559
-0.0715029
-0.0317435
-0.0692387
-0.0485942
-0.0756356
0.0370018
0.0191355
0.12416
-0.00237103
0.0463307
-0.0237723
-0.155441
0.0209188
0.0120684
0.0787283
0.112915
-0.00937505
-0.0232376
0.336345
0.0248251
0.153109
0.0659441
0.0568528
-0.0266565
0.0726306
-0.0622337
0.0291537
-0.0375707
-0.0311434
-0.0428017
-0.090691
-0.0315536
0.0446403
-0.0413298
-0.0456366
0.039526
0.0139116
-0.0917906
0.00572437
-0.0398128
-0.0771402
-0.0788462
-0.101549
0.0482485
0.0785486
-0.00488436
-0.00972062
0.00831282
0.0853509
0.0874508
-0.0549592
0.00166409
0.0459666
-0.0712852
-0.0120126
0.0572787
-0.0760242
0.0280229
0.0878587
-0.0651528
-0.0637946
0.1338
0.0611448
-0.103813
0.0100928
0.0900023
-0.171168
-0.0363047
-0.149706
-0.115104
-0.0546435
-0.00210218
0.0939664
-0.122731
-0.13742
-0.0226441
0.0404227
0.0646993
-0.0298114
0.173456
0.0224265
-0.0239799
-0.0937327
0.0314272
-0.00127907
-0.157634
-0.187574
-0.135231
-0.083198
0.0459673
-0.0785301
-0.0441483
-0.0274945
0.043846
0.154974
0.0602929
0.228401
0.139226
-0.0845863
-0.0319161
-0.0183539
0.0643647
-0.11579
0.0194642
0.178085
0.0674278
-0.0704503
0.0797064
0.000848748
-0.0542949
0.0860993
0.0676494
0.0211255
-0.048782
-0.155832
0.0171883
0.0505666
0.140381
0.040795
0.0923499
0.0846176
-0.00218741
0.102186
0.0263561
0.046165
-0.0467049
0.114648
-0.037436
-0.033732
0.060139
-0.242784
-0.0911937
0.164484
0.0850521
-0.019339
0.010308
0.0281444
-0.0893383
0.0992037
-0.0109682
0.0499315
-0.039017
-0.0448359
-0.124325
0.0669713
-0.0454611
-0.101459
-0.171643
-0.0440366
0.0108868
0.101154
0.0157688
0.0899366
0.00352453
0.108703
-0.0444884
-0.0323303
0.0520879
-0.108864
-0.0221591
0.02856
-0.0141041
0.0150142
0.108894
0.0298002
0.106218
-0.109128
-0.0278443
0.0790256
-0.0116732
-0.0136948
-0.0438951
0.0230595
0.0509935
0.0306066
-0.0603032
0.0310492
0.00911221
-0.104872
0.101628
-0.072093
-0.0235828
0.085424
0.0627252
0.0421617
0.0206536
0.0219711
-0.0573651
-0.0987564
-0.0207428
-0.0299291
0.0216199
0.0115929
0.274485
0.0415191
0.0204065
-0.0105789
0.0668025
0.0329226
-0.0407786
0.0679673
0.0423107
-0.0989267
0.0404467
-0.0115655
-0.0355599
0.0132488
0.0343182
0.00960567
-0.148539
-0.00619114
0.0840036
0.00305709
0.0923422
0.0708027
-0.0176988
-0.0668842
0.0437875
0.0306379
-0.00900899
0.0255643
0.0516745
0.0398605
0.17039
0.0478023
-0.0756652
0.0698364
-0.0819378
-0.0296124
0.15114
-0.0851164
0.0242503
0.00534216
-0.0398603
0.0142719
-0.0525813
-0.0146495
0.0375875
-0.092753
-0.0649253
-0.0352946
0.0239689
0.0373718
-0.0338758
-0.0322247
0.0258697
-0.0424185
-0.0246433
-0.0846849
0.125723
-0.0977944
-0.0919232
-0.00127833
0.0845645
-0.010483
0.0721742
0.012077
0.194095
-0.0284256
-0.111171
0.00990486
-0.0819071
0.0275395
0.0651293
0.0398346
0.0473606
0.00517832
-0.0374453
0.0140078
0.11011
0.086275
0.0276119
-0.082217
-0.00127286
0.0277167
-0.0350825
-0.0492529
0.122643
0.0127367
0.0223368
0.0567425
0.0441018
0.0698596
0.0618459
-0.029495
-0.0615907
-0.221095
-0.320184
-0.00146595
0.26976
0.0201085
0.142422
-0.0476037
0.0223239
-0.0377796
0.116883
-0.0144163
0.0219594
-0.0405252
0.0666616
0.0331771
0.00941383
0.0454604
-0.035351
0.0382066
0.100705
0.0233041
-0.00973134
-0.0784346
0.050623
0.0313513
-0.0262671
0.165802
-0.102467
-0.00378883
0.0499258
0.067266
-0.0013899
-0.0116922
-0.0347092
0.0663597
-0.0885857
0.0402927
0.0341286
0.0266416
0.0534216
0.08596
-0.0428644
0.0645629
-0.038131
-0.0599554
0.0130127
-0.062466
-0.091904
0.052805
-0.0016717
0.0853458
0.0635347
0.0119635
-0.0210152
0.0625445
-0.0223156
-0.0653613
-0.0374319
0.0049056
-0.0183499
0.0446589
0.0194307
-0.0397394
-0.128281
-0.0373762
0.127141
-0.0729699
0.0710719
-0.06206
0.0726235
-0.0141262
0.0649605
-0.206951
0.0178654
0.0575362
-0.183822
-0.0159978
-0.0897236
0.050354
0.0523622
0.16547
0.047542
-0.145363
0.063422
0.0074727
0.0246085
0.0392858
0.0115157
-0.00864138
-0.0166681
0.0107066
-0.028608
0.0370897
-0.0170413
0.0494645
-0.00840723
0.0268174
-0.0645018
0.025766
-0.110716
0.0229249
0.0210493
0.0541968
0.0427014
-0.0900573
0.0907842
0.0584286
-0.0710992
0.0591794
0.0376239
-0.0029768
0.00595271
-0.159122
-0.0827709
0.00385729
0.0808502
0.0229502
0.0369445
0.0270982
-0.00854816
-0.0605376
0.000942831
0.0359498
0.0483795
0.0519604
-0.0025579
0.0671021
-0.00637792
-0.121632
0.00802252
0.0226062
0.117367
0.000438034
0.02604
-0.0247721
0.0973073
0.118569
-0.0822252
0.0130244
0.0266097
-0.0999075
-0.00185365
0.0821453
0.00356318
-0.0185333
0.174114
-0.0644378
-0.0604434
0.11055
-0.102636
0.0820089
0.0065667
0.0133666
