-0.0103109
0.116278
0.0437405
-0.0709887
-0.0373574
0.0753509
-0.0451093
0.0132821
-0.0804622
0.0288469
-0.0128473
-0.0242886
0.0265237
-0.05441
0.0405415
-0.0770741
0.0470904
-0.0442711
0.014591
-0.0316882
0.009427
-0.0556727
0.0102069
-0.0655074
0.0179549
-0.00586756
0.0281666
-0.000341264
0.0942226
-0.036769
-0.0169637
-0.0834834
0.0448689
-0.0561182
-0.108452
0.0234793
-0.00962742
-0.0176639
-0.182617
-0.278942
0.00834647
-0.105017
-0.0859001
-0.058403
0.0273591
-0.00370932
0.1256
-0.0946074
-0.0848738
-0.0210356
0.0279962
0.0947895
-0.0423681
-0.0378324
-0.206908
-0.111836
-0.0869667
0.00490883
0.0741773
-0.034672
-0.14832
-0.0374753
-0.112746
0.138203
-0.298928
-0.142016
0.0753963
0.274219
0.0235189
0.0674178
-0.0888266
-0.00600212
0.1854
-0.0595728
0.0256399
-0.0126819
-0.0841687
0.0214362
0.0202792
0.455423
-0.133323
0.0932174
-0.0984081
0.13283
-0.218477
-0.0575728
-0.0920727
-0.0418309
-0.168303
-0.198089
0.0188874
-0.0930295
0.0994303
-0.0633069
-0.507937
0.135634
0.0918741
0.0812934
-0.0601251
0.0272291
0.206447
-0.120935
-0.00109991
0.029054
0.146856
0.169548
-0.0556401
0.0961588
0.117507
0.033694
0.0168041
-0.18662
-0.0976105
-0.025878
-0.0487203
0.0060694
-0.0864623
0.0965696
0.01931
0.13964
0.043917
-0.0358999
0.212582
-0.00317755
0.00447393
0.0503762
-0.0446079
0.0289205
-0.157713
0.020064
-0.0872346
0.063232
0.0436984
0.100365
0.010996
-0.12163
0.0165428
-0.0287875
-0.0444559
-0.084795
-0.0156095
-0.158465
-0.0267136
0.00927311
0.0104815
-0.0139995
-0.0336261
0.155047
0.145038
0.0229076
0.0402233
0.133028
-0.0109272
-0.0479203
-0.00253547
0.103427
-0.0184206
-0.082861
-0.060441
-0.0448323
0.0754574
-0.155129
0.110172
0.185638
0.165575
-0.0563078
0.000508416
0.0504235
0.0800887
-0.139481
0.0273919
-0.0880357
0.0695499
0.00864383
0.102959
-0.0389983
0.136489
0.0625098
0.170873
0.018355
-0.0470485
0.0224262
0.0985504
-0.0570008
0.152143
-0.140269
0.0287187
0.0874605
0.0739376
-0.0231362
-0.127762
-0.0312287
0.0545416
0.108081
0.0673314
0.0594783
-0.0647418
-0.02974
0.00409337
0.0951483
0.0564706
0.0150009
-0.0340622
-0.117209
0.0961178
-0.028015
-0.0623607
0.0393968
-0.0579972
-0.179356
-0.0204848
0.0814483
-0.0207205
0.0239601
0.0473909
0.0681774
-0.0582734
-0.0406345
-0.0780262
0.0078417
0.0558031
-0.0785019
0.0213119
0.0805492
0.020379
-0.00167128
0.0237376
0.0504488
-0.0420525
-0.0810993
0.0808014
-0.143766
-0.075768
-0.042316
-0.0349504
-0.0755819
0.0507175
0.0317295
-0.0742946
0.0551587
-0.0686256
-0.0622555
0.054278
-0.0185144
0.120318
0.0185379
-0.022458
-0.012137
-0.0683772
-0.0782421
0.0455811
-0.0335139
0.0895535
-0.036232
0.0984514
-0.036622
-0.00996062
0.0180698
0.0124577
0.0483931
0.135847
0.00842586
0.10419
0.0366066
0.0034989
-0.0110946
0.0317683
-0.0501875
0.033664
0.059804
0.00630197
-0.04349
0.00709448
0.0434003
0.0750912
-0.054342
-0.012456
-0.0151212
-0.00571285
-0.0150937
0.0636974
0.196341
0.334391
-0.00150137
0.0575533
-0.0122811
0.0503016
-0.046981
0.122318
0.0312734
-0.0471934
-0.028346
0.0397281
0.0113686
0.15653
-0.0727027
-0.0751458
-0.048145
-0.0018104
-0.0272988
0.213641
0.0207605
0.05134
0.0434158
-0.04641
-0.0306847
0.159884
0.0743046
0.0470419
-0.0745856
0.0801119
0.0599634
0.0386757
-0.146807
-0.0844076
0.0745574
0.0415352
-0.13142
0.0997876
0.104296
0.012016
-0.0425878
0.0257507
-0.0426076
-0.0484398
-0.170878
-0.0450781
0.000748587
-0.0116613
0.032597
-0.0274066
-0.0883384
0.0528066
0.117687
0.199725
-0.00332866
-0.117806
0.013678
-0.0630748
0.127322
0.00631832
-0.0347229
0.00659829
0.0534108
0.0753743
0.196811
0.104045
-0.0107376
0.118574
-0.0319501
-0.025764
-0.0225292
-0.0212769
0.138906
0.0443348
0.0230025
-0.0347205
0.089164
0.172187
-0.108282
-0.0604875
-0.0380468
0.0619835
0.0549701
0.0170801
0.086115
-0.000862437
-0.140565
-0.213483
-0.0305884
0.164223
-0.101605
0.00841221
0.00618067
0.118617
0.111577
0.0280745
-0.0186114
-0.253013
0.0376944
0.0416292
0.104294
-0.0611744
0.033388
0.00404303
0.177909
0.0476904
0.135005
-0.0484659
0.0441885
0.179632
0.00290882
-0.00498642
-0.00771446
-0.166643
0.00122174
0.0734958
0.049921
0.153908
-0.0201278
0.115595
0.0832134
0.173868
-0.132296
-0.0326419
0.114474
0.0853447
-0.109495
-0.117315
-0.0134116
0.0194353
0.000224942
0.0139233
-0.208798
-0.183567
0.0404337
-0.166365
0.0696675
0.0101806
-0.161483
-0.11706
0.159526
-0.0786556
0.179554
-0.0251641
0.155614
0.165505
-0.0490126
0.00994137
-0.217405
0.0318611
-0.230204
0.0212649
0.0799808
0.0153915
-0.0516498
-0.0324891
0.135993
0.021285
0.125841
-0.1324
-0.121598
0.0264341
0.125111
-0.271615
-0.0364089
0.133588
-0.2242
-0.186103
0.1268
0.156802
0.263079
-0.031239
-0.0351597
0.0306422
-0.107043
0.316137
0.0437412
-0.0496884
-0.0353936
-0.0932851
-0.0460782
0.052197
0.0987775
-0.0863645
-0.00167946
0.110027
-0.0226295
-0.0508963
-0.0417267
0.158385
0.0357627
0.0805946
0.00276849
0.097878
-0.0615874
0.0180735
-0.0768112
0.0620385
0.0291186
-0.110966
0.00091247
0.00145755
0.107513
-0.0426942
0.146879
0.0694476
-0.0852542
0.0654295
0.0628869
-0.0221269
-0.0881969
0.0353098
-0.0724018
-0.0663927
0.101209
0.029759
0.041329
0.069002
-0.02136
-0.0614737
-0.0374219
-0.0304144
-0.230235
-0.233274
0.0394062
-0.155915
0.079952
0.035528
-0.111599
0.211873
0.0217941
-0.148022
0.0567385
-0.0598356
0.0582037
-0.279868
0.0192675
-0.0731924
-0.125811
-0.0759486
-0.225881
-0.148805
0.241556
0.136672
-0.135975
-0.022918
0.108236
0.0993929
-0.106318
0.0976975
0.102429
-0.13212
-0.0162818
0.0870999
-0.00620046
0.10507
-0.101457
0.0130734
0.0944216
0.157301
0.0635942
0.0607522
-0.0418278
0.0272148
0.100492
-0.0187307
0.0887294
-0.12742
-0.00847679
0.0843146
0.0431652
0.147552
-0.0127715
-0.0648895
0.0556649
-0.0296948
-0.100211
0.0275011
-0.0471913
-0.105222
0.00281203
0.0854209
0.0644109
-0.0700333
-0.035387
-0.143148
0.0372165
0.0551452
0.0956508
0.170813
0.11411
-0.0447804
0.00575593
-0.0970219
0.0529293
-0.108809
-0.0717049
0.044431
0.0479554
-0.103931
0.00106685
0.0062131
-0.182354
0.0526904
-0.150992
0.0147694
-0.19906
0.0388726
0.0272472
0.117599
-0.190131
-0.00456986
0.0652748
-0.265675
-0.0685847
-0.0683045
-0.214384
0.0967315
0.0621851
0.352177
0.189306
-0.0722533
0.169352
0.0494012
-0.108873
-0.124847
-0.0554798
-0.0486085
-0.15524
0.0299068
-0.133336
0.0679102
0.0838498
0.188165
-0.0158976
0.0222874
-0.127958
0.104652
0.0388296
-0.126877
0.0637131
0.165997
0.0346638
-0.116836
0.0834162
0.100732
-0.0964294
-0.0117662
0.0368788
-0.114664
-0.161624
0.0914411
-0.0122478
-0.0265393
-0.0713478
0.102798
-0.057229
-0.0154604
0.121083
-0.0985365
-0.0144216
-0.0107201
-0.0868666
-0.102041
0.0770119
0.107437
0.0649061
0.0759918
-0.016003
0.0654482
0.0734742
0.0321601
-0.00604307
0.0464893
-0.063829
-0.10863
0.10944
-0.0877257
-0.0495167
0.0192185
-0.103968
0.0328007
-0.0233001
0.0421344
-0.00155228
-0.0100939
0.0216303
0.116128
-0.0329051
0.0203034
-0.0289061
-0.139163
-0.186182
0.0724631
-0.00345319
0.0679495
-0.0502536
-0.0191263
-0.00918232
0.111094
-0.043956
0.191824
0.0343027
0.0379596
-0.0250191
0.142765
0.0459797
-0.0405043
0.0441229
0.0335845
-0.110323
0.0341734
-0.082014
-0.000760797
-0.0264886
0.142944
-0.041705
-0.0546451
-0.0390112
0.138982
-0.0498137
-0.106774
-0.11628
-0.139572
-0.0583694
-0.199978
0.0982988
-0.174295
0.242015
-0.135801
0.104355
-0.183354
0.0275947
-0.00423248
-0.0306903
-0.219729
0.00408189
-0.0364845
-0.0891552
0.0373316
0.159803
-0.181506
0.105309
0.157516
0.0350911
0.0199035
0.0110736
0.0106078
-0.00782839
0.0595414
-0.0407138
-0.1441
-0.0550982
0.0587298
0.164192
-0.0440167
0.143485
0.103815
-0.0210721
-0.0311714
0.0913578
0.00746121
-0.0188597
-0.0637678
0.0465468
0.098057
0.0668278
0.106004
0.0763466
-0.0495896
0.0826409
-0.0970394
-0.0248752
-0.093439
0.155965
-0.0637262
0.106602
-0.192594
0.0171709
0.0587849
0.0884396
0.0914402
0.0634062
0.100073
-0.0813353
0.00229292
-0.141602
0.0974287
-0.016651
0.00277748
0.00103518
0.135868
-0.0641279
0.0210946
0.0813049
-0.112403
-0.00402221
-0.0392379
-0.178618
0.0161486
-0.0269612
0.0508027
0.0496458
0.0354798
-0.0296988
0.243396
0.0966932
0.0445812
0.0280815
-0.0300412
-0.0112656
0.0460324
-0.0805015
0.0529805
-0.0538503
0.0594515
0.160236
0.000940628
0.0246087
0.00728208
-0.0962489
0.0207192
-0.050747
0.1719
-0.0657383
0.00813959
0.0351694
-0.0342308
-0.0655275
0.0647679
-0.0370873
-0.0784328
0.115565
0.0664382
0.0101654
0.052791
0.0164922
-0.046947
0.0163213
-0.0387463
0.0152072
-0.0757289
-0.0449161
0.0938519
-0.0761121
0.0381061
0.090195
0.0154095
-0.000882213
0.0116413
-0.00987698
0.00657103
-0.00965939
0.15175
-0.00186886
0.0229709
-0.0700322
0.0747147
-0.0543819
-0.0806589
-0.31823
0.0386201
0.0857152
-0.185946
-0.0304444
0.0776654
-0.0193713
0.0661893
-0.0911177
-0.069553
-0.0874082
-0.0950073
0.0771465
0.0286089
0.212476
-0.055728
-0.0380424
0.0549844
-0.0982251
-0.129366
-0.146592
-0.00935891
0.121535
0.0093382
-0.144453
0.176928
0.0743841
0.07521
-0.0074273
-0.0496534
-0.00516278
0.0262499
0.0448799
-0.00723724
-0.0352973
0.0932281
0.00997241
-0.00318707
0.0266421
-0.0268688
0.0337224
-0.00957854
-0.0335267
0.0124322
0.0619755
0.166189
-0.0225348
0.0304501
0.0230868
0.0513551
-0.0242068
0.0364647
0.0246457
-0.0631449
0.0752698
0.0118029
-0.00767707
0.0202552
0.0129116
-0.0103713
-0.192753
0.00531026
0.118153
0.00123459
0.0547793
-0.00162288
-0.0287201
-0.0582633
0.205813
0.0797607
0.0284617
-0.0737887
0.0907065
0.0627529
-0.0475723
-0.0399465
0.0978046
0.0317691
0.0761479
-0.0159832
0.0587179
0.04576
-0.0368928
0.00576872
0.180384
0.0013956
0.0519364
-0.0491468
0.0751574
0.0280943
0.0386181
-0.0515779
-0.176232
0.0870888
0.018236
-0.127486
0.0973072
-0.0266465
0.0308345
-0.0342118
-0.00519134
-0.0119994
-0.149654
-0.0612952
0.119719
0.0843366
0.113274
-0.0441469
0.0423916
0.153405
-0.00711976
0.0147573
-0.00811957
-0.0577096
-0.0046123
0.0323183
-0.124104
-0.119463
-0.0183244
0.00707723
0.0637597
0.104449
0.0590202
0.04918
0.0280922
0.0543926
-0.102224
0.139992
-0.0359322
0.0716961
-0.0830367
-0.0544435
0.0456902
0.0293884
-0.074396
0.0370068
0.0481483
0.058693
-0.0694122
0.0739642
0.0554514
0.0256678
-0.108544
0.0172873
0.0461664
0.0527418
-0.000588041
-0.0957052
0.054665
0.00472556
-0.134409
-0.0533754
-0.109478
0.0281088
0.004408
0.0132114
-0.0811182
0.0559736
0.114497
-0.0107698
0.126859
0.0244932
0.0703413
-0.0404771
0.0867209
-0.0599663
-0.00879231
0.0116952
0.0376609
-0.041584
-0.0501544
-0.0473161
0.0796402
0.0252431
0.0023919
-0.0589733
0.0665358
0.0708041
-0.00466912
-0.0146807
-0.0830756
0.0188829
0.0238961
-0.0383
-0.0544285
0.0612603
0.0563994
0.0629124
-0.0244642
-0.0790815
0.0727806
0.0116643
-0.0316025
0.00389739
0.0482791
-0.0386592
-0.0283805
0.0028494
0.0419066
-0.0430387
-0.0507932
-0.0766769
-0.213854
0.0873001
0.03146
-0.0288173
-0.120928
0.0827095
-0.120011
0.0218543
0.0202675
0.0110891
-0.0219065
0.0994692
0.0506838
0.0640876
0.00103163
0.0285642
0.0539735
-0.0267139
-0.0065906
-0.0150928
0.065067
-0.00408543
-0.00731266
0.0986562
-0.0457045
0.0229375
-0.108624
0.0980796
0.0105445
-0.0300992
0.0358349
-0.027148
-0.0305547
-0.0564596
0.0151793
-0.0379317
-0.0100894
0.0251847
0.0401552
0.0273738
0.0744758
-0.000272776
0.0750093
0.10172
0.0600222
-0.0144961
-0.0199327
0.0162389
0.0609083
-0.065785
0.0730506
0.0741739
0.00698139
-0.019155
-0.0164434
-0.00433122
0.115927
0.0703587
0.00354919
-0.0096522
-0.0644793
-0.00637005
0.034113
0.0301849
0.0660569
-0.0504074
0.0458823
0.0369512
0.0223754
-0.0437362
-0.158689
0.011379
0.0329445
0.0464953
-0.103481
-0.040373
0.0250367
-0.00453034
0.0319319
0.138763
0.0701473
-0.0404066
0.0294694
-0.00677353
0.123247
0.022801
0.0496123
0.0580493
-0.113836
0.0455465
-0.0557356
-0.00285658
0.0151043
0.111492
0.0288818
-0.0526911
0.127394
0.0674832
0.0162035
0.164405
-0.0687354
0.0468894
-0.216179
0.132463
0.0716858
-0.190636
0.0372313
-0.110089
0.0897662
-0.115619
0.0203815
0.0375953
0.037842
0.0301078
0.0530566
0.0726577
-0.207905
0.149367
0.0936485
-0.04807
0.0959799
0.111664
-0.071354
0.139532
0.0743314
-0.00765701
0.0654987
0.0358155
-0.0255748
0.00490003
0.0861752
0.0351264
-0.18157
0.0332046
0.118656
-0.100628
0.0685784
0.0631409
0.0884904
0.00906702
0.152861
0.0322143
0.116385
0.0767597
0.0179703
0.0611019
0.14178
-0.0236402
0.0341968
-0.0908014
-0.0676726
-0.0373079
0.0209345
-0.0725524
0.164364
0.0360583
0.0845717
-0.0353251
-0.0070556
0.26153
0.0903501
0.0623159
0.0673704
0.0212086
0.0121904
-0.142517
-0.0431982
0.107707
-0.199312
-0.143422
0.0489133
-0.179136
0.126969
0.0426335
0.216736
0.188701
-0.0916895
-0.377873
-0.217247
0.00585367
0.0698807
0.326627
-0.0438926
0.109461
-0.0362642
-0.0999438
-0.0656516
0.215225
-0.0646738
0.042508
-0.00178521
-0.0980335
0.0613722
0.0535166
0.0875898
-0.11525
0.0457317
0.155619
0.0356354
0.152951
0.211464
-0.0482695
-0.0312451
-0.0119932
0.168196
-0.0946534
0.0819272
-0.0663181
0.0123629
-0.149774
0.236641
-0.0695669
0.128608
0.130546
-0.0105801
-0.1065
0.0241802
-0.201865
0.0940622
0.163242
-0.0109481
0.0899928
0.0431406
-0.0866319
0.00694792
0.00193436
0.176248
0.0406173
-0.00626493
-0.0772037
0.0251757
0.125199
0.0290242
-0.105476
0.0327038
0.154213
0.00167518
-0.0268411
-0.113585
0.17878
0.0848833
0.184961
0.0177519
0.142442
0.0665968
-0.00776989
-0.065574
0.182421
0.165257
-0.00606087
0.200906
-0.0469406
-0.172681
0.019391
0.3738
0.200825
-0.147728
0.110531
0.0724381
-0.0514916
0.183248
-0.1199
-0.156801
-0.07982
0.0541468
0.0883542
0.145197
-0.195596
-0.0211174
0.101853
-0.326104
-0.0985002
-0.285135
0.00725646
0.265764
0.145649
-0.111439
-0.276499
-0.0327907
-0.20582
-0.00418227
-0.239825
0.0572075
0.207087
0.308718
-0.159111
0.076758
-0.0482911
0.140283
-0.0648144
-0.18831
-0.347991
-0.243623
0.190245
0.320832
-0.0633936
0.0842696
-0.0525348
0.28168
-0.0124077
0.143596
-0.111485
0.0732032
-0.045009
0.0927784
0.256825
0.00748009
0.140078
-0.0352423
-0.101953
-0.207126
-0.0366703
0.144581
-0.0237902
-0.111191
-0.0449604
-0.245796
0.0494928
0.250495
-0.114762
-0.366602
0.0127172
-0.2803
-0.60068
0.432065
-0.15295
0.0127424
0.24752
-0.164903
0.148412
-0.0718724
-0.261661
0.0349024
0.0172043
-0.100401
0.0120549
-0.0685501
0.373868
0.071611
0.0848596
0.140641
0.0256546
-0.282524
0.046965
0.197484
0.0888344
0.0254854
0.379991
-0.0718049
-0.0534819
0.206875
0.0768482
0.0388814
-0.0500527
-0.169636
-0.245913
0.111926
-0.081152
0.29645
0.0102585
0.0200784
-0.261797
0.171599
0.017558
0.317286
-0.0982779
0.326088
0.119871
-0.12966
-0.0461375
-0.107348
-0.131024
-0.246322
0.0371039
-0.0110895
-0.0125276
0.181948
0.173546
0.0483214
-0.141009
-0.0275648
-0.0392626
0.104094
0.115843
0.159152
0.134183
-0.00450093
0.194714
-0.00154477
-0.044101
-0.0322742
0.0934278
-0.0383154
0.0860531
-0.0135223
-0.0951026
0.0288975
0.0290134
0.200509
-0.0341155
-0.0665312
0.00425509
0.0601074
-0.0132614
0.214916
-0.0187233
-0.00408945
0.185242
-0.0461157
-0.146244
-0.0301061
0.18284
0.137998
0.0481972
0.0209786
-0.0489436
0.0691396
0.068215
0.0818566
-0.0758246
0.0839088
0.1906
-0.061695
0.0996591
0.0978146
-0.167861
0.0750801
0.00589977
0.0538203
0.0744684
0.084717
0.144308
0.172775
-0.067984
-0.0800226
0.0848807
0.104362
-0.0162945
-0.124427
0.0633918
0.151477
-0.0633117
-0.115142
-0.0940161
-0.227069
-0.279329
0.213918
-0.053126
0.304972
0.18248
-0.211197
0.0732452
-0.191252
0.202622
0.147168
-0.0768172
0.120173
0.00394493
0.0745251
-0.131346
0.18052
0.134199
0.028394
0.111971
0.0844533
-0.311565
0.0737731
0.0897128
0.048183
0.100836
-0.0623169
0.210721
0.108237
-0.0229738
0.0439821
-0.293761
-0.0893638
0.0722487
0.213163
-0.0926119
-0.0805889
0.00688901
0.175901
0.0625353
0.175344
-0.0276086
0.107149
-0.156089
0.11688
-0.00907248
0.0948894
-0.0325789
0.0567546
0.0717153
-0.0300345
0.000667201
0.036708
0.129632
0.00688106
0.003111
0.0894155
0.0376226
-0.003217
-0.167943
-0.0615099
-0.00536187
-0.313151
0.0224707
-0.0663117
0.132238
-0.0767203
-0.149218
-0.0968933
-0.183409
-0.155528
0.126187
-0.249389
-0.325074
0.189573
-0.0594123
0.219222
-0.0764562
0.308376
-0.000392225
-0.207733
-0.554886
0.120223
0.288283
-0.299253
-0.45794
-0.17494
-0.235235
0.0923132
0.18892
-0.310687
0.140428
0.164661
0.298547
-0.272902
-0.442
0.0223191
0.287867
-0.0860947
0.042412
-0.511942
-0.0122339
-0.406655
0.244996
0.374777
-0.239173
-0.05857
0.201152
-0.166486
-0.37523
-0.789311
-0.185637
-0.120948
0.525845
-0.293929
-0.510504
0.284755
0.723633
-0.043426
0.273619
0.0468805
0.174888
-0.00658051
0.420226
-0.268303
-0.190195
0.0701271
0.219014
0.222545
-0.256492
0.0122837
0.261896
0.151228
-0.11223
0.352411
-0.171525
0.0300889
-0.0989343
-0.171632
0.0510939
-0.127108
-0.00450033
0.301118
-0.141878
-0.0374772
0.220913
0.217646
0.227627
-0.140236
0.0040152
0.222385
0.178391
-0.261311
-0.508019
-0.136955
0.210285
-0.0199272
-0.171341
-0.027531
-0.0673864
-0.0563321
-0.233397
0.0444524
0.0141037
0.252897
0.0963387
-0.139104
0.337022
0.108736
0.201161
0.122831
0.0317943
-0.0986424
0.551353
-0.0510714
0.335329
-0.180176
0.0462847
-0.195625
-0.134463
-0.420586
-0.160593
0.143838
0.205109
-0.0759248
0.310118
-0.0650538
-0.305264
-0.0392528
0.025226
0.0737498
0.084435
0.193667
0.113841
-0.143497
-0.146039
-0.0567218
0.0712692
-0.0887501
-0.407545
-0.0758017
0.114115
0.0562158
-0.0159213
0.0125912
-0.153757
0.104567
-0.098677
0.132719
0.252329
0.0907373
-0.280148
-0.029707
-0.257971
0.0391985
-0.273237
0.115364
0.247035
-0.102531
-0.0020037
-0.126928
0.116276
0.500673
0.0241604
0.0941381
-0.0558238
-0.0729552
0.163721
-0.146048
-0.331554
-0.151351
0.137626
-0.132916
0.139904
-0.0535821
0.0495955
0.0748232
0.242775
0.00991088
0.0802574
0.129706
0.0652917
0.110983
-0.0738776
0.00570608
-0.0903933
0.210446
-0.291681
0.144324
0.0981921
-0.0744156
0.155363
0.179976
-0.0225609
-0.0555655
0.0699771
0.042407
-0.0108178
-0.154004
-0.0371787
0.00176302
-0.0294002
0.0691019
-0.0914982
-0.126047
-0.15846
0.113951
0.101853
0.0572088
0.0201202
-0.169014
0.0335495
-0.231816
0.0131618
-0.00471447
-0.11485
0.058959
0.164872
0.171679
-0.0306052
0.102799
-0.0940288
0.180085
-0.0084812
0.10041
0.0703796
0.060825
-0.145677
0.242996
0.000365191
-0.128013
-0.133332
-0.0496578
0.104597
0.00481425
0.03537
0.18732
0.0706042
0.191255
-0.0226368
-0.0435659
0.0332275
0.0566424
0.0231509
-0.139324
0.0662877
0.0149056
0.00121036
0.00853789
-0.240116
-0.141436
-0.136235
-0.0568563
-0.198141
0.0339774
0.0103311
-0.344796
0.0975965
0.0540103
-0.0426286
0.0228608
-0.279128
0.0641113
0.152174
-0.171353
0.0375625
0.212364
0.177836
0.0719133
0.00534383
-0.0561276
-0.0837459
0.128898
0.0906397
0.0414833
0.142295
-0.0203528
0.0573931
-0.0514759
-0.228382
0.0875536
-0.242136
0.277993
0.119832
-0.0170312
0.0173096
0.0667305
0.0862402
-0.0677718
-0.0837733
-0.0264909
-0.154817
-0.000904911
0.0901665
-0.130179
-0.0836386
0.115409
-0.215608
0.10188
-0.232742
0.0322194
0.0276312
-0.0492104
0.182363
0.157769
0.0966106
0.122516
-9.28038e-05
-0.00878691
-0.104039
-0.118324
-0.142913
-0.0693164
-0.0540597
0.269083
-0.0107293
-0.084914
0.209848
-0.0699564
0.127668
-0.0463142
0.212187
0.0845307
-0.000868717
0.0397951
0.0250633
0.133526
0.0398098
-0.017973
0.0825032
0.0833953
0.10384
-0.0195112
0.117149
0.0853617
-0.0668103
0.13516
0.00994524
-0.231127
-0.00885271
0.00685908
0.242318
-0.00567199
-0.116808
0.0121514
0.0639059
0.00566143
0.301888
0.0375489
0.0269574
-0.0703586
0.00403839
-0.0330063
0.0479347
0.0987245
0.0720729
0.172646
0.0198656
0.0388929
0.0625445
0.114397
0.436773
0.0807946
0.0352288
-0.00285685
0.14266
-0.302572
-0.245646
-0.129699
-0.0418432
0.461824
0.210945
-0.0496065
0.0312373
0.062255
0.30753
0.118736
-0.26068
0.0267171
0.030443
-0.170024
-0.0872694
-0.178077
0.231856
0.222434
-0.0838882
-0.332352
0.309486
0.170848
0.251021
0.122106
-0.201202
0.341616
0.104395
0.104523
-0.127567
0.0435885
-0.330688
0.126546
0.119716
-0.00890836
0.0220914
0.0229104
0.118942
-0.0761964
0.127642
-0.197778
0.0753957
0.108481
0.277987
0.0179303
0.0197668
0.111206
-0.097148
-0.0475023
0.033658
-0.360095
-0.0570916
-0.3128
0.226033
0.16602
0.207229
-0.0822051
-0.011931
-0.134047
0.30416
-0.0504645
0.049847
-0.0850442
-0.283545
-0.0596947
-0.226471
0.125175
-0.258578
0.156246
0.101535
-0.00698178
-0.0993216
0.000550417
0.00804483
-0.319492
-0.038453
0.013001
0.0280573
-0.0817551
0.169772
0.147306
-0.228355
0.263659
0.188695
-0.239738
0.0132485
0.193215
-0.164313
-0.173676
-0.221766
0.192797
0.0134902
-0.1025
0.241544
-0.218832
-0.041589
-0.271777
-0.109438
0.0212851
-0.134875
0.208481
-0.0582591
0.112262
0.145164
-0.0134794
0.2268
0.225939
-0.0416654
-0.0653047
-0.0912049
-0.0685882
0.0157265
-0.0260724
0.0458754
0.112218
-0.0304094
-0.272797
0.0940676
0.0394706
-0.177539
-0.065594
-0.104404
0.0667923
0.0309318
0.0100529
-0.260606
0.0343721
0.0876808
-0.0210023
0.024982
-0.0152954
0.14444
0.0263394
-0.0949788
0.0881178
0.182336
0.16865
0.152311
-0.0320672
-0.054612
0.152994
-0.143916
-0.0611497
0.00099606
-0.0367981
-0.163864
-0.0770562
0.086699
-0.0625569
-0.0464016
-0.105355
-0.0303395
0.136777
0.0148765
0.143412
0.0748025
0.0575322
0.0118596
-0.0331165
0.0107228
-0.0504874
-0.0634152
-0.0458435
0.0690181
-0.022677
-0.00348477
0.105811
0.0437655
-0.0612568
-0.150335
0.042897
0.176117
0.13643
-0.0680435
-0.084261
0.0548333
-0.144213
-0.0736352
-0.109686
-0.183134
0.0601083
-0.0697039
-0.155281
0.0665978
-0.251799
-0.122413
0.0854201
0.0716097
-0.034898
0.0721995
0.0274052
-0.0508254
0.0939068
-0.056745
0.100701
-0.169879
-0.142098
-0.0114272
-0.16853
-0.147958
0.298714
-0.0512469
-0.145212
-0.0748541
0.208259
-0.00151082
0.00368591
0.27109
-0.0805697
0.0291203
0.22901
0.00272849
0.215475
-0.0259896
0.0418023
0.0557505
0.0112584
-0.0844609
-0.0960462
-0.0703606
-0.156123
-0.161239
0.32763
-0.00798415
-0.172399
-0.132144
-0.213767
0.10324
-0.254066
0.137987
0.0952579
0.0489931
-0.107113
-0.0411986
-0.348499
0.218212
-0.162236
0.351108
-0.022384
-0.0851818
0.188837
0.13548
-0.0724031
-0.169813
-0.229587
-0.216629
0.0926784
0.13836
-0.362264
-0.0771921
0.0814163
0.122041
0.0684738
0.0967888
-0.226034
0.228132
-0.0911998
0.00904473
0.0154368
0.019302
-0.132737
0.227052
0.0383163
0.0504736
-0.0306777
0.228783
-0.0265181
0.023737
0.0352233
0.0707754
-0.023442
0.0309961
-0.0481127
0.0829383
-0.0172868
0.0825164
-0.134019
-0.0996494
-0.0152724
0.0975302
-0.1719
0.0875476
-0.212802
0.103875
-0.0106379
-0.119746
0.171063
-0.233931
0.0510403
-0.0319414
-0.161852
-0.110884
-0.32812
0.185469
0.0506227
-0.0196959
-0.137633
0.0580346
0.0927005
0.108286
0.0342821
-0.0613714
-0.100454
-0.257724
-0.139275
-0.287184
0.164039
-0.267487
-0.135539
0.218324
-0.280739
-0.425255
0.286591
0.323495
0.362211
-0.205337
0.105636
-0.0842922
-0.119391
-0.366482
0.0792753
0.309021
-0.129811
0.143087
0.22717
0.0629084
0.0855651
-0.111779
0.379039
0.0275866
-0.0876374
-0.125607
0.120057
-0.0153269
0.0138415
0.083878
0.143525
-0.081213
-0.202673
0.0803277
-0.0255441
-0.0227283
-0.0735755
0.165576
-0.0392651
-0.12509
0.00939379
0.127772
0.0411778
0.0211316
0.101314
0.0330974
-0.0886447
0.101888
-0.0885112
-0.0108353
-0.156441
-0.1301
0.134886
0.00311902
0.0854605
0.103689
-0.0799227
-0.0132345
0.00478514
-0.0396273
-0.16952
0.0867472
-0.132866
-0.194356
-0.0783087
0.090726
-0.0788061
0.0853048
0.0259352
-0.0666161
-0.0928165
-0.0251521
0.234948
0.14399
0.0840252
-0.0865675
-0.0681211
-0.0275163
-0.231165
0.0132284
-0.0916303
-0.0249955
0.150674
0.0645293
-0.126044
-0.0121357
-0.204395
0.175328
-0.113217
0.0478894
-0.224314
-0.143164
0.165212
0.138403
0.0646576
0.118422
-0.0443897
-0.0998073
-0.0719178
0.0176977
0.0112531
-0.24282
-0.18376
-0.143966
0.0372542
0.121994
-0.118932
-0.172912
-0.264186
-0.0274019
0.0158861
0.00785736
0.0645969
0.250841
0.0351497
-0.182344
-0.00712241
-0.272482
0.0497945
-0.18298
0.221321
-0.312071
-0.34812
-0.301292
-0.128799
-0.887468
0.143277
0.13108
-0.649988
0.284001
-0.0941941
-0.371675
-0.591476
-0.0590767
0.642855
-0.0734857
0.212731
0.215423
0.291213
-0.159523
0.150351
0.303105
0.248143
-0.133781
0.0166094
-0.0506938
0.309899
0.225629
-0.19978
-0.167113
0.170032
0.0395627
-0.152836
-0.133895
0.23168
0.182126
0.226153
-0.201992
0.219516
-0.337372
-0.252873
0.0332851
0.167482
-0.114585
0.367983
-0.10031
0.319854
0.269768
-0.168629
-0.184374
0.259246
0.013251
0.106027
0.11185
0.23901
-0.172979
-0.0179715
0.0734665
0.0514432
-0.0717972
-0.107239
-0.287964
0.0408645
0.108464
-0.00294681
0.0510883
0.484217
0.0162142
-0.138031
-0.144039
0.0423908
-0.164349
-0.192476
-0.114689
0.317885
-0.0560966
-0.109635
-0.101928
0.170542
0.193611
0.0836227
0.0150655
0.196229
0.0914915
-0.163988
0.00792829
0.0985127
-0.1143
-0.0347567
-0.280542
-0.00750365
-0.154966
0.294952
-0.021783
-0.103003
-0.0474918
0.229832
0.0143421
-0.0267454
0.004634
-0.14546
-0.063768
0.109077
-0.0206764
-0.223348
-0.0962186
-0.271729
0.120431
-0.0549978
0.212877
-0.112411
0.102994
0.077545
-0.226048
0.0188193
-0.223571
0.033927
0.146384
-0.219155
0.245529
0.0700934
0.126742
0.157734
0.115091
0.287028
-0.0327842
0.107648
0.00788753
0.131695
-0.0352888
-0.122189
-0.0566821
0.0586912
0.232713
0.0460513
0.0670608
-0.180752
-0.0299066
0.0325712
-0.0912628
0.136741
-0.0793215
0.0917432
-0.161018
-0.0552073
-0.0510397
0.0106121
-0.15363
-0.0194773
0.182285
-0.196394
0.0515619
0.104565
0.188292
-0.0475129
-0.105223
0.0410905
-0.150755
-0.0257365
-0.0617452
-0.207026
-0.107473
0.0153074
0.0659956
-0.153195
-0.16612
-0.00430196
-0.0169378
0.315509
-0.124283
-0.192683
0.210789
0.146842
0.0460607
-0.0492893
-0.0218965
-0.0745762
-0.028808
-0.131482
-0.0816414
0.0401486
0.126586
-0.086963
-0.0750592
-0.248546
0.117618
-0.147081
-0.260658
-0.00319992
0.0715594
-0.102162
-0.045482
0.0366057
-0.2104
-0.0891951
-0.379098
0.390187
-0.0926042
-0.179851
-0.253812
-0.0313285
-0.251676
0.181898
-0.250363
0.383802
0.284977
-0.0360026
-0.39913
-0.13871
0.286964
0.513539
-0.0912008
-0.16471
-0.419547
-0.172643
0.0298203
-0.542919
0.165372
0.285179
0.0193565
-0.522776
-0.528784
-0.487382
0.326895
-0.313735
0.164918
0.755268
0.0495171
-0.471913
-0.256467
-0.207209
-0.582352
0.684168
-0.293161
0.598432
0.21936
-0.307072
0.0984412
-0.256547
0.209003
0.0515616
0.40679
-0.181857
0.261018
0.0987314
-0.202442
-0.11671
0.176818
-0.447369
-0.0596155
0.141013
-0.282797
-0.60066
0.0788586
-0.209989
0.382978
-0.163303
0.189118
0.254273
-0.464848
-0.178654
-0.126433
-0.0905556
-0.512144
-0.383095
0.191865
-0.506732
-0.141826
0.306036
0.19422
-0.342487
-0.527097
0.341515
0.212406
-0.39531
-0.357062
-0.175516
-0.171287
-0.0927606
0.507737
0.697855
-0.278973
0.672166
-0.129897
0.529228
-0.0277458
0.369244
-0.393612
-0.455568
0.244352
0.0387596
0.307755
-0.569036
0.298543
0.125304
0.0389674
0.501499
0.0700084
-0.157834
-0.443733
-0.245603
-0.121024
0.239766
-0.160008
0.390053
0.0105644
0.0829945
-0.0355787
0.0188789
0.281225
0.0490529
-0.0653764
-0.331604
0.472757
0.0435973
-0.12106
0.178737
-0.299421
0.121979
-0.293383
-0.0535114
-0.452676
0.328638
0.0881837
-0.266887
-0.112524
0.40828
-0.205893
-0.380661
-0.204817
0.209877
-0.0776092
-0.550882
0.18362
0.708605
-0.0390453
0.205793
-0.141884
-0.392368
0.148178
-0.00115178
0.0764841
0.123618
-0.160443
0.0154344
-0.453088
-0.0869531
-0.079735
-0.237312
0.0283908
-0.337884
-0.276128
0.103705
0.130944
-0.0473675
0.198661
0.0151275
-0.44208
0.34675
-0.286091
-0.305331
0.0649803
0.156954
-0.214503
-0.0623426
0.455896
0.12821
0.114405
-0.430615
-0.128033
0.219889
-0.297021
-0.339572
-0.143042
0.253952
0.133711
0.0102021
-0.192534
-0.0120423
-0.245214
-0.0240292
-0.431179
-0.102453
-0.454089
0.664458
0.205493
0.343285
0.384492
0.117735
-0.0397308
0.414389
-0.633601
0.338466
-0.217709
0.0182825
-0.247657
-0.392267
0.108001
0.552414
-0.0757493
0.322623
0.567128
-0.14758
-0.122468
-0.136252
0.135703
0.155446
0.204395
-0.0333646
0.262398
0.208786
0.0452878
-0.282254
-0.186363
0.399525
-0.153375
0.113076
0.148315
0.0901485
0.17734
-0.201931
-0.405913
0.241374
-0.0655943
-0.093413
0.0551068
0.214194
-0.00100295
-0.474081
-0.0413034
-0.0412269
0.133371
-0.149017
0.0192881
0.158969
0.158604
-0.0440424
0.258004
0.270818
-0.123914
0.174235
-0.131575
0.284426
-0.105108
0.146207
0.119681
0.129175
-0.158922
0.297821
0.0671047
0.0536215
-0.174138
-0.0250694
-0.163699
0.0966638
-0.0577295
0.131678
-0.051223
-0.01266
-0.232549
0.295876
0.00271445
-0.00712738
0.283808
0.034714
-0.0660881
-0.159553
0.171826
0.206952
-0.033566
0.00871178
-0.16957
0.107595
-0.239607
0.0943207
-0.0412825
0.210629
-0.0532709
0.179734
0.0302374
0.00265391
0.17011
-0.141397
-0.0981272
0.0965865
-0.184038
-0.130512
0.00105069
0.0220033
0.125364
0.0506739
0.157076
-0.0254328
0.182133
-0.00770121
-0.00942096
0.181815
-0.046159
-0.138913
-0.128273
0.0795561
0.0274948
-0.0231892
0.245597
-0.0112631
0.222638
0.0578443
-0.16756
0.0933072
-0.130269
-0.161349
0.0844069
-0.166197
0.0234897
0.136818
-0.0104409
0.142173
-0.0926759
-0.348096
-0.131786
-0.308671
0.0570729
-0.00426972
-0.00442288
-0.202433
0.221823
-0.161028
0.425296
-0.0412963
-0.145342
0.117167
0.251771
-0.0306333
0.19157
-0.000734853
0.0912976
0.0199765
-0.172112
0.120578
0.0581282
-0.253115
0.0187179
-0.128063
0.184977
0.196599
0.0791135
0.0668224
0.0447667
0.239212
-0.00745381
-0.0643753
0.043561
0.129398
-0.0964838
-0.0437926
0.0493969
0.0459148
0.0841202
-0.328886
-0.0225043
-0.0382315
-0.0390929
0.0115654
0.257056
-0.0105222
-0.0542025
0.0858416
0.00256299
0.198893
-0.0312955
0.17281
-0.00227054
-0.0856611
-0.0920213
0.103598
-0.0658922
0.0987803
0.00331594
0.0396611
-0.0245174
-0.047734
0.0604004
0.0708948
-0.0552516
0.0678645
0.125713
0.0314224
0.133625
0.043206
-0.00113974
-0.0772159
0.101941
-0.0725665
-0.0505987
0.000775911
0.146536
0.0333336
0.104862
0.0685444
-0.0812724
0.0767305
0.00439683
0.0288728
-0.0559143
0.0138925
0.0381919
-0.132261
-0.0910196
0.0319796
-0.0346658
-0.0720763
-0.033768
0.0749402
0.132567
0.0288183
0.0275973
-0.00123791
-0.157974
0.0329988
0.0622073
-0.0012697
0.112155
-0.165995
-0.0113979
-0.191789
0.00981666
0.0311627
0.0257909
0.0898603
0.112598
-0.0700927
0.151316
-0.0184981
0.0479928
-0.141959
-0.105384
-0.351624
0.0266739
-0.270837
0.0304203
0.192825
-0.179596
-0.0216568
-0.238261
-0.00109925
-0.00737771
0.227789
0.0272723
0.152971
-0.0185937
-0.0448602
0.175163
0.208644
0.101786
-0.0639049
-0.0539638
0.0308686
0.143207
-0.1451
-0.0203556
0.0730725
-0.0221116
0.0891891
-0.0865067
0.0816301
0.10896
0.0539769
0.0200244
-0.166739
-0.140764
-0.0592936
0.0561501
-0.0422583
0.07825
-0.284049
-0.035413
-0.289151
0.170887
-0.193028
0.128113
-0.057236
-0.12896
0.0924494
0.216728
-0.0854303
-0.0195016
0.0935111
-0.103355
0.102527
0.117752
-0.0271496
0.0477752
-0.147018
0.0622515
0.0737187
0.113848
0.140057
0.0028367
-0.0528646
0.0595555
-0.0176199
-0.16554
0.097406
0.0398971
-0.044513
0.0358914
-0.0262357
-0.153887
0.0424468
0.15581
0.0157101
0.13857
0.000933477
-0.0418593
-0.0437946
-0.0902444
-0.00760533
-0.128078
-0.0363149
0.00991703
-0.0254232
-0.0799469
0.0272919
-0.012918
-0.133361
-0.00327568
-0.0869622
0.0652799
0.103383
-0.199081
-0.00979149
-0.118519
0.162532
-0.0180288
0.214302
0.0152343
-0.0848131
0.0377521
-0.139152
0.0138252
-0.268094
-0.100862
0.0817976
-0.112792
-0.0566984
-0.0304448
0.141901
0.0178799
0.0558919
-0.00942349
-0.0279194
0.159073
-0.00302233
0.0473021
0.113895
0.0491964
-0.0320671
-0.140715
0.0852587
0.0413795
0.0871126
0.0531045
0.00375474
-0.0125563
-0.0851675
0.089981
0.171651
-0.0140742
-0.0152101
0.0554051
0.0614213
-0.026087
0.0334812
-0.122698
-0.0935026
0.0118735
-0.0923101
0.0203694
0.0976347
-0.0702916
0.258792
0.0954639
0.0381835
0.00234603
-0.0155685
-0.0690421
0.0056764
-0.128604
0.0240479
-0.0898638
-0.0466766
-0.0177107
0.124277
-0.131354
0.0552102
0.00274446
-0.207285
0.0203458
0.171401
0.0774792
0.00166648
0.131422
0.0619369
0.00364007
0.00579139
0.0547819
0.0132551
-0.00894949
0.0583727
0.101413
0.0303114
-0.02177
-0.0414943
0.159485
-0.0113129
-0.105347
-0.0264205
-0.0257604
0.0289602
0.0846053
-0.014625
-0.0175637
-0.0507194
0.144443
0.0722892
-0.0178743
-0.0356072
0.044513
-0.0267888
-0.121988
0.0579936
0.106486
0.0285416
-0.0417049
0.0473993
-0.122245
0.0697654
0.00674188
0.0636017
0.0243505
-0.0383182
0.0622097
-0.0329984
0.0195914
0.082947
-0.00239986
-0.0754729
0.0997761
0.0358811
-0.0209416
-0.115257
-0.116196
0.00788583
0.0478886
0.0310217
0.0122412
-0.0121469
-0.0593427
-0.0159589
-0.0280671
0.0760095
-0.0469459
0.00543273
-0.0346869
0.125441
0.0588652
0.0381048
-0.0342038
0.133722
0.0621906
0.0115363
-0.0418137
-0.0256238
0.104906
-0.00319095
0.0355693
-0.0758424
0.00208311
-0.0233928
-0.0140721
-0.0694516
-0.0290711
-0.0147885
0.10251
0.00425352
0.0758636
0.0223539
-0.0459927
0.114247
0.0103254
-0.0715953
-0.0476509
-0.0870399
0.0524481
0.0156043
0.0465795
-0.180715
0.0157914
0.0260561
-0.0714798
0.0564698
-0.00808009
0.0609643
0.0190675
-0.0100469
0.00287479
0.0567736
-0.0737581
0.0487587
0.0379106
0.0235835
0.0253923
-0.0104364
-0.0546743
0.0764883
-0.00826577
-0.206105
-0.258516
0.00573266
-0.0620043
0.0360237
0.0697181
0.0564817
-0.0311299
-0.106236
-0.026102
0.0161181
0.0931885
0.0508174
0.0442076
0.0821122
0.0268282
-0.0433544
-0.0966358
-0.0164085
0.0537872
0.020252
-0.0316707
-0.0244544
0.169843
0.0824869
0.000596838
0.105548
-0.0234224
-0.016162
0.106639
0.0182628
0.0800445
-0.0442908
0.14807
0.0110383
-0.0481718
-0.0291538
0.151714
-0.0191153
0.0119735
0.051045
0.0285453
-0.0163641
-0.0946823
0.0689074
0.0537861
-0.0385359
0.046221
0.0249038
0.017043
-0.132698
-0.0938593
0.0740871
0.0572579
0.00577956
0.0669108
0.013723
-0.0428312
0.0256864
-0.186564
0.148532
0.141255
-0.0222191
0.0575606
0.0413255
0.0289623
0.0141425
0.107419
0.0292201
0.0943805
0.0145442
0.0119846
0.00163127
0.0244563
0.0762221
-0.0122712
0.00889832
0.0855486
-0.0197849
-0.100152
-0.0966479
0.0220996
0.146956
0.163821
-0.0736886
-0.0335652
-0.0304072
-0.0785833
-0.0253199
-0.0415315
0.160802
0.023866
-0.0485824
-0.00364063
-0.12268
-0.149819
0.0592755
-0.0427325
0.078928
0.0273969
-0.0105981
0.147894
0.118221
0.0398946
0.00923738
0.0263638
-0.0319135
-0.178131
0.0189341
-0.0105732
0.162794
-0.121806
0.0742849
-0.178169
-0.0539076
0.0689927
0.233961
-0.0647938
0.165483
-0.0547579
0.0456027
0.0749539
0.109492
-0.134414
-0.103404
-0.0189525
0.0299485
0.0192336
-0.101237
-0.0638357
0.0513626
0.00657
-0.0637719
-0.206683
0.0376305
-0.0532847
0.130164
-0.058968
0.0569277
-0.195209
0.040679
0.212069
-0.0132364
0.0653622
0.112726
-0.0314999
0.0578077
-0.0306391
0.00508932
0.00831745
0.148821
0.0032999
0.0356359
-0.0572013
0.0358706
0.0465212
0.0915284
0.00794629
0.0411924
-0.015601
0.0121169
-0.0340959
0.0441211
-0.0117005
0.139869
0.0783781
-0.0777894
0.0643287
-0.0645373
0.0379022
-0.00874287
0.0360569
0.0170944
-0.0443899
0.0171226
0.108627
-0.0065023
0.0119923
0.0755639
0.00194489
0.0384014
0.0474786
0.00424176
0.0209618
-0.0926133
0.0768456
0.0196142
0.114601
-0.0128446
0.0358099
0.00142691
-0.0768688
0.069245
0.0166857
-0.107101
0.0573762
-0.0992828
-0.118925
0.0650815
-0.151804
-0.000560502
-0.0269969
0.172454
0.221985
0.175972
0.0223036
0.024916
0.0918897
-0.13525
0.0133019
0.0170607
0.0108295
-0.0114817
0.135444
-0.0737608
0.0957606
0.0122743
0.00168327
0.0430686
0.0107555
-0.00263997
0.0122292
0.104639
-0.00713344
0.0220147
0.0752763
-0.203419
0.12102
-0.142696
-0.107833
0.0568169
-0.0257197
-0.115522
0.103214
0.126029
0.0861753
0.0268117
0.0469017
-0.00116976
-0.0261629
0.0346371
0.0153535
0.0345321
0.0249167
0.0436741
-0.102447
-0.0366519
0.0409133
0.116667
-0.0236064
0.0899942
-0.016946
0.0254921
0.00363157
-0.130957
0.0844412
-0.15939
-0.0122276
0.0293064
-0.0270528
0.153293
0.11532
0.0517687
-0.0257276
-0.000477121
0.0464805
-0.0646907
-0.0957978
0.0686501
-0.136988
0.117187
0.121737
0.0240007
0.0207687
-0.036447
-0.104592
-0.231303
-0.100652
-0.00872813
-0.346329
0.0235884
0.0109539
-0.224709
0.235651
-0.162018
0.210451
0.143202
-0.0577646
-0.233085
0.124487
0.0258411
-0.0360693
-0.116465
-0.212845
0.0744479
-0.294059
0.14898
-0.126213
-0.193518
0.0261369
0.21669
-0.0855895
0.116911
0.0994807
0.0178235
0.0543813
-0.00665215
-0.027363
-0.101115
-0.00417695
0.226126
0.180458
0.0515619
0.0285269
-0.182098
0.123382
-0.0239426
0.042974
-0.159475
0.0387064
-0.197998
-0.191923
-0.009706
-0.037193
0.260509
0.0117812
-0.172436
0.230383
-0.0220572
0.0311069
0.135153
0.0815705
-0.0411855
-0.151137
0.149112
-0.0720621
0.14609
-0.169806
0.0447752
0.0896375
-0.126791
-0.00460035
0.112418
0.147882
0.0623659
0.0353238
-0.0283073
-0.0382195
0.040609
-0.0739529
0.0665081
-0.00448987
0.0746074
-0.013622
0.0350159
-0.0135753
0.0289197
0.0563033
-0.0434982
-0.121415
-0.067905
0.0372368
0.00552057
0.12918
0.0547881
0.00211622
0.0514976
-0.0194536
-0.0896126
0.136832
0.0128393
-0.132898
0.031125
0.0994247
0.0486683
-0.000917958
0.0252969
-0.0081143
-0.0120746
0.0899611
0.0476993
0.017334
-0.00233344
0.0545973
0.00284418
0.0664994
0.0217293
0.0208085
-0.116148
0.110068
-0.00867278
0.041033
0.0644245
0.00738143
0.0278122
0.0307114
-0.0345109
-0.00694863
0.0171308
0.03659
-0.109579
0.028593
0.142385
0.049336
-0.0199827
0.014826
-0.00143146
0.0564013
-0.00993669
0.0678881
0.0188441
-0.0477002
0.0621396
0.0124839
0.0243338
-0.00135875
-0.0982223
-0.179059
-0.0262161
0.129882
-0.0861836
-0.108461
0.0863096
0.122467
-0.00516396
0.0680932
0.0223986
0.0651477
0.0104283
0.068632
0.0486641
0.0551693
0.0127709
-0.0665215
0.0508362
-0.0196799
-0.108328
0.161276
0.00446301
-0.0225459
0.126843
0.0152402
-0.0253184
-0.122572
0.0219686
0.0102561
-0.0725446
0.182201
0.0266868
0.0395483
-0.0221889
-0.0225355
-0.0180417
0.0856606
-0.0891144
-0.0125389
0.103432
-0.0427535
-0.0436099
0.0531739
0.0920816
0.00129611
0.0911563
0.0502001
-0.0170056
0.00238569
0.0578047
-0.0563071
0.04987
-0.0750295
0.0521851
0.0950323
-0.0036783
-0.00222812
0.0430436
-0.00596983
-0.059248
0.0460927
0.0269937
0.0499421
-0.300357
-0.153988
-0.112612
-0.0557562
-0.10466
0.0920527
0.0344365
0.143248
0.00489963
-0.00153333
-0.137189
-0.269744
0.211422
-0.00850734
0.138162
0.0431956
0.017551
0.213583
0.0612099
-0.102333
0.0431354
-0.0606203
0.116948
0.0288831
0.0290744
0.155037
0.0401575
0.0366874
0.0935897
-0.0193301
-0.0138221
0.096301
0.173185
0.0146662
-0.0908891
-0.0545401
0.136866
-0.00942887
-0.0894167
0.099581
0.0596602
-0.0120553
0.0415907
0.0633177
0.0278046
0.0534499
0.0118733
-0.11156
0.0453005
-0.0814709
0.0859504
-0.0264142
0.06113
-0.0321622
0.0243646
0.143035
0.0154596
0.0524654
0.0993687
-0.0498923
0.0541835
0.0539166
-0.0206739
0.15091
0.13208
-0.0138557
-0.0716633
-0.242544
-0.145214
-0.0369645
0.151148
-0.0361931
0.00325542
0.216881
0.228577
0.00682151
-0.00323604
0.0706654
-0.156688
-0.0189516
-0.0239543
-0.0887717
-0.0757135
0.152815
0.107932
-0.061482
0.115487
0.0304846
-0.109736
0.0763187
0.0360547
-0.14042
-0.0834884
0.194202
0.0487296
0.015952
-0.0835986
-0.181529
0.122886
-0.14668
0.0876921
-0.174495
-0.147416
-0.241553
-0.0765744
0.00621128
0.169986
-0.146383
0.0802236
-0.131547
0.0118013
0.092539
0.122068
-0.202337
-0.149129
0.176916
-0.0661241
0.0280144
-0.238976
0.14776
0.0395511
0.0232199
0.10148
0.015294
-0.00624525
-0.0283858
-0.0747511
0.0120246
0.107975
0.155999
0.0136198
0.095236
-0.174716
0.0443012
-0.245843
-0.0826222
0.111183
0.0202136
0.0839237
-0.0508591
-0.0238892
0.126683
0.229201
-0.0203411
0.076423
-0.00835593
-0.0237572
0.0445755
0.0634059
0.00982447
0.0771803
0.0307137
0.0107027
-0.0129678
0.0717246
-0.0348136
0.00760877
0.00767819
0.0588258
0.00941816
-0.0896774
-0.00857398
0.0285553
-0.080482
-0.0471732
-0.113758
0.0611985
-0.0176497
0.13131
0.0210684
0.0758204
-0.0396933
0.0516096
-0.174054
-0.0398719
-0.053574
0.0251237
-0.0352853
0.0254178
-0.00904602
-0.0071195
-0.0375758
0.00713312
-0.150267
-0.0716921
-0.132623
0.156307
-0.147725
0.0579294
0.0617755
-0.0548225
-0.0476992
0.25214
0.0536255
0.134732
-0.0423488
-0.0362003
0.172446
-0.00527523
0.0671366
0.0490286
-0.0298452
0.0829323
-0.184717
0.025257
-0.155856
0.0322787
-0.0171091
0.0405821
0.168201
0.0447972
0.0356636
-0.147614
-0.0513319
-0.126896
0.0108538
0.041897
-0.0860769
-0.0898574
0.00629945
0.0182134
-0.216554
-0.126096
-0.0779845
-0.134931
-0.743346
-0.0305609
-0.50017
0.576105
-0.00634939
0.00309464
0.108097
-0.0255803
-0.0343847
0.169203
0.045558
-0.34181
0.120858
-0.167573
0.0497143
-0.0351419
0.327202
0.00836363
-0.0163464
-0.188266
0.195832
0.0497362
-0.147622
0.00749018
-0.143769
0.111435
0.149132
0.0169909
-0.195282
-0.168093
-0.0865898
-0.218989
0.209657
-0.139211
-0.117999
-0.101698
0.117926
0.113992
-0.150859
-0.0751369
-0.426843
0.335743
-0.0504445
-0.0650255
0.318788
-0.0544804
0.135914
-0.0276453
-0.0380755
0.279695
0.0846217
-0.0528432
0.0320915
0.0848619
-0.0721695
-0.0750301
-0.0253843
-0.151417
-0.0746004
0.0465155
0.177294
-0.0314238
0.23849
-0.0829525
-0.086202
0.0986895
0.0386154
0.109727
0.0416007
-0.0579122
0.0917734
0.13495
0.0125575
-0.0497258
0.0839407
-0.00614935
-0.0976628
0.0466986
0.0343921
0.0325951
-0.00309289
0.106058
0.0964933
-0.149803
-0.10971
0.0418109
-0.18022
0.0140885
0.00692947
0.107458
0.0300804
0.0590177
-0.124803
0.0147704
-0.0767989
-0.0339393
-0.200827
0.0173573
-0.0655492
-0.180077
0.0961643
0.0753719
-0.0525224
0.0980047
-0.0994458
-0.0115096
-0.214646
0.0167377
-0.0813685
0.124345
-0.242016
-0.0585181
-0.00559232
-0.160798
-0.0166702
0.0763408
-0.129149
0.195049
-0.143843
0.129307
-0.128371
-0.243545
0.0760112
-0.193053
0.120406
0.18654
0.176045
0.0658835
0.0278998
0.143774
-0.147018
-0.00619726
-0.133817
0.0747456
0.0953747
0.030047
-0.129079
-0.0731981
0.262501
0.0652749
-0.0273179
0.0277138
0.0728558
-0.036012
-0.251673
0.0311247
0.00591246
-0.0204057
-0.236654
0.0561414
-0.128781
0.167675
-0.0719497
0.0689537
-0.0307865
0.156201
0.00274046
-0.000778568
0.149413
-0.0785159
-0.294866
-0.245244
0.220005
-0.0485393
-0.0371116
-0.0507215
0.0902071
-0.277649
-0.164585
-0.176207
0.00416216
0.541261
-0.133007
-0.0644209
-0.0258381
0.196572
-0.179026
-0.432093
0.0411407
-0.0424323
-0.254135
0.238105
-0.733552
-0.112717
-0.605605
-0.255796
-0.727027
1.07975
0.266522
-0.671291
-0.50371
0.33716
0.111644
-0.105204
-0.456155
-0.113016
-0.508381
0.0903107
1.06851
-0.0306479
0.125255
0.240789
0.0776247
0.487633
-0.212877
-0.708281
0.256146
0.174773
-0.539513
-0.300118
0.0619618
0.129749
-0.330151
0.0485955
-0.504677
-0.31233
-0.222324
0.984283
0.0133626
0.000175592
0.227134
0.00893423
-0.606194
0.306973
0.0779212
-0.00659314
-0.408655
0.735512
0.133188
0.0537774
-0.0787287
-0.220208
-0.0183518
0.16003
-0.0456233
0.101472
-0.126309
-0.12357
-0.0208022
0.161731
0.221427
0.332986
0.021935
0.0845531
-0.17833
-0.117263
-0.198728
-0.135257
-0.176737
-0.473834
-0.195506
0.0679074
-0.115498
-0.178336
0.0501114
-0.0984139
-0.0964005
0.347868
-0.00797706
0.441821
-0.20256
-0.204787
-0.156367
0.2404
0.265765
0.0393195
0.293058
0.0476617
-0.351701
0.0543401
-0.274205
0.0132187
-0.106493
-0.349647
-0.0276437
0.0243463
-0.487468
-0.196733
-0.103931
-0.12798
0.247573
-0.253997
-0.353951
-0.0522921
0.528292
-0.515376
-0.079002
0.0696349
0.514561
0.0695294
0.107036
-0.00662436
0.227413
-0.141357
0.0214177
0.117268
0.0623262
0.261091
0.0262795
0.0854402
0.0850684
-0.131919
-0.523311
0.236648
0.112734
0.589506
0.00700432
-0.0805522
-0.0629824
0.0816092
0.301073
0.145645
-0.0158557
0.130296
0.145119
-0.415944
0.0341126
0.20403
-0.123099
0.29551
0.0421631
-0.186319
0.208642
0.136988
0.275041
-0.101319
0.0568749
-0.15821
0.225982
-0.0960863
-0.0263353
-0.26406
0.0229458
-0.00204774
0.238732
0.219464
0.158666
-0.278238
0.0368252
-0.000609533
0.135603
0.0303813
-0.136689
0.016083
0.400197
0.00291641
-0.175578
0.0202978
0.0241179
-0.143449
-0.0137172
0.106121
0.110411
-0.0747206
-0.360109
0.00159554
-0.187278
0.0778217
0.00409216
-0.306459
0.0292536
0.270073
-0.0735736
-0.0503077
0.224859
-0.157733
0.199305
-0.388559
-0.021811
-0.120493
-0.115958
-0.0556985
0.124791
-0.116789
0.314114
0.124896
0.302285
0.0581654
0.042695
0.103413
0.126077
0.0540156
0.242507
-0.0342093
0.0423436
-0.147341
0.183019
0.169961
-0.0533445
0.176062
-0.0181302
-0.118869
0.031652
0.164341
-0.0750937
-0.24723
0.120875
0.0949111
-0.171803
-0.20456
0.094009
-0.0357928
0.150017
0.281591
0.10382
0.0674199
-0.0633984
-0.0939576
0.0855873
-0.0960496
-0.254501
-0.0139948
-0.034685
0.155368
0.145799
0.0332934
0.167388
0.0367271
0.0521448
-0.00672305
0.0155384
0.125835
0.0540274
-0.047766
-0.0618692
0.0715944
-0.0128469
-0.171292
-0.0425505
0.273747
-0.0398086
-0.0673652
-0.214814
-0.157228
0.074613
0.26651
-0.0298983
0.133467
-0.00815538
0.124142
-0.119888
0.241756
-0.0400006
-0.150994
0.188295
-0.0699401
0.0373031
-0.121694
-0.0394329
-0.172358
-0.012663
-0.24931
0.164534
-0.313576
0.0292462
-0.143676
0.168338
0.0671663
0.0133649
0.236724
-0.0116088
0.0977709
-0.007748
0.040297
0.205356
-0.0455653
0.0158735
-0.148708
-0.0686833
0.241328
-0.0556055
0.0582598
-0.330847
0.126447
-0.105485
0.264271
0.00877347
-0.0196157
0.0816363
-0.0567124
-0.167645
-0.0718753
0.107742
0.0824579
0.0795428
0.015637
0.157224
-0.100428
-0.0226625
0.16889
0.0255303
0.0197427
0.0760516
0.0143658
-0.0904338
0.15138
-0.0272181
0.00409444
-0.0248392
0.030273
0.00478574
-0.162727
0.0338315
0.0430719
-0.190332
0.0722026
0.0974031
-0.211286
-0.180303
-0.0902804
-0.11292
0.0664765
-0.045491
-0.183972
0.122809
0.0811313
0.0971136
-0.0660188
-0.24784
-0.180355
0.0925171
0.0244187
0.0690744
-0.0587666
-0.00643391
0.0194523
0.145942
0.100032
0.0566177
0.0730366
-0.0589106
-0.149429
0.0203928
-0.149233
0.118825
0.20342
0.109749
0.0712755
-0.0388525
0.14057
-0.0024669
0.0169702
0.0859884
-0.0136369
0.0277587
-0.0701344
0.113572
0.0888515
-0.0198889
-0.0498217
0.00847093
0.0495971
0.0360476
0.154375
-0.0210567
0.0599506
-0.0234158
0.018054
0.132393
0.0266659
-0.0477768
-0.0816191
0.125381
0.00158354
-0.0318229
0.0760559
0.0207644
-0.177277
-0.0299108
0.163829
-0.0541837
-0.0994591
0.146137
0.115269
-0.276348
-0.12279
0.0990589
-0.0149992
0.0507531
-0.262974
-0.0809171
-0.0845908
-0.332413
0.5163
0.0328475
0.238581
0.110138
-0.317299
0.0168431
0.145648
-0.275465
-0.203759
-0.0660504
-0.0405157
-0.236406
0.153975
0.306339
0.0152147
0.0304771
0.0283618
-0.00011674
0.12202
-0.193027
-0.0572953
-0.0618346
0.19607
0.119323
-0.0144737
0.126792
0.0813819
0.0256516
0.0525677
-0.0105463
0.121489
-0.0380993
-0.103452
-0.144548
-0.073658
0.141679
-0.338931
0.0226393
-0.182853
-0.0398241
-0.030814
0.212269
0.0869464
0.071165
0.0488892
0.0196826
0.185752
0.0300461
-0.0977422
-0.178993
-0.0517209
-0.0695019
0.0382839
0.2502
0.0393062
0.0450953
0.0211266
-0.0458091
-0.0718552
0.0216077
0.231776
0.025048
0.0370591
0.00355312
-0.117446
0.145857
-0.103421
-0.212511
-0.0307585
-0.0404388
0.000261301
0.15561
-0.0324221
-0.181354
-0.115842
0.00957052
-0.12635
-0.0607355
0.022147
0.0650553
-0.0653427
0.021643
0.264281
-8.18623e-05
0.0831042
0.0332311
-0.0605398
0.0758
0.0921697
-0.0108553
0.0751983
0.021903
-0.0215997
-0.0195343
-0.0640324
0.135667
-0.0295931
-0.108377
-0.0381184
0.181996
-0.0308649
-0.00446085
-0.0465862
-0.0286951
-0.0284239
-0.124953
0.13218
0.087935
0.00879896
0.0245386
0.0283146
-0.00783243
0.204025
0.0321961
0.0571997
0.0374052
-0.0398852
0.0520312
0.131645
-0.00782323
0.0503889
-0.0383463
-0.0694897
0.0414484
0.00923012
0.005285
0.0745905
-0.0550181
0.175088
0.0289279
-0.00547986
0.0551179
-0.10064
0.00531168
0.0166439
0.0821609
-0.188701
0.0551206
0.195156
0.0167304
-0.0314659
-0.173065
0.17563
0.0815278
-0.0446952
-0.222952
-0.0141635
0.262853
0.131626
-0.0142243
0.00958081
0.0681133
-0.0372592
-0.0168005
0.0601416
0.0330877
-0.00283171
-0.0157077
0.0114378
-0.059899
0.051639
0.0842622
-0.0142378
-0.0144843
-0.123978
0.00196534
0.0334634
-0.11687
0.108676
-0.0206087
-0.0510671
0.0597224
-0.0481726
-0.13152
0.122492
0.181599
0.00895097
0.000834344
0.00333461
0.0919601
-0.0853225
-0.0829233
0.0541646
0.00757258
-0.0124023
0.0963473
0.0395297
-0.0740344
-0.0357114
0.14976
-0.000835329
0.013925
0.0312699
0.0929813
0.0542488
-0.00319627
0.026437
0.0420358
0.0344393
0.00460936
0.0192513
-0.0118626
0.0287215
-0.142389
-0.00472667
-0.170541
-0.089494
0.0763781
0.120562
-0.0676345
-0.0585651
0.0622472
-0.0653394
-0.0236663
0.00393647
-0.0460954
-0.0968102
-0.116202
-0.16589
-0.324085
-0.203358
0.217218
0.0112902
0.225105
-0.0517022
0.0345665
0.187994
0.0184148
-0.0111343
-0.0060404
0.17541
-0.0224703
0.194787
-0.00624164
-2.78998e-05
0.0553144
-0.05048
0.0531271
-0.0168635
-0.142512
0.105121
-0.0438551
0.0443007
-0.213227
0.0177162
0.293796
0.0636665
0.0832922
0.0656312
0.0944486
0.0523558
0.0175244
-0.0358522
-0.170455
0.00410794
0.155075
-0.109685
0.122051
-0.00862893
-0.0684113
-0.0547444
-0.021324
-0.178765
0.0643949
0.0746165
-0.125007
-0.201976
0.0408349
0.0283206
-0.0795944
0.0691723
-0.00442678
0.184577
-0.105106
-0.200559
0.0492271
-0.0344662
0.0263327
-0.060748
0.139849
-0.126162
0.0215333
0.167464
-0.125296
-0.00686086
0.0754504
-0.0193371
0.187457
-0.0100522
-0.178482
-0.0393251
-0.0189468
0.0875882
0.171057
0.111928
0.0583952
0.0316504
-0.00473045
-0.0110957
0.0540174
-0.092389
-0.235752
-0.077907
0.129804
-0.0733709
0.00745401
-0.156619
0.118528
0.0398084
0.0947949
0.0496015
0.0247427
0.00668322
-0.132544
-0.0867156
-0.0436134
-0.29024
-0.228696
-0.232438
-0.345992
-0.282369
-0.51476
-0.0104557
-0.52683
0.322943
0.339284
0.0407655
-0.0455023
-0.0769605
-0.599466
-0.221613
-0.0113572
0.106487
0.265233
-0.172109
-0.0839094
0.236619
-0.0462259
0.246636
-0.09417
-0.341324
-0.541928
-0.100018
0.399241
0.00541923
-0.412441
-0.2292
0.183681
0.330929
0.30984
0.117798
-0.28684
0.283557
-0.25058
-0.508865
0.0624475
0.282694
0.51566
-0.0892674
0.10904
-0.246943
-0.532484
0.479654
0.309821
0.0537945
0.297844
0.0302583
0.218333
-0.13373
0.0881342
-0.182255
0.0306386
0.0612669
-0.251811
0.348459
0.140213
-0.0140803
-0.0508674
0.521038
0.0131663
-0.328117
-0.512527
0.222244
0.276988
-0.276099
-0.0630191
0.0551043
-0.22374
0.0654339
0.317381
-0.119599
-0.0870608
-0.0333943
-0.107435
-0.0857137
-0.340619
-0.123142
-0.14483
-0.054493
0.118599
0.449365
0.0945506
0.486151
-0.0873592
0.0739492
0.0417005
-0.127353
-0.0567053
-0.2027
0.189313
-0.341993
-0.0193265
-0.173148
0.0972849
-0.0504538
-0.0546405
0.306195
-0.0953733
0.104178
0.0456053
0.0184041
-0.20323
0.133409
0.0843961
0.295949
0.148752
-0.0896235
-0.0254918
-0.0626472
-0.0673948
0.239334
-0.0172795
0.0435795
-0.0586417
0.124452
0.179916
0.0341118
0.0966115
-0.0185164
0.0501986
-0.0270693
0.00409605
0.18208
-0.0427069
-0.104242
0.0224127
0.241271
0.0587539
0.16546
-0.00271935
-0.0157258
-0.00805813
0.0591542
-0.142179
0.0677671
-0.0152677
0.0441195
-0.00885274
0.141282
0.145288
-0.0578359
-0.0935286
-0.0504056
0.0804022
-0.0216276
0.0553676
-0.0459117
0.124209
-0.0294304
-0.0796506
-0.345749
0.0571249
0.242029
0.0666
0.0306789
0.136087
0.118663
0.0914389
0.0186958
-0.00503018
-0.139744
0.0231907
-0.128178
0.0205487
0.118809
-0.000466273
-0.113798
-0.178252
0.10372
0.15685
-0.105949
-0.287997
-0.0129804
-0.252343
0.102853
0.102118
-0.239133
0.0625178
0.261906
-0.10193
-0.0907392
0.117575
-0.342259
0.102812
0.171634
0.0526613
0.0907161
-0.0591778
-0.074852
-0.0243638
-0.200626
0.0121998
-0.191703
0.0473216
0.0657109
0.0945655
-0.196386
-0.0792193
-0.0262806
-0.118647
-0.0599989
0.0949358
0.163806
-0.235599
0.0478354
0.0380059
-0.0264548
0.115803
-0.183068
-0.0261773
-0.347734
-0.119817
-0.0147813
0.206567
0.0820876
-0.0218336
0.0166722
0.0328239
-0.0142118
-0.0225861
0.146833
0.030118
0.182631
0.0451101
-0.0769521
-0.126731
-0.211146
0.00700917
0.149287
-0.127768
0.42401
0.123605
0.125637
-0.0204065
-0.0446397
-0.193816
-0.0352252
0.0791532
0.0240767
-0.0535999
0.212316
0.0131376
0.0181383
0.161034
0.110053
-0.191769
-0.322941
-0.0451531
0.0251777
0.271683
0.160397
0.125765
-0.00265798
-0.026318
-0.222111
0.385403
0.0769862
0.0709028
-0.00258401
-0.00166486
-0.0293758
-0.0503528
0.0932154
-0.0396379
0.0709892
0.0635313
-0.0102308
0.0787934
-0.101467
-0.0976289
0.0308894
0.108972
-0.0637292
0.0112603
-0.165514
0.10861
0.0629792
-0.117944
0.0462104
0.286801
0.0655968
-0.00110867
0.132763
0.0456132
-0.045326
0.138308
-0.0113932
-0.0759255
0.0584457
-0.00171788
0.0837272
-0.0517465
0.0161066
-0.202162
0.0185497
-0.101847
0.152077
-0.0285255
-0.000889602
0.126043
-0.145226
-0.0780414
-0.0405822
0.105572
-0.0678097
0.0396858
0.157161
0.0247512
0.0575525
-0.0763809
-0.0715095
-0.212893
0.0266733
0.0102548
0.0438193
-0.0397505
0.112152
-0.0326848
0.102822
0.0383417
-0.0508906
0.0697619
-0.198396
-0.0386072
-0.0577098
0.00733976
0.000502656
-0.0941777
-0.0827132
-0.13276
0.24629
0.0687573
0.0163254
0.0835508
0.0881401
-0.0234229
0.0551141
0.0150999
0.0780638
0.00613251
0.0400385
-0.000120837
0.0260982
0.106732
-0.0222427
0.0174369
0.0778145
0.0329376
-0.0431804
0.0190932
0.0111433
0.0637549
0.0194751
0.00469356
-0.0468636
0.0256994
-0.0569676
0.216223
-0.0287603
0.025662
-0.0563673
-0.047743
0.0319664
-0.0155552
0.00915401
0.0181161
-0.0695989
0.0198083
0.0574725
-0.0430505
0.0603582
-0.0681772
0.0147108
0.0525243
0.140768
-0.0318275
0.0198575
-0.0475864
-0.0452422
0.0734691
-0.252295
0.0345428
-0.109513
0.012747
0.0804178
-0.0240744
0.0345885
0.0672653
-0.105195
-0.0494988
0.0462748
0.160876
-0.0304241
-0.189825
0.102773
0.144193
-0.229127
0.103085
0.0854489
-0.043418
-0.0214028
0.229582
0.0620916
0.0257769
0.0586458
-0.00273021
-0.022783
0.00601121
0.109126
-0.0192781
-0.0400534
-0.0788426
0.0679388
-0.0871831
-0.0267103
-0.0512605
0.0111361
-0.11562
0.00798262
0.188783
-0.0873914
-0.0731068
-0.20502
0.00507805
-0.0328499
0.22414
0.0777953
-0.162474
-0.0415855
-0.0390379
-0.236485
-0.0391271
-0.0184416
0.0243002
0.237982
0.13079
0.0947039
-0.0231346
0.0748847
0.05094
0.060471
0.199683
-0.0125782
0.0855539
0.0826834
0.0155519
0.0193941
0.000845754
0.0719932
0.0279131
0.00890517
0.0335522
0.0686257
0.0193408
0.0690341
-0.21195
-0.0560238
0.093453
0.115714
-0.1716
0.0760247
-0.0613295
-0.0757941
0.0122546
-0.121005
-0.11951
0.190631
0.0640137
-0.103122
-0.0967761
-0.0589704
0.0401518
0.107407
0.0167578
-0.0394844
-0.333167
-0.17718
-0.12504
0.15332
0.164666
0.0624664
-0.0395359
0.0309848
-0.0920438
-0.103495
0.208544
-0.238374
0.206086
0.111331
0.0108284
0.113799
0.0659313
0.0268004
-0.0410807
0.0652295
0.0992909
-0.00662265
-0.00061304
-0.0202209
0.0777318
-0.0960907
-0.0653661
0.0171112
0.014506
0.0059832
0.161522
-0.00450721
-0.0101879
-0.118158
-0.0474029
0.0697759
0.0240016
0.025082
0.067374
0.0265344
-0.0735445
0.0186667
-0.0306123
-0.0795138
-0.0176301
0.134843
0.0227187
0.0215524
-0.230966
-0.103242
0.044825
-0.112164
0.17217
-0.0769097
0.0185752
0.0475453
0.0492888
0.000785876
0.203584
0.0580684
-0.00203708
0.0181374
0.120989
-0.0186518
0.045389
0.0670739
-0.0212427
-0.0467223
0.0338841
0.00118899
-0.00176607
-0.00298961
-0.0777817
0.109631
-0.0689664
-0.00747745
-0.0364688
-0.0416277
-0.0459208
0.196582
0.0448699
-0.00116973
0.0920017
0.0470919
-0.0385317
0.0600996
0.00239125
0.0900839
-0.030894
0.0678973
0.0056888
-0.00789322
0.048209
-0.0130549
0.0262139
-0.0289217
0.0325856
-0.0311644
0.0351909
0.0443223
-0.00302875
0.0325304
-0.0345131
-0.0238818
0.104184
0.0207773
0.061693
-0.0348989
0.00954618
-0.00651178
0.024936
0.0873813
-0.0106292
0.0655106
0.03868
0.0190816
-0.00355165
-0.191744
-0.0901448
-0.0611008
0.0958086
0.0247826
-0.0881832
-0.0410412
-0.0664421
-0.0116959
0.172926
-0.0859678
0.105799
0.166323
0.0687873
0.0938549
0.105429
-0.0388992
-0.160534
0.0372817
-0.00758133
0.0826025
-0.0087985
-0.0805836
0.0546498
0.0389074
0.0318517
0.200584
-0.0165536
0.0259498
-0.0278121
0.0146248
-0.0102927
-0.0920575
-0.251309
-0.0456745
0.0615165
-0.0748841
0.0392834
-0.0717349
-0.129738
-0.0640037
-0.0127052
0.152684
0.0488616
-0.012973
0.20131
0.0643897
0.0593305
0.0681557
-0.00583941
0.00312738
0.000279021
-0.0427413
0.0395321
0.0536927
-0.00988322
-0.0388606
-0.0762603
0.107623
-0.349824
0.243056
-0.0492714
0.000891371
-0.203377
-0.0915873
0.0455386
-0.128783
-0.187741
0.0427351
0.136513
0.0669369
0.0372579
0.0205353
0.050239
-0.16639
0.161529
0.117295
0.00278298
0.142851
-0.0326805
0.0498965
0.0204403
0.00567204
0.0692894
-0.192564
-0.0211135
0.016381
-0.054649
-0.148379
0.0256023
-0.178756
0.155869
0.098134
0.200303
-0.0583982
0.00470255
-0.155283
0.0475497
0.144781
0.0199197
-0.0492828
-0.0277902
-0.0652417
0.056633
0.090023
-0.0270472
0.125505
0.0534205
-4.10481e-05
-0.101328
-0.0279492
0.0314074
-0.0210479
0.0608061
0.0237297
0.0483349
0.126965
0.0484027
-0.00166035
-0.000271184
0.00439503
0.0068873
-0.0305789
0.00698332
0.0212938
0.0394887
0.0214439
0.0201323
-0.0790752
-0.0111717
-0.0260232
-0.0291861
0.036699
0.0100851
0.073913
-0.0167671
-0.0666265
0.017282
-0.0710199
-0.0638956
0.0104684
0.0182209
0.0702695
0.00894269
0.118513
-0.0203105
-0.10345
-0.13558
0.0362908
-0.153152
0.00746162
0.119975
-0.0652225
0.142871
-0.107469
-0.0347751
-0.111701
0.126413
0.0197348
0.0414373
-0.154391
-0.0476453
0.0576155
-0.0622948
-0.195993
-0.212066
-0.0609235
0.0388147
-0.0651759
-0.100249
-0.0328557
0.188482
-0.12194
0.141679
0.0284626
-0.144671
0.166577
0.0957511
-0.021138
0.092926
-0.066551
0.181412
0.0816944
-0.019251
-0.1126
0.00803936
0.00935169
0.029484
0.124883
0.101051
0.0233778
0.0112901
-0.0486217
-0.0108499
-0.00916863
-0.0415155
0.00880338
-0.0276793
0.0296151
0.140426
0.0011531
-0.0508674
-0.159748
0.0695225
-0.158526
-0.0204836
-0.0715257
0.0543887
-0.0978666
-0.200624
0.0150285
-0.134787
-0.100523
0.0107659
-0.243029
0.0268392
0.014492
-0.291171
0.0127663
0.30676
-0.150856
0.192227
0.0596618
0.119162
-0.0659935
-0.0952355
0.184282
0.0161084
0.0352027
0.229957
-0.0809215
-0.0925511
0.161254
0.0662604
-0.0916809
0.0644081
0.0183326
-0.170155
0.0406836
0.00478953
0.0575554
0.160086
0.0171898
0.0117846
0.258729
0.0542987
0.0770309
0.0549632
0.0596374
0.00599276
-0.0173882
-0.0295812
0.0378883
-0.121516
0.236509
-0.0717638
-0.223427
0.00614543
0.0638787
-0.275287
-0.275493
0.243298
-0.0203681
0.275526
-0.0245939
0.0801927
0.0569548
0.00505766
-0.123229
-0.0417157
-0.303144
-0.00369533
0.051106
0.330092
-0.194104
0.137313
0.161338
-0.125439
0.217171
0.13382
0.0730818
0.0144201
0.0409612
0.131558
0.202955
0.13871
-0.158449
0.0772182
0.0250833
-0.0406397
0.124235
0.0579591
0.0186862
-0.005418
-0.0542674
-0.170047
0.0843437
-0.0015993
0.154619
0.0399853
-0.0367073
-0.0253087
0.0598263
0.0372814
0.0441665
0.072385
0.0669935
0.00404113
0.103758
0.065529
0.00762773
-0.114586
0.0970594
0.0992652
0.0407374
0.026923
-0.0708163
0.26227
-0.00559244
0.0862591
0.221128
-0.15477
-0.0485953
-0.0196197
0.116941
-0.119934
0.0919199
-0.117609
-0.0182552
0.0207915
0.181751
-0.0996507
0.0293814
-0.0283621
0.129619
-0.0725677
0.107908
0.169752
-0.0291339
-0.0904747
0.00305838
-0.191898
-0.261891
0.172358
0.0400059
-0.0606631
-0.121904
0.0741636
0.191461
-0.190775
-0.326078
0.0189278
0.143426
-0.254655
0.0198173
0.0508122
0.26108
-0.0311173
-0.173634
-0.105987
0.18189
-0.0980499
0.127816
0.22097
-0.00410125
0.013596
-0.0418758
-0.162016
0.124808
-0.0797998
-0.22845
0.019457
-0.0942249
0.079848
-0.0694377
-0.127299
-0.118796
-0.0576719
0.237226
0.0596427
-0.120991
-0.190724
0.0536023
-0.0599402
0.11078
-0.0543805
0.373723
0.07133
-0.0619459
0.00163013
0.0168076
-0.362581
-0.125505
0.212912
-0.0728468
-0.0369713
-0.152866
-0.198315
0.0658323
0.229143
0.286161
0.148029
0.0282771
0.0197426
0.152305
-0.0370582
0.053227
-0.112184
-0.0727598
-0.00743251
-0.144065
-0.259836
0.105721
0.0338961
0.040323
0.0459449
0.118431
0.0107866
0.156098
-0.0440975
-0.0817042
0.0986777
-0.271765
-0.332226
0.082063
-0.0268096
-0.0408745
-0.022337
-0.216481
-0.236779
-0.299361
-0.48165
0.485205
-0.129877
0.313312
-0.0165807
-0.0380099
-0.240593
0.0323765
0.264959
-0.274925
0.0700569
0.159719
0.030873
-0.09036
-0.0854543
0.00807755
0.0555021
0.0382851
0.00231719
-0.311178
0.03257
-0.387206
0.0437465
-0.194311
0.27297
-0.21384
-0.0350159
0.219821
-0.157742
0.0459759
0.270278
0.0893015
0.0680016
0.0227114
0.103068
0.0229818
-0.0863512
-0.117273
0.149097
0.0392974
0.0590861
-0.0163745
0.0887094
0.244942
0.284303
0.00629732
-0.101566
0.129874
-0.0287713
0.0455406
0.0922268
0.000438748
-0.0971821
0.0391111
0.0916912
-0.158308
0.0157699
0.0693188
-0.115481
-0.0690798
0.00450953
0.237796
-0.0101134
0.113848
0.0309743
-0.0247797
-0.143757
0.213141
0.134486
-0.0238871
0.0780307
-0.106866
-0.0634449
-0.364729
-0.0344831
0.123848
-0.197124
-0.0762808
0.00607742
-0.247274
-0.196027
0.302154
0.0180499
0.253567
-0.121737
-0.104636
-0.00859555
0.225203
-0.0689658
0.191722
-0.108439
-0.437204
0.0258908
-0.0936272
-0.231932
-0.131636
-0.0246712
0.161897
-0.0245355
-0.168831
-0.257447
-0.0245658
0.148403
-0.286095
0.192479
0.197244
-0.0294646
0.0885532
0.0589441
-0.24717
0.16311
-0.0411439
-0.18289
-0.15379
-0.0440404
-0.114704
-0.336041
-0.111946
0.154098
-0.297622
0.242264
0.263386
-0.078214
0.26157
0.0917478
-0.0801947
0.195707
-0.165162
-0.267948
0.176964
0.192971
-0.0188329
0.230859
0.0610042
-0.0252965
0.0738149
-0.0461563
-0.088446
0.0311802
-0.234064
0.344568
0.160567
-0.0566252
0.0497665
-0.0917814
0.0590634
-0.00217107
0.0414877
0.0329084
-0.17267
0.0370741
0.159194
-0.0810519
-0.172948
0.0279766
-0.266938
0.0637378
-0.0980316
0.0956935
0.0629162
0.0807221
0.267487
0.067149
-0.0417768
0.0681538
0.224026
0.0690394
0.0138471
-0.05982
-0.0765837
-0.033823
0.0391454
0.0206783
-0.277207
0.083622
-0.196016
-0.0997421
0.0239941
0.018345
0.111374
0.0648663
-0.0700477
-0.114129
0.0916284
-0.0632061
0.0534856
-0.149291
0.121887
-0.0746317
0.216113
0.145987
0.0659249
0.0132298
0.0455112
-0.0684508
-0.0569692
0.00348765
-0.103136
0.0176226
0.163266
-0.0689107
-0.126231
-0.25524
-0.181802
-0.144178
0.0915098
-0.0587147
0.0843414
0.337553
0.0535808
0.0552803
0.182974
-0.706727
-0.306518
0.190881
0.173135
0.0703082
0.0987151
-0.0688015
-0.18344
-0.168577
0.0484467
0.221423
0.209379
0.131999
-0.0335368
0.137599
-0.00139002
-0.00374615
-0.0817088
0.159788
0.0139916
-0.00861913
0.0499176
0.0484394
0.0698101
-0.0433322
0.0607114
-0.00675485
-0.181867
0.0254696
0.0565255
0.135325
0.0626461
0.246675
-0.0393658
0.0859605
-0.0274141
0.0240346
-0.0584238
-0.131027
0.0618339
-0.0554868
-0.0475417
0.0934509
0.0283655
-0.0882924
0.0551014
-0.0410077
0.106782
-0.0611279
-0.0552667
0.14093
-0.010864
0.0139704
0.0614185
-0.0725124
-0.0958649
-0.134893
-0.0433944
-0.00789715
0.0507457
-0.149737
0.0946254
0.0192513
0.0409306
0.225194
-0.0443263
-0.221943
-0.0310568
0.0739042
-0.0314719
0.100858
0.102781
-0.0319071
-0.0160537
-0.0740181
0.126187
-0.0442616
-0.0512695
-0.104122
0.158435
-0.072861
0.121107
0.0132817
0.0521946
0.0087248
0.0469819
-0.00358794
-0.0443751
0.00690761
-0.0195109
-0.0291938
-0.131047
-0.148569
-0.0435332
-0.0648532
0.190988
0.0242321
0.154951
-0.0149366
0.0355245
0.0240995
0.0386855
-0.0666104
0.0203003
-0.0196537
0.0192699
0.0268422
-0.0480993
0.0251215
0.00935994
-0.109577
0.0356743
0.0186348
-0.100358
-0.0196701
0.161791
0.0843338
0.194262
0.1739
0.0216324
-0.0119854
0.0840414
-0.0353409
0.107523
0.0330336
0.0198771
0.0332352
0.00340064
-0.0109402
-0.00538716
0.0194664
0.0023968
-0.0208849
0.0261727
0.101624
-0.0121556
5.98536e-05
0.000544567
0.0121371
-0.0302375
0.0166841
0.0541298
-0.108024
0.093425
-0.0642429
-0.0127388
0.0513322
-0.00215552
0.0286221
-0.0728173
0.0425143
0.180433
0.0360014
-0.0290416
-0.112683
-0.12627
0.107086
-0.027096
0.0202239
-0.122318
0.0343468
-0.00524886
0.0858104
0.020686
0.0916846
-0.00222551
0.0187731
-0.0311572
-0.000187718
0.0598702
0.117563
0.025953
-0.0423945
-0.121087
0.0157785
0.00992535
0.194788
-0.00631673
-0.0267448
-0.0575009
0.00646972
0.000977646
0.00925434
-0.0127059
0.0224192
-0.00103444
0.0175677
0.0608556
0.00997629
-0.0350668
-0.0755951
-0.0486125
0.113233
0.0204032
-0.0566903
0.127023
0.044004
0.0436885
0.0459439
-0.0453153
0.0204891
-0.0528982
0.0109206
-0.00476782
-0.0200937
-0.0502633
0.0126373
-0.0376696
-0.0900563
0.0133321
0.00904194
0.0176525
0.331746
0.00967784
0.00461893
-0.0232855
-0.00464619
0.0560339
0.0159288
0.0952837
0.0544928
-0.0175825
0.0428951
0.00653937
-0.0364375
0.0465834
0.0286423
-0.00195987
-0.135966
-0.0329485
0.038552
-0.0152271
0.0314024
-0.0128688
-0.0167431
-0.0154933
0.0212202
-0.0239979
0.0129928
0.0394466
0.123998
-0.10412
-0.0139023
0.032372
0.080018
-0.0982353
0.0585653
0.032044
-0.0895305
0.0478853
0.10625
-0.0577039
-0.0316779
0.0154412
-0.0474705
0.0293441
-0.0784621
-0.0187611
-0.1844
-0.0736184
0.12112
-0.0306511
0.0132979
-0.0583291
0.00599896
0.0460972
-0.00715381
0.151267
0.0116749
-0.00760522
-0.0353383
-0.12533
0.01741
-0.00385537
-0.167856
-0.0254484
0.0452408
0.0332127
-0.075923
-0.0404845
-0.0366133
0.109187
-0.0571444
-0.0219925
0.116963
-0.0330279
0.0284163
-0.112944
-0.115607
-0.00019996
0.124953
0.00979364
0.0710454
-0.0493724
-0.0314088
-0.0818786
0.134472
-0.0451081
0.00536254
-0.0105875
-0.0366144
-0.147568
0.04726
0.0443674
0.0717402
-0.0333512
0.0177496
0.0746401
0.0669818
0.00597594
0.138231
0.0396235
0.0229687
-0.0104568
-0.0172716
0.0323629
0.00191105
0.00587314
0.0245223
-0.00609761
0.00195335
0.00824653
0.0413338
0.0372527
0.0972925
0.057354
0.0524631
-0.00190429
-0.00934222
0.0157795
-0.0209448
0.0165353
0.00940908
0.00691477
0.00910161
-0.00664695
0.0368466
-0.0406641
0.000908854
0.00912456
0.00772652
-0.0460441
0.137904
0.0639525
0.00909761
0.176771
-0.0182708
0.0281805
-0.00747398
-0.066687
0.0023544
-0.150472
-0.0418775
-0.0404932
-0.0313618
-0.0439145
0.0544504
-0.0410809
0.0498456
0.0830319
-0.116491
-0.00498796
0.0393504
-0.045771
0.045534
0.00179151
-0.02905
-0.125547
0.152055
-0.00766824
-0.0381539
0.0355559
0.0828666
-0.0228713
0.0455237
-0.044008
-0.0439492
0.0271129
0.158045
-0.0727608
-0.111563
0.0309947
-0.0282251
-0.00211952
-0.069159
-0.0481133
-0.035868
0.082648
0.145095
0.114583
0.0360774
0.0133139
-0.0781871
-0.059235
0.0318588
-0.0336696
0.0346509
-0.047196
0.0736586
0.114555
0.0217415
0.0709829
-0.107406
-0.0871337
0.0313903
-0.011768
-0.0955965
-0.00623749
-0.141702
-0.169642
-0.0766865
-0.235121
0.158326
-0.265714
-0.125421
0.143739
-0.070484
0.116289
0.0056793
0.0853215
-0.0534356
0.0822573
-0.0139513
-0.00688267
0.017542
0.0345851
-0.029027
-0.0440341
-0.198903
-0.230033
0.147608
0.0190045
0.10796
0.0895988
-0.00719823
0.0579123
-0.160201
0.0136638
0.0877181
0.0355935
-0.140258
0.07365
0.00147894
-0.171308
-0.178248
-0.0836801
0.154536
-0.025193
0.129816
-0.078244
-0.0371863
0.28629
-0.0520817
0.0167167
0.109957
-0.0837147
0.0979733
0.0220382
-0.0410652
0.155474
0.00417833
-0.0186103
-0.0214434
0.025397
-0.0171708
-0.102928
0.0627299
0.0641119
0.0248008
0.149634
-0.087948
0.101491
0.099769
-0.0277875
0.0238633
0.0614735
-0.016623
-0.0181149
-0.00591182
0.0202493
0.0905989
-0.028169
0.0702544
-0.147692
-0.0942639
0.0642964
-0.0577874
-0.154292
0.0921411
-0.140908
0.0942635
0.0364624
0.0128179
0.0335247
-0.0148359
-0.0347961
0.0596347
-0.000475255
0.0375242
0.166572
-0.0739349
-0.136541
-0.122407
0.0135501
-0.145398
0.0540497
-0.249018
-0.0293742
0.092968
-0.139757
0.105191
-0.055272
0.0902665
-0.0255642
0.118378
0.0255443
0.0381148
0.0524456
-0.154013
0.060891
0.0381572
0.0161655
0.0797072
0.0821167
-0.0625883
-0.0989168
-0.0102347
0.111594
-0.0871119
0.18111
0.0398681
-0.048483
0.00570215
-0.0535971
-0.150869
0.0551861
-0.0139207
0.0395942
-0.0115897
0.0336396
-0.200609
-0.052947
0.000105093
-0.159747
0.0607868
-0.0217772
0.0984041
0.0430417
0.000976949
-0.0162578
0.0233759
0.115343
-0.00868887
0.0273105
-0.0538313
-0.104739
-0.014285
-0.110929
-0.139998
-0.0710213
0.00366289
0.0223085
-0.0134162
0.0516865
0.0193043
0.0568907
-0.0230546
0.0505151
0.0503348
0.0875612
0.0843386
-0.0646121
0.0192836
0.00907047
0.0400462
-0.153035
0.0750843
-0.0417843
-0.0354158
-0.10859
-0.136949
0.0251288
-0.223498
-0.148937
-0.0134761
0.0780976
0.138852
-0.0523759
-0.107982
-0.030575
-0.0255568
-0.219373
-0.0735788
0.102665
-0.0946348
0.119685
-0.0425153
0.140861
0.0183542
0.0438936
-0.0208832
-0.0092432
0.0821736
-0.0448182
0.00159594
-0.178279
0.128769
-0.0521654
-0.0517087
-0.0111655
-0.085418
-0.159683
0.159354
-0.0944307
0.0485423
0.143726
-0.0402487
-0.00905031
-0.000574776
-0.0363462
0.183275
-0.114155
-0.119883
-0.353729
-0.0211959
-0.155088
0.148059
0.137193
-0.00432824
-0.0540886
-0.0864868
-0.0291084
0.023546
-0.145119
0.0213893
-0.240132
0.169485
0.0200864
-0.15577
0.331436
-0.0184805
0.0521266
0.0823516
0.0259176
-0.0312989
-0.0290202
0.0329965
0.0361547
-0.0115517
0.259387
-0.0620722
-0.0414733
-0.016759
0.0528245
0.135296
-0.0635607
0.00759771
-0.0331867
-0.00765881
0.00676445
-0.00364989
0.169801
-0.0381275
-0.270929
-0.105104
0.098361
0.100712
0.0369077
-0.0695781
0.187601
-0.000530652
0.00885491
0.0816869
0.0186728
0.0300861
0.0415358
0.0307213
-0.0464302
0.0246139
0.0744381
-0.00777736
0.024193
-0.0285331
-0.0604449
-0.0521945
0.0744662
-0.0167425
0.0417727
0.0130049
0.0844073
-0.0245308
0.112049
-0.157765
-0.0465839
-0.162166
-0.0154284
0.0639813
-0.00038569
0.00798358
0.0852833
0.134395
0.0621246
0.168386
0.0280752
0.0181186
-0.038668
-0.0947603
0.0465893
0.024571
0.0540876
0.0169446
0.0671932
0.0426728
0.0568765
0.0107287
0.0632626
-0.0248503
0.0264903
0.0104206
0.0130192
0.00108536
0.0543903
-0.101922
-0.159267
0.071842
-0.170585
0.0714916
-0.153058
0.0963376
0.0896186
0.172721
-0.058193
-0.162811
0.0844997
0.0207883
-0.179374
0.0489329
0.0499454
-0.036625
-0.158597
0.0541457
-0.14833
0.0560977
0.150113
0.00804915
-0.0231219
0.076872
0.0912604
-0.0330675
0.0439537
-0.0598791
-0.0087503
0.201443
-0.018847
0.0379984
-0.0125285
-0.0530986
-0.0376525
0.0137943
0.0209737
0.103585
0.098379
0.00426367
0.0712095
0.0108216
-0.0487096
-0.0199271
-0.0856368
-0.0508987
-0.0334258
-0.00713823
0.0518154
0.0351595
-0.0726141
-0.092134
0.0263156
0.0238947
0.162505
0.0257055
-0.129228
0.0466475
-0.00195726
-0.220023
0.0343519
0.0524589
-0.315633
-0.181834
-0.0779716
0.0707988
0.166214
-0.128817
-0.0120822
0.0601374
-0.221557
-0.0698445
0.130637
0.131138
-0.0549423
0.129336
-0.047397
-0.116045
0.0399925
0.0615525
-0.0247535
0.11713
0.0844481
0.0121374
-0.0359695
0.0954053
0.0842511
0.0534164
0.0281509
0.0347914
0.0733812
0.0413251
0.0468515
-0.0710062
-0.00622086
0.0137385
0.0547989
0.00827224
-0.101313
-0.028544
-0.0594678
0.0443348
0.074911
0.0380021
-0.133041
-0.279963
0.0731554
0.0701946
-0.105728
0.103107
0.0576629
0.28163
-0.0200741
0.114055
0.0318739
-0.0119725
-0.0168856
0.0901136
0.00527825
0.0340471
0.0575836
0.0173947
0.036538
-0.00161494
-0.0227387
-0.0337048
0.0729911
0.134292
0.00929795
0.0238447
0.0827908
-0.0459314
-0.0228475
0.0643005
-0.0403111
-0.0377428
0.046567
-0.0262699
0.0106783
-0.0477501
-0.0155458
0.0199073
0.062529
-0.00757491
0.0381929
-0.0312749
-0.00694827
-0.207404
0.0189646
0.115792
-0.0654855
0.0852594
-0.046414
-0.0266582
0.0579924
0.0568102
0.0460907
0.0936228
-0.0897761
-0.0495436
-0.00771745
0.0806163
-0.0134636
0.0271265
-0.0662759
0.102813
-0.125384
-0.0699532
0.0757691
0.0703281
0.130435
-0.00871068
-0.0236052
0.00369459
-0.017993
-0.00213696
0.0717482
0.0168499
0.00511325
-0.02964
-0.0946552
0.139634
-0.277755
0.0896559
0.015981
-0.141787
-0.134016
0.0485807
0.179707
0.14693
0.0713341
-0.0450454
-0.0146471
0.0986736
0.089081
-0.00316461
-0.000887409
0.0288285
-0.0747857
0.0784924
-0.0910654
-0.0621585
-0.408923
-0.189545
-0.0122121
-0.324119
-0.393417
-0.0273532
0.106966
0.118029
-0.15202
-0.34308
-0.827698
-0.141733
-0.0352016
-1.30549
0.0771486
-0.545168
0.222673
-0.5725
0.197893
0.363246
-0.21257
1.04143
0.177467
0.127497
-0.375363
0.188658
0.121378
-0.401571
0.0272765
-0.0471821
0.560733
0.275597
-0.0230169
0.221901
0.124001
-0.397453
0.0211651
0.309897
0.0470575
-0.407259
0.159869
0.0943775
-0.170461
0.308559
0.126439
0.285008
-0.224049
-0.37029
0.247849
-0.115545
0.143289
0.134061
-0.0731639
-0.0050731
-0.259202
-0.196983
0.12321
0.551802
0.0148367
0.13312
-0.141575
0.00717299
0.282599
0.0990316
0.132147
0.10533
-0.166283
0.368076
0.380385
-0.0455904
0.330053
-0.0218877
-0.158509
-0.0698504
-0.457108
-0.017567
-0.0317935
0.333799
0.0538345
-0.0815855
0.040004
-0.055128
0.210435
-0.349231
0.0691584
-0.072922
0.117371
0.0642217
-0.0409901
0.279796
-0.0638753
0.162519
-0.0920316
-0.0971592
-0.00428238
0.114835
0.130742
-0.0804868
0.182319
-0.0434092
0.0346124
0.0980575
0.0952838
-0.0514386
-0.000656566
-0.204568
0.000467806
-0.00263293
-0.0101495
-0.351287
-0.0536915
0.267336
-0.0365262
0.047013
-0.0543091
0.0658582
0.0099757
0.202359
0.0859363
-0.0498382
-0.0713422
0.0149642
-0.0301525
0.0739166
-0.114178
-0.0509481
0.233634
-0.00376599
0.097922
-0.0713601
-0.0483439
-0.06761
0.0222767
0.205349
-0.141182
-0.166109
0.198612
-0.101234
0.205216
-0.0214174
-0.00458115
-0.00695523
0.0181814
0.028482
-0.0357096
-0.0697988
-0.447338
0.0413332
0.0384986
-0.0288318
-0.109565
0.31705
-0.0350628
-0.0508783
-0.0235066
-0.0328323
0.109158
0.0603942
0.0174578
0.087514
0.006914
0.0665759
-0.0913093
0.00696381
-0.252082
0.160268
-0.0421758
-0.0919917
-0.14178
-0.0116173
0.081537
-0.377575
-0.0937349
-0.425952
0.0324377
-0.0359237
0.198595
0.251885
0.192721
0.195946
-0.0703212
0.481756
0.0511372
0.0402357
-0.124276
0.0181935
0.0472172
-0.00391337
0.0519606
-0.0880478
0.0389651
-0.00782835
0.125266
-0.00198676
-0.00243035
0.0368935
-0.0334396
0.0683376
-0.0517388
-0.0454564
0.0347243
-0.0210463
0.00564247
0.0464106
-0.0334355
-0.137397
0.0826663
0.105101
0.150852
0.0743724
-0.0269181
-0.285924
0.128871
0.125251
0.148343
-0.0209861
-0.0310039
0.00580055
-0.055169
0.174821
0.0547524
0.0580276
-0.0806617
-0.00832726
0.0105154
0.0350828
-0.144708
0.0438696
-0.0240679
0.0766581
-0.010565
-0.0235417
-0.167182
0.165034
-0.182266
0.0333278
-0.172012
0.139829
0.155256
0.0709214
0.0904918
-0.00253961
0.00226942
-0.0342768
-0.0564186
0.0771727
0.00639319
0.042324
-0.0318597
-0.111055
-0.016074
0.0762559
-0.030913
-0.0612843
0.0798763
-0.0694088
-0.0672607
0.16298
0.0192349
0.0286136
-0.0168397
-0.0969727
0.325254
0.0395785
0.0706117
0.0200206
-0.0460929
-0.0282903
0.0662742
0.0267751
0.121824
-0.105129
0.0247351
0.00328083
-0.0352755
0.00750602
0.0868775
0.046525
0.128003
-0.000180237
0.0656342
0.0695981
-0.0239029
0.0173273
0.0206858
-0.012585
0.0127164
-0.0165618
0.0303171
0.133109
-0.0592709
-0.156657
0.0438312
0.0816283
-0.0267315
0.0109365
-0.0308197
0.0280996
-0.0906383
-0.0120766
0.066218
-0.252557
0.209351
0.0170972
0.132639
0.000493353
-0.183923
0.020132
0.0325932
0.141731
-0.0129941
-0.00652306
-0.179034
0.168421
0.0436579
0.0178497
-0.00929629
-0.0285113
0.073238
-0.0638962
0.094378
0.0226818
0.0191834
0.0384546
-0.0100414
-0.0233419
-0.0380889
-0.00636865
0.0780761
-0.0125163
0.0355887
-0.0120542
0.0108782
-0.179394
0.0999646
0.0211846
-0.115746
0.0855783
0.0120134
-0.0345227
0.0873177
-0.102206
0.0467448
0.0296157
0.00758806
-0.0966152
0.116223
-0.174894
0.171848
0.065175
-0.000551054
-0.000417484
-0.101419
-0.0573314
-0.265462
0.054742
0.134623
0.0595017
0.099251
-0.0321588
-0.0641342
0.0329568
0.0449264
-0.0616199
0.0156467
-0.00877167
0.0877203
0.0334259
0.0106521
-0.0101819
0.0160552
0.0350541
0.070156
0.0250232
-0.0324168
-0.00237397
0.0276089
-0.126159
0.0267503
0.0282684
0.0334143
-0.028451
-0.0423577
0.0367384
0.0224075
-0.032923
-0.0068225
0.0102952
-0.0375625
0.0951783
-0.0560377
-0.148037
0.00824125
-0.00854278
0.0585161
0.0137284
-0.0682796
0.022867
-0.103771
-0.2339
0.142041
0.102551
0.0881074
-0.0719921
0.0270883
-0.211101
0.0762469
-0.0682947
-0.0685472
-0.0794166
0.10449
-0.146623
0.183653
-0.0293729
-0.00459804
-0.0344491
0.0674492
0.138931
0.080284
-0.072688
0.0266925
0.00456838
-0.0324953
0.0454102
0.0361246
0.100669
-0.0325781
-0.00603748
-0.00481792
0.0746282
0.0932983
0.00346569
0.0435579
0.0154033
-0.00488511
-0.00377088
0.0170425
0.00950534
0.00681226
0.0338491
0.0612542
0.00201208
-0.0181071
-0.0381455
-0.0274382
-0.111499
-0.0368441
0.0249027
-0.424083
0.0156005
-0.118977
0.243719
-0.136364
-0.0612032
0.138008
0.277725
-0.0805379
-0.0305367
-0.010204
-0.00101766
-0.108229
0.0147366
0.102885
-0.0671907
-0.189806
0.135414
0.094089
0.103887
0.0499758
0.0807894
-0.0700596
0.0205503
0.0851706
0.0819813
0.0734881
-0.135951
-0.065182
-0.113175
0.109455
0.0428834
0.0132761
-0.0929666
0.0317312
-0.101659
0.0235323
0.0646936
-0.195747
-0.387277
0.0748238
0.219423
0.0418801
-0.133139
0.0988961
0.0953282
-0.00359881
-0.158352
-0.176524
0.0706658
0.0234755
0.15599
0.00544398
-0.0422573
-0.203779
0.19573
-0.0108019
-0.0837741
-0.148547
-0.209179
-0.0259108
-0.04204
-0.403954
0.360027
-0.073178
-0.39219
0.0682754
-0.217861
-0.450837
-0.200468
-0.00244729
0.762319
-0.297442
0.137431
0.218463
-0.00850439
0.369229
-0.0365473
0.0173814
-0.0599305
0.101549
-0.131831
-0.00690563
0.0223725
0.077715
0.275662
-0.145641
-0.131838
0.0219883
0.0494947
-0.0648182
-0.190844
-0.052101
0.144929
-0.0638352
-0.0479065
-0.0344024
0.0619041
-0.00733802
0.146288
0.0972692
-0.251594
-0.155293
-0.12122
0.027252
0.133869
0.0840814
-0.113287
0.0717692
-0.0490174
-0.0490081
-0.165527
-0.217063
0.114486
0.21482
-0.0645672
0.207653
-0.0454053
0.157416
-0.126399
-0.0899681
0.0714973
0.137437
-0.181994
0.0631488
0.158195
0.160946
0.0783731
-0.129562
-0.0333323
0.100398
-0.0173293
0.133079
-0.0665446
-0.07629
-0.172594
-0.312586
-0.24629
-0.0917583
0.135054
-0.336937
0.0670902
0.105594
0.0201828
-0.112058
-0.177839
0.157924
0.0516576
0.0346357
-0.174176
-0.170306
0.0228628
-0.0309933
-0.295701
0.154685
0.195543
0.133042
-0.141439
0.0567569
-0.116252
-0.187266
0.271884
0.0736434
0.265432
-0.0198791
-0.0266436
0.00531317
-0.0327686
-0.0862054
0.0528877
0.0875144
0.150894
-0.00327843
-0.0226001
0.10235
0.0551337
-0.0651699
0.083459
-0.112202
0.12187
-0.00468685
0.0737279
0.0150372
0.0674512
-0.205848
0.0517494
-0.112248
-0.234519
-0.0275044
0.0195569
0.039182
-0.229012
-0.0606854
0.0527185
-0.0978293
-0.160795
0.327156
-0.224324
0.0863451
0.0345357
-0.00902346
0.141497
0.237122
-0.160447
-0.122785
-0.0549093
-0.167644
0.0485275
-0.103958
0.0757299
-0.186197
-0.199427
-0.0459125
-0.0724245
0.0358514
-0.171975
0.115245
0.0782118
0.370622
-0.121728
-0.0371375
-0.159866
-4.85376e-05
-0.0430246
-0.0393484
0.149482
0.066332
0.168396
0.0917431
-0.0189753
0.0203851
-0.028637
0.156302
0.0935258
0.108844
0.0116794
0.0242677
0.00785759
0.0639281
-0.0616648
-0.0959193
0.24797
0.0545839
0.114048
-0.0163989
0.345038
0.0555291
0.06198
0.0454555
-0.100991
0.0227012
0.115326
-0.0360482
0.029456
0.00363275
0.0773085
0.00125189
-0.109264
-0.0194233
0.0289296
0.0645681
0.0269402
-0.0564444
-0.0725373
-0.057334
0.00236217
0.0741467
-0.0446973
0.1328
-0.0260304
-0.333268
-0.0668313
0.035781
-0.0418363
0.152356
-0.131196
0.0192851
0.0387815
-0.049784
0.104382
-0.105826
0.104077
0.0795802
0.215623
-0.0376607
0.11961
0.12435
-0.0123315
0.11662
0.0735782
0.0187228
0.0314492
0.0349791
-0.00347099
-0.173706
0.0755826
0.046051
-0.0065173
-0.00760285
0.0338977
0.0113468
-0.0158212
0.00144736
0.0346239
0.214052
-0.0211458
-0.084692
-0.016324
0.0593306
0.0720019
-0.139756
0.0582047
-0.0109041
0.0814462
0.0175901
-0.0332991
-0.00287484
-0.0517761
0.00147384
0.0491009
-0.173344
0.112249
-0.0105963
-0.0392044
0.0147686
0.16227
0.0481497
-0.0602632
0.0463846
0.000857087
-0.132154
-0.308376
0.181084
-0.332097
0.156112
-0.133782
0.111227
0.173898
0.0137123
-0.00381297
-0.167839
0.113313
0.00947472
0.122585
0.12552
0.0683375
-0.0307083
0.0144622
-0.0535284
0.0499516
