0.0757281
0.0290344
0.0935898
-0.0388894
-0.0109162
0.0358228
0.0480807
-0.0294414
-0.128853
-0.0283353
-0.00867405
0.0291465
-0.0948399
-0.0119185
0.0127125
-0.0565356
0.00239531
0.0858511
0.0646945
0.0219953
0.00156924
-0.00863388
0.0125559
0.0195871
0.0733061
0.00854336
-0.00310583
-0.0607573
0.0506567
0.00310897
0.0279373
0.0887249
0.0993588
-0.0993588
-0.00845276
0.0628403
0.00610967
0.0487434
-0.0357728
0.0448858
-0.182311
0.0954
0.132352
-0.104824
-0.0244648
-0.0992354
0.152675
-0.09486
0.0803832
-0.0137342
0.0896935
0.0918958
0.0493643
0.155467
-0.107087
0.141554
0.0772993
0.0767064
0.0223222
-0.0252062
0.0725656
0.194952
0.0664733
0.13714
0.0103132
-0.0509819
-0.0290517
-0.112153
0.0802377
0.0595858
-0.0867248
0.0389457
0.0249567
-0.0145505
0.0835496
0.167063
0.139675
0.0532058
0.0522644
0.0454262
0.0432589
-0.0281626
-0.0658027
0.0913488
0.105422
0.0767374
0.0211763
0.0982339
0.0739924
0.0258
-0.0776005
-0.224167
0.0135927
-0.00452884
-0.117166
0.0157017
0.0476083
0.140838
-0.0154083
0.177672
-0.0183214
0.0290459
0.179341
-0.105215
-0.0785402
0.0872984
-0.0495221
-0.0409308
-0.0284351
-0.27457
0.0155976
-0.0749604
0.0300516
0.0831498
-0.122365
0.00327386
-0.270063
0.0228418
0.138613
0.087636
0.105068
0.00908442
-0.00648803
-0.101107
-0.024287
-0.0184186
0.0512249
0.0522672
0
0.0830634
0.0676266
0.058242
-0.0281186
-0.0108852
-0.0849262
0.0894098
0.0440881
0.0496058
0.151733
-0.0187629
-0.00876808
0.0941668
0.118469
0.0532225
0.118273
0.124039
-0.0250432
0.00179088
-0.096567
0.0264837
0.0443832
-0.0648417
-0.010245
-0.0205215
-0.105686
0.065123
0.0665097
0.0905852
0.0411217
0.133516
-0.00117378
-0.00645824
0.0287365
0.0274862
0.0140064
-0.0309571
-0.00234028
0.0722951
0.0521468
0.00404449
-0.0480617
-0.0162658
-0.0448679
-0.0239731
0.0519664
0.168624
0.0542533
0.00398599
0.119409
0.0275273
0.0425461
0.081783
0.154496
0.111224
0.0409219
0.0994501
0.127929
0.271008
-0.180027
-0.187039
0.107083
0.0559844
-0.0559844
-0.0684429
0.0689676
-0.112912
0.0180247
0.0201069
0.00528457
-0.138315
-0.081216
-0.0221664
0.0889086
-0.0365454
-0.0345181
-0.0292176
0.0529616
-0.09042
-0.102229
-0.0622849
0.0787557
0.170786
0.0607545
-0.167017
0.0418809
-0.0697171
-0.0268177
-0.034036
-0.27315
0.00339021
0.106767
0.0468411
-0.188129
0.0570929
0.00507171
0.0410424
-0.0280931
-0.146228
0.0467078
-0.0793044
0.0622415
0.0624222
0.0951503
0.0374731
0.103852
-0.0587357
0.144554
0.0753073
0.277721
0.0889643
0.0465348
0.0696577
0.055791
0.0922989
-0.0537374
-0.0871027
-0.110872
-0.101534
-0.0280639
0.231667
0.113339
-0.1263
-0.0363807
-0.0579621
-0.0225444
0.163985
0.0556101
-0.233251
0.0445762
-0.155565
-0.188305
0.140893
-0.298643
0.0472036
0.150542
-0.097567
0.0353425
-0.00814487
-0.156578
0.0966456
0.00600945
-0.0476283
0.0219262
0.0131327
0.130387
0.0048566
0.0870178
0.196474
0.0491736
-0.0580925
-0.0383898
0.0310388
0.06179
0.0151274
0.0959675
0.0822627
-0.00819588
0.215956
0.0759396
0.109393
0.0108246
-0.0256044
-0.116038
0.0859184
-0.0620057
0.168254
-0.0181199
-0.0668866
-0.156661
0.14975
0.109028
0.273184
0.00712674
0.170936
0.385597
-0.135232
-0.0072883
-0.101677
-0.104117
-0.304621
0.288793
0.182356
-0.0132757
0.0393179
0.0704757
-0.0526963
-0.0961106
-0.0868326
0.0347311
-0.0812277
0.120905
0.0358506
-0.0390742
-0.0600575
0.21454
-0.0888328
-0.0449439
0.0142388
-0.0266569
0.0206882
-0.00918949
0.00367681
-0.00505596
-0.0326956
0
0.0216555
0.0179339
0.0316507
-0.0316507
-0.0359001
-0.0485314
-0.0264446
0.0384839
0.0184937
0.0584918
0.111427
-0.120615
-0.0872521
0.108373
0.0325129
0.166844
0.00134877
0.129973
0.148438
0.0484136
0.0507781
-0.0312175
0.161961
0.0757676
0.0368247
0.139293
0.156676
-0.108047
0.0879281
-0.0168651
0.0803678
0.0484815
0.0190836
-0.0394253
0.125859
-0.0459511
-0.11009
0.0155102
-0.034318
-0.0389544
-0.0135671
0.0267056
-0.0415271
-0.0462524
-0.0772878
-0.23039
-0.323175
0.133572
-0.0869476
0.157175
0.199729
0.202044
-0.398749
0.136821
0.0450528
0.202341
-0.154957
-0.114185
-0.169634
-0.0859086
0.0550316
0.11304
0.0921666
0.0017067
0.117065
-0.0160365
-0.22855
0.176465
-0.0685883
0.0673145
-0.144558
-0.0410093
0.242726
0.0727735
0.0443293
0.123581
-0.148649
-0.292459
0.154724
0.182396
-0.135429
-0.0431509
-0.0344001
0.031856
0.0511813
-0.0278846
-0.0487733
0.0377671
-0.0173806
0.0355767
0.0745533
0.0569087
0.0437164
0.0505554
0.0507123
0.130336
-0.070473
0.126738
0.111989
0.130467
-0.0134043
-0.0613365
-0.0087364
-0.12352
-0.101877
-0.0178949
-0.0395636
-0.243657
0.0117184
-0.160219
0.207372
-0.0983128
-0.103111
-0.0797497
-0.291513
-0.167593
0.162743
-0.185182
-0.384249
0.172654
-0.0418478
0.161817
0.0821861
0.233359
0.0464628
-0.217506
-0.257132
0.125771
0.35324
-0.127132
-0.326231
-0.155342
-0.0694593
-0.126635
0.308808
-0.254003
0.0366835
0.0771591
0.278383
-0.0754892
-0.3092
-0.15563
0.186186
-0.132771
-0.036692
-0.376504
-0.305517
-0.625847
0.395262
0.153111
0.170569
-0.0512731
0.0699906
0.00656814
-0.222674
-0.193988
0.00684301
-0.0268725
0.109669
-0.13926
-0.370872
0.0252304
0.261679
-0.0642435
-0.0538533
0.130363
0.234412
0.025479
0.312877
-0.0757847
-0.0620646
0.0666279
0.0928409
0.239684
-0.223124
0.0724406
0.14676
0.202969
-0.12333
0.024788
-0.118171
0.169979
-0.133206
0.0512559
0.0490566
0.0227465
0.00676557
0.0462696
-0.252734
-0.0118431
-0.0395785
0.0647283
0.125782
-0.131201
-0.0578222
0.18805
0.0659332
-0.197147
-0.133957
0.0189621
-0.00648298
-0.0274746
-0.0647381
-0.0661736
0.179316
0.0308167
0.0252782
0.0247207
0.156295
0.129925
0.0493048
-0.000955064
0.193905
0.0816331
0.221455
0.0557357
-0.0380297
-0.0509324
0.24766
-0.0213713
0.0364818
-0.105807
-0.0143723
0.0466348
-0.0246355
-0.206623
-0.0666072
0.0926697
0.088651
-0.0476375
0.0394872
-0.102901
-0.0831825
0.0699014
-0.00504229
0.0164926
0.0351848
-0.015064
0.00593702
-0.0489715
-0.0376925
-0.0512502
-0.0398887
-0.0643419
-0.0281044
-0.0791151
0.0155899
-0.119193
-0.105653
-0.0241686
0.0934496
0.0115003
0.0239166
-0.0176928
0.128396
-0.132704
-0.0287701
-0.00336191
-0.125192
-0.0751883
0.00440971
-0.163473
0.0382676
-0.136845
-0.196015
-0.0782541
-0.0715808
0.0228785
-0.250861
0.082209
0.199766
0.0850674
0.0266598
-0.0364187
0.0374427
0.0474987
0.133116
-0.0312217
-0.122807
0.0544849
0.0829377
0.205371
0.149362
0.103483
0.0986126
-0.121248
-0.00820008
-0.0430399
-0.179956
-0.0370764
0.159194
-0.263245
0.0901737
-0.0477257
-0.0941278
0.0155822
0.231356
0.168865
0.0615771
0.136705
-0.0431434
-0.145974
-0.0376757
0.039122
-0.0449309
-0.157145
-0.139682
0.00448822
-0.0319601
0.0289682
0.0903591
0.0709188
-0.0368741
-0.042945
0.0158173
-0.0252207
0.0168209
-0.00197746
-0.130383
0.0753515
0.10681
0.108114
0.0886483
0.0125313
0.0115535
-0.115653
-0.0126625
-0.0871231
0.0549075
0.0754941
-0.0779389
-0.0347809
0.000490713
0.0572479
-0.0744372
0.0343491
-0.0614207
0.0432795
-0.00736395
0.0884983
0.0949574
0.0749391
0.198073
0.01594
-0.127763
0.101965
0.0976803
0.053806
0.0212569
0.0101504
0.0959185
-0.0508278
-0.142869
-0.070097
-0.153108
-0.042471
0.0500872
-0.019528
0.0887587
0.0202988
-0.106674
0.0674555
-0.0999199
-0.0181879
-0.0302267
-0.291557
0.00593501
0.094974
0.0102798
0.0585396
0.0538457
-0.0232491
0.0387185
-0.0314473
0.0579796
0.0494991
0.146572
0.0593474
-0.00939673
0.164106
-0.0129558
0.0646116
-0.0498064
-0.141543
0.0965966
-0.0858174
0.128914
0.0952629
-0.042687
-0.0101247
0.087561
0.0405403
0.0317706
-0.0882988
0.00365664
0.0013709
0.000456924
0.0228196
-0.0383667
-0.0546061
0.0399514
-0.0602176
0.118708
-0.163995
0.0623314
-0.0581639
0.0129546
0.106697
0.0824587
-0.00589984
0.0222197
-0.0453989
0.00272975
0.0689064
-0.0534518
-0.00636075
-0.12301
-0.162816
0.140246
0.0473858
0.0384792
0.0510764
-0.0378262
-0.00182657
0.0300958
0.0807187
0.0675192
0.0344836
-0.0156596
0.133436
0.139961
0.0962588
0.0452071
0.0253127
0.0478756
0.14647
-0.118365
-0.0845545
0.0671043
0.142116
0.279947
0.0728341
-0.215556
0.00248519
0.0355534
0.146658
-0.0575054
-0.0118685
-0.0735705
0.0267782
0.0770496
0.118911
-0.0371853
0.177003
0.0749097
0.0704325
0.0897777
-0.0393249
-0.0677199
-0.0515861
-0.126742
-0.0224161
-0.0675515
-0.0671986
0.144363
0.0499192
0.0389632
0.0241761
0.00474909
0.116045
0.128623
-0.243085
-0.232122
0.100313
0.0925674
0.1904
0.0489778
-0.145298
0.0873539
-0.0062422
0.0587562
-0.17613
-0.0189716
0.0768492
0.0972797
0.164649
-0.203213
0.0319526
-0.0456221
0.0428984
-0.242238
0.0723
0.17694
0.232926
0.0360279
0.040801
0.188234
-0.0742725
-0.0808388
0.0696502
-0.0298976
-0.0517844
0.309677
0.0480315
0.131984
-0.0628899
-0.0876246
0.108512
-0.0580883
-0.00325715
-0.285277
-0.0447929
0.211002
0.272089
0.231847
0.0911855
0.096858
-0.0390425
0.0359657
0.229841
-0.104801
-0.0531547
-0.316589
0.149542
0.308281
0.0290771
0.0186717
-0.0521008
-0.119584
0.0850351
-0.00840379
0.0817206
-0.182441
-0.170962
0.088073
-0.111252
-0.111803
-0.208455
0.196189
-0.0280939
-0.226559
-0.286448
0.248966
0.111312
-0.465591
-0.22166
0.326232
0.0928594
0.366938
0.335503
-0.210069
-0.0788717
0.208613
0.132502
-0.143192
-0.0591748
0.0246122
-0.154917
-0.0264071
-0.0282446
-0.140639
0.163947
-0.0123533
0.168101
-0.0595623
-0.0479768
-0.153166
0.190307
-0.0185532
0.181249
-0.0576291
0.0176346
0.143374
-0.0982195
0.239231
-0.0359936
-0.0395064
0.00236802
-0.0876513
-0.12153
-0.00483676
0.0650997
0.100091
-0.100435
0.0253746
-0.0411806
0.11692
-0.0873905
-0.125588
-0.0798261
0.0185318
-0.137176
0.181444
0.207548
0.0939165
0.0511631
0.0432169
0.0918415
0.0482438
0.150497
0.0930841
-0.0989307
-0.0482023
0.0156586
-0.0454123
0.0206081
0.18519
-0.120697
-0.00194824
-0.214003
-0.0819486
0.0507141
-0.00632522
0.175611
0.182224
-0.0302484
-0.132362
0.171924
0.161124
-0.144766
0.23251
-0.129843
0.171713
0.178927
0.0369912
0.0550798
-0.21782
-0.0978658
0.117077
-0.166686
0.148405
0.101514
0.119016
-0.00273062
-0.0984959
0.0583609
0.111493
0.0534857
0.0877199
0.171997
-0.0782685
-0.0531131
-0.0650037
-0.113804
-0.152661
0.0265718
0.0892755
0.0268692
-0.0271715
-0.0539575
-0.0496672
0.00824415
-0.00641153
0.171084
0.0667278
-0.024186
-0.140595
0.151949
0.338508
0.125362
-0.110362
0.176283
0.0203701
-0.313203
0.0136968
-0.184581
-0.0523468
0.0416618
-0.0208092
0.120389
-0.0666708
0.190856
0.0743541
0.0330931
0.170905
-0.089931
-0.00912331
-0.0511876
-0.217661
-0.0384576
0.0715126
-0.00993426
-0.0595196
-0.0220799
0.0156082
-0.0602109
-0.0507517
-0.0689709
-0.258888
0.0475439
-0.0214435
0.0379542
0.0791167
-0.221264
-0.00961076
-0.286318
-0.0310088
0.153776
0.184311
-0.0789314
-0.0450268
-0.120438
0.168584
-0.176517
0
0.0361229
-0.0129765
0.00474947
-0.0218662
0.108856
0.127533
0.110618
-0.0756671
-0.134593
-0.139285
-0.262352
-0.182122
0.139356
0.131307
0.0701441
0.0645597
0.0495743
0.0817671
0.116906
0.0273097
-0.0189227
0.00093146
-0.0438727
-0.0352999
0.155875
0.0528533
-0.020555
0.260086
0.0611531
-0.00178455
0.107984
-0.0114826
0.169421
-0.0229082
-0.00842252
0.0252463
-0.0136309
0.0864005
-0.160973
-0.20799
-0.0749135
0.113053
-0.0348562
-0.0511633
-0.0318472
-0.0123455
-0.0990122
-0.0506407
0.248291
0.016693
-0.0741386
0.0440114
-0.0332152
-0.264844
-0.173545
-0.0489735
0.0724334
-0.102691
-0.118758
-0.0843643
0.0433938
0.064899
-0.000318669
0.0260972
-0.0433204
-0.183308
-0.177791
-0.263579
0.0724543
-0.118774
-0.167996
0.102236
-0.018229
-0.195018
0.132166
0.324143
-0.01376
-0.153305
-0.0749657
0.117164
-0.260434
-0.243084
-0.175453
0.25832
0.0769153
0.0427876
0.115866
0.0644819
0.0538179
0.252836
-0.0347269
-0.149289
-0.03844
0.0177076
-0.0518489
-0.00444695
0.0600377
0.144179
-0.0315617
-0.0932502
0.0575395
-0.0304208
0.122804
0.126268
-0.0808943
0.0993682
-0.00857294
0.0260258
-0.0293251
0.133407
0.0839783
0.011617
0.0975649
-0.0115042
0.126455
-0.0243405
-0.0224965
-0.0196863
0.0845035
-0.0340952
-0.0174081
-0.0520884
-0.075115
-0.031492
-0.0273951
0.134639
-0.117226
-0.0818444
0.0256281
0.014569
0.052917
-0.0519465
-0.0148916
0.0555683
-0.145713
0.106654
0.169333
0.00508679
-0.036619
0.0172117
-0.0408463
0.00415608
-0.0892548
0.0895744
0.000639223
-0.0515886
-0.0744864
-0.0213841
-0.0961436
-0.0183558
-0.00951896
0.141194
-0.105136
-0.0354017
-0.0473981
-0.11081
0.0462648
0.15356
0.114774
0.0683014
0.121906
0.00856042
-0.0524285
-0.0101999
-0.149403
-0.10609
-0.155957
-0.0472987
0.052282
0.0348138
0.0327138
-0.0413231
-0.016909
-0.0539013
-0.0200374
-0.0549747
0.0379112
0.0923294
-0.0635726
-0.112487
-0.137703
-0.173707
-0.0244149
-0.13465
-0.026936
-0.0740929
-0.0178929
0.0214677
-0.24421
-0.290963
0.137804
0.188987
-0.184897
-0.358776
-0.35854
0.130544
-0.344495
-0.394492
0.212912
-0.0905739
0.265623
0.127793
0.293157
-0.335979
0.22418
-0.0551775
0.202146
-0.0281261
-0.0643619
0.20845
0.166722
0.331567
-0.249238
-0.0124193
-0.0490752
0.0791561
-0.103405
-0.000379355
0.14051
0.0656205
-0.0185984
-0.171612
0.270898
-0.227435
-0.276441
0.158083
-0.0225402
-0.0183753
0.118462
-0.0299589
0.0552969
0.109311
-0.168027
-0.114248
0.0693157
0.0858798
0.00567397
0.0268132
0.051911
0.0299704
0.0313726
0.0531827
-0.00519423
-0.0129974
0.0267191
-0.118177
0.0187329
0.132373
-0.164616
0.0632617
0.148892
-0.113505
-0.0469607
-0.0633352
-0.035025
-0.12108
-0.0735889
-0.159371
-0.140919
0.237388
0.073283
0.0937106
-0.0285938
0.257053
0.137107
-0.0685035
0.0864723
-0.0746533
-0.0729836
-0.153247
0.0196145
-0.00263817
-0.00301591
-0.108802
-0.0408686
-0.0348893
0.118358
-0.0391703
-0.0232705
0.0335532
-0.0683692
0.0949791
-0.113392
-0.0203709
-0.0756965
-0.0431244
0.239288
0.0927036
-0.059307
-0.0955524
-0.0999509
0.0223835
0.0676171
0.0721061
-0.0399947
0.0786942
0.149961
0.0253344
-0.163563
-0.0359965
0.0620603
-0.0578856
-0.000379442
0.165579
0.0776999
0.19982
-0.0966614
-0.0275275
0.0684947
-0.0116878
-0.113199
-0.0526239
0.229937
-0.0400233
-0.0845741
0.00735078
0.00624392
-0.024631
0.162469
0.0473292
-0.108356
0.0225652
0.0645023
0.0558309
0.021887
-0.01327
-0.0283923
-0.0606478
-0.0559188
0.0475871
-0.0286705
0.0134382
-0.45822
-0.145826
0.100126
-0.0294348
-0.032978
0.0955665
-0.105174
0.0754547
-0.0389968
-0.165312
-0.109252
-0.120815
-0.0155543
0.249515
0.0178919
0.206915
-0.0530505
-0.00153081
0.0937114
0.137071
-0.118131
-0.0500798
0.0201379
-0.113375
-0.0500328
0.0427359
0.0119027
-0.134827
0.0430793
-0.0621554
-0.0378707
-0.0986663
-0.0622141
0.0483782
0.0607353
0.0141448
-0.138375
0.202561
-0.255649
0.0343602
0.0390112
-0.0127216
-0.0550482
-0.208968
0.158441
-0.0406873
-0.27833
-0.15392
-0.00758981
-0.225668
0.295864
-0.161726
0.2957
0.165185
-0.0191247
-0.0621019
-0.223378
0.118734
0.231702
-0.0202536
-0.191589
-0.0700971
-0.29312
0.0913054
-0.166596
-0.15318
0.176903
0.126294
-0.209792
-0.512064
-0.328157
-0.559223
0.490471
-0.10282
0.496985
-0.0297749
-0.0151505
-0.00827358
-0.090072
-0.394657
0.204006
0.0424729
-0.0704145
0.0298331
0.0702055
0.0669181
-0.111623
0.2174
-0.0992495
0.2563
0.0389935
0.179393
-0.0718192
-0.0493673
-0.051421
0.0415182
0.168799
-0.0488282
-0.0173692
0.0240417
-0.327706
-0.0839798
-0.0218022
0.22999
-0.173957
0.114785
0.177821
-0.262175
-0.0743979
-0.104908
-0.00703317
-0.418583
-0.0894135
0.0693406
-0.139165
-0.336051
-0.0753163
0.0799406
0.206413
-0.340872
-0.165892
0.292643
-0.185757
0.111972
0.00983513
-0.0409571
-0.224327
-0.0500667
0.475486
-0.0648739
0.464129
-0.0780928
0.0653645
0.0974952
-0.0696121
0.055534
-0.31534
-0.024094
0.0220884
0.314917
-0.441073
0.206069
-0.039377
0.0498183
0.180247
0.0243736
0.0277136
-0.17189
0.0605719
0.00638052
-0.0235791
-0.062161
0.0611774
-0.0804962
0.152051
-0.0523907
-0.0694601
0.157924
0.0987758
0.0317491
-0.0428369
-0.015447
-0.0299966
0.103638
-0.0668802
-0.178763
-0.0606346
-0.05802
-0.145279
-0.0338666
0.0434498
0.132711
0.0703949
-0.0943029
0.120943
0.233254
-0.154734
-0.0755646
-0.167378
0.024012
-0.0265166
-0.00601353
0.248528
0.103129
0.083376
-0.129944
-0.0805491
0.0703334
0.034497
-0.00291064
-0.0725541
-0.118478
0.0655578
-0.0997391
-0.0099295
0.0099295
-0.138409
-0.202284
-0.0535394
-0.250889
-0.121414
-0.052643
0.119922
-0.0581754
0.0261941
-0.32667
0.0758329
0.200527
-0.0818926
-0.149887
0.0296102
-0.0714328
-0.0353552
0.197809
0.0438514
0.0538736
-0.0134412
-0.310357
-0.117228
0.144938
-0.121943
-0.175195
0.0681821
0.0806479
0.018519
-0.167349
0.0233479
-0.149569
0.0334314
-0.208747
-0.0247088
-0.0430921
0.217101
0.364338
0.105492
0.218516
0.162936
-0.0212879
0.19416
-0.0960814
0.0777764
-0.0466984
-0.0659581
0.0817235
-0.20102
0.0304919
0.268763
0.102427
0.116661
0.281384
-0.201835
0.0337557
-0.105677
0.0804966
0.109324
0.150483
-0.0349436
-0.135509
0.191557
-0.0152099
-0.0912528
0.127033
0.065347
-0.00486192
-0.0536377
-0.00342307
0.15289
-0.154357
-0.0406833
-0.0897929
-0.0248102
-0.00646075
0.10435
0.102299
0.141195
-0.142169
0.108984
-0.0106039
0.0715988
-0.0715988
-0.0396231
-0.09535
0.104061
0.0439243
0.156264
-0.125968
0.0574549
0.198064
0.0088891
0.0963358
0.0517394
-0.0434061
0.0599799
-0.0317907
0.0345503
-0.159929
0.0907088
-0.0176122
-0.0759008
0.0331319
-0.0345343
0.173329
-0.127155
-0.0967908
0.108882
-0.0279252
-0.00326302
0.031653
-0.084944
-0.0173575
-0.0159767
-0.0084686
0.100221
0.0631738
0.0115695
-0.0421775
0.0357002
-0.0524351
-0.101471
0.0893678
0.120843
-0.0688081
-0.0283069
-0.0419112
0.0125918
-0.00186445
-0.0401701
-0.049735
0.0777776
0.117389
0.170593
0.0893871
0.0408155
0.0740282
0.16262
0.0235777
0.148048
0.0163153
0.265847
0.235324
-0.110779
-0.161374
-0.0500201
0.141425
0.0848111
-0.0156669
-0.00825559
0.0945303
0.189232
0.273979
-0.0571833
-0.0943198
-0.0620478
-0.0676557
-0.0859275
0.149992
0.0549277
0.0273511
-0.0567676
0.0218718
0.0321244
-0.0815033
-0.18656
0.0462588
0.0512832
-0.0829108
-0.0284692
-0.136553
-0.166952
0.205687
0.116941
0.100711
0.0641825
-0.0593545
0.0529548
0.0427206
-0.0631472
0.182748
0.0795973
0.136152
0.0246268
0.0126745
-0.0639201
0.0331662
-0.257789
-0.0356196
0.0801631
0.0966796
0.0570975
0.0787011
0.0226466
-0.108322
0.185852
0.00608527
-0.198528
-0.0794335
0.0914492
-0.0980972
-0.198331
0.024311
0.0836394
-0.0134302
-0.166604
0.0409113
-0.0719066
-0.0347321
-0.0303884
0.0251277
-0.0531668
-0.0550876
0.0363511
-0.104919
0.183701
0.0347265
-0.0549718
-0.0736329
-0.0634897
-0.140279
0.162034
-0.0860637
0.0651307
0.0287203
0.0372135
-0.115774
-0.0991812
-0.0233821
0.221179
-0.0586416
0.0496421
0.0155394
-0.0155394
0.324531
0.0454573
0.00354883
0.0894861
0.0366615
0.0182805
0.00582717
0.0600161
0.0792099
0.0462353
0.0361513
0.0560608
-0.140746
-0.0962323
0.210502
0.0434594
-0.0177389
0.104095
-0.054731
-0.063351
-0.0957854
0.0586445
-0.00683683
0.0235294
0.179569
0.0915415
0.0742459
0.00988233
0.0656338
0.0810805
-0.0393723
-0.0286331
-0.078709
-0.00841766
0.0263274
-0.0806633
0.00220856
-0.035765
0.124804
0.0480368
0.0177733
0.096295
0.062972
-0.0690756
0.0555129
-0.0228841
0.0107335
-0.032235
-0.121634
-0.205081
-0.0263515
-0.0704872
0.0960973
0.0325673
-0.0511188
-0.0204465
-0.162825
0.0625921
-0.0429428
0.158793
-0.345116
0.0590538
-0.051749
-0.0558822
-0.018568
0.203514
0.0390012
-0.0846321
0.0729099
0.0366335
-0.0973548
-0.0312631
0.0045812
-0.0233096
0.100492
-0.0360456
-0.0171197
0.0841743
-0.0777034
-0.0320147
-0.212971
-0.0218613
-0.0348426
0.00823223
0.0628896
0.0601745
-0.204903
-0.147255
0.113617
-0.0779979
0.156179
-0.0678798
-0.147199
0.0784569
0.112601
-0.0264503
-0.0209731
-0.102328
0.0004002
0.0666097
0.0630092
-0.0138359
0.16011
-0.0433062
0.117001
0.0689352
0.0321864
-0.130535
0.0737555
0.0288135
-0.144905
0.105698
0.0372884
-0.0145913
0.0570916
0.0122189
0.0555599
-0.0319283
0.0334461
-0.0193699
0.014436
0.0359992
0.115082
0.0711667
0.0196584
-0.0144619
-0.0252657
-0.0443691
-0.0198246
-0.0239916
0.0258635
0.0384839
-0.0182894
0.0361731
0.0252807
0.000371299
-0.0517432
0.00634269
-0.14199
-0.0409417
-0.0338654
0.00228667
-0.0190716
0.0919704
0.0742489
-0.0169119
0.12299
-0.0528984
0.0514121
-0.102339
-0.110607
0.10535
-0.0372552
0.059392
-0.0492177
0.0439693
0.0123667
0.0426041
0.00559232
-0.0313573
0.0440217
-0.0728526
0.00936979
0.045599
0.0746757
-0.0170408
-0.0942472
0.092764
0.0970541
0.00477301
0.0786096
-0.0580749
0.0256091
0.0240858
0.0508999
0.0329466
-0.0500055
-0.050622
0.0429904
0.0156202
-0.0174381
0.0872483
-0.0447961
0.00506769
0.0480154
-0.0209107
0.0122633
0.144577
0.0142015
0.0484879
0.0731702
0.0101592
-0.026295
-0.0334066
-0.0480193
-0.0148762
-0.00212698
0.021957
-0.0169948
-0.0625624
-0.0547065
0.0746552
-0.153846
0.0104748
0.0679993
-0.165221
-0.0332281
0.036144
-0.0237161
-0.0575167
0.105984
0.0774945
0.00865364
0.0291509
0.0962045
-0.052458
0.018588
0.0342259
0.0790546
-0.0417537
-0.00425592
-0.0401657
0.0546993
0.00106261
0.0152183
-0.0510549
0.0771904
0.0849963
0
-0.045218
-0.00245955
-0.0595649
0.097095
0.0450601
-0.0387604
-0.0199625
-0.0168415
-0.0683583
-0.120584
0.00715461
0.121558
-0.107621
0.0470271
-0.0842351
-0.0485063
0.042411
0.13643
0.128308
0.00314306
0.0059342
-0.0426649
0.0189069
0.027247
0.101693
-0.0338983
-0.0747739
0.1028
0.0695523
-0.0240476
-0.0728381
-0.0688363
0.0525392
0.0253011
0.0010384
-0.0142009
0.0100466
-0.0824023
-0.0104793
-0.0318544
0.091787
0.00868131
-0.0396481
0.0922689
0.0482227
0.0991563
0.0468417
0.0186078
0.0438449
0.0684176
0.0623076
-0.000332165
0.028526
0.072934
0.0187251
0.115838
-0.0471523
0.0348166
0.00779271
0.0188074
0.015538
-0.0710892
0.109507
0.028315
0.0234279
0.115056
0.0354285
0.0798847
0.0689905
0.086114
-0.134139
0.00781189
-0.138705
0.0332
-0.00536777
0.144239
-0.118374
0.0157386
-0.00786621
0.0150977
-0.000942937
-0.0937936
0.0626267
-0.11129
0.0958281
0.080832
0.035023
0.132103
0.0913836
0.059956
0.011827
-0.0513515
0.0155244
0.0440068
-0.0357978
-0.193633
-0.089014
0.0418045
0.0375993
0.0241628
0.096991
-0.00367771
-0.230073
-0.283456
-0.118479
0.055032
0.0657056
0.0559775
0.0639572
-0.0255338
0.194009
0.0659182
-0.0643511
-0.0559398
-0.00472836
0.122216
-0.0505856
-0.0025047
0.0137681
0.0977075
-0.0136341
0.0753741
0.0399276
0.00827269
0.020499
0.0682305
-0.0371035
0.00548296
-0.0185933
0.0635618
0.0402391
0.000603865
0.0988426
0.096691
-0.0121465
-0.0112709
0.0730351
0.13403
0.0304759
0.0251813
0.0631081
0.000287253
-0.074965
-0.140478
0.0173018
0.118545
-0.0406186
0.024681
-0.00435104
0.0878136
0.0129335
-0.102488
0.138327
0.0274372
-0.0535151
0.0375192
-0.0251882
-0.00688054
-0.00487658
0.0280794
-0.112505
-0.0223056
0.0638869
0.0371037
-0.00631803
0.0727026
0.0387112
0.00880294
0.0331544
0.0403733
0.0911558
0.011162
0.100177
0.1153
0.188458
-0.0717735
-0.086705
-0.0275231
0.0237125
0.0165925
0.139534
0.00401945
0.105799
-0.083854
-0.0869898
-0.113357
-0.0653964
-0.101538
-0.0241563
0.144344
0.0191623
0.0594428
0.0515213
0.0232332
0.0594575
-0.0659358
-0.0636557
0.0547412
0.054712
0.0249655
-0.00724162
0.0764423
0.0570831
-0.0174885
-0.119257
0.00161022
-0.0519258
0.0145557
-0.0377807
-0.0173188
0.0594083
-0.00646378
-0.0156381
-0.045435
-0.0529972
-0.00626951
-0.106361
0.0918985
0.0872727
0.0359377
-0.112021
-0.24827
-0.0310859
0.0888001
-0.0893611
-0.271536
0.0391221
-0.152458
0.243342
0.0153514
0.0385586
-0.133603
0.0386405
0.191555
0.166478
-0.0500132
0.135094
-0.0216133
0.0442708
-0.0346895
0.00629129
-0.0556646
-0.0187158
0.0877704
-0.0287148
0.00930716
0.0727891
0.0612004
0.0763794
0.0280918
0.00507485
-0.148498
0.0478567
-0.0210612
-0.0909628
0.0478926
0.142852
0.15666
-0.00527051
0.155103
0.00363287
-0.0736935
-0.0314128
-0.043881
-0.0464552
-0.0227784
0.0359979
0.045079
0.0212825
0.0416454
0.0781071
0.0111455
0.149644
0.066388
-0.0365733
0.0512665
-0.0382982
0.151319
-0.0197933
0.0295503
-0.128855
-0.093907
0.000767038
-0.0615497
0.0766228
0.103617
-0.0913712
0.0295331
-0.0773269
-0.0962784
0.0330553
-0.0885649
-0.100385
0.12273
-0.00960727
0.0342324
0.110197
0.0495518
-0.0875201
0.214865
0.0761851
-0.0543228
-0.0238751
-0.193081
0.0276661
-0.0374187
-0.112324
0.0835245
0.0228924
-0.0564253
0.0774709
0.0227922
0.0263128
0.0554638
0.00684801
-0.0646083
0.0653689
0.0495676
-0.146374
0.0627761
0.0195687
0.0463544
0.0350661
-0.125695
-0.0526721
0.0761062
0.0585991
0.0881374
0.0135294
0.0504484
-0.0177029
-0.0490332
0.12164
-0.0285321
0.0705614
-0.0222288
-0.00272025
0.0798152
0.00809369
-0.416508
0.00664316
0.0917846
0.0879398
-0.0022581
0.0817188
0.0699408
0.0074118
-0.0247274
-0.0762974
-0.113908
-0.015657
-0.0397575
0.027113
0.129478
-0.00249825
0.0344209
0.0412484
-0.0949268
-0.069081
0.0678292
0.0775633
-0.08157
0.0726223
0.0883789
0.119316
0.0735235
0.0494388
-0.111765
-0.390689
0.0464378
-0.268717
-0.18983
0.102543
-0.365899
0.256236
-0.138391
0.0945048
0.177265
-0.240791
-0.0572255
-0.017178
0.125204
-0.183128
0.0259054
-0.335429
0.181991
-0.0491064
-0.380905
0.0544184
0.252787
-0.0435912
0.166944
-0.0923718
0.0168334
0.0632165
0.0142372
0.0673513
-0.272171
0.044304
0.118017
0.192125
0.0526897
0.0278455
-0.0926716
0.0500687
-0.00967118
-0.00914249
-0.0299059
0.0342092
-0.147364
-0.0385526
-0.183857
0.0362087
0.0637421
0.119183
-0.0506302
0.115933
-0.00542564
0.0224972
0.0459212
0.011582
-0.0591278
0.0116372
0.192074
0.0235865
-0.00132361
-0.0589455
-0.025598
-0.0251283
-0.0155363
0.00241238
0.134173
0.0845265
-0.0246784
-0.0205242
0.0493971
-0.0333426
0.0435593
-0.0590871
-0.0372066
0.0506303
0.00026303
0.112727
0.177607
-0.0209729
-0.0557147
0.00591998
-0.00102931
0.113103
-0.088685
0.0427794
-0.0731176
0.0198073
0.122344
0.0278855
-0.0734298
0.00229489
0.00764584
0.00662167
0.100567
-0.0665093
0.039251
0.126824
0.109204
-0.0616529
0.0188581
0.0267373
0.0019777
0.0421801
0.0566991
-0.065318
0.0670311
0.0609922
0.0150687
0.0518374
-0.00362472
0.0422069
-0.0318195
0.0445671
0.0244875
0.0148553
0.0896204
-0.05568
0.133444
-0.00494566
-0.13757
-0.0704633
0.0754775
0.0670904
-0.0187495
0.0795026
0.130883
-0.00279174
0.010465
-0.0351592
-0.0512132
-0.0302899
-0.0190662
0.0465423
-0.0307689
-0.068453
-0.0113755
0.082651
0.115041
-0.0125619
-0.0186393
-0.0140023
-0.228896
0.165877
-0.02777
-0.0761737
0.111696
0.0939589
-0.0197935
0.00955232
-0.00675558
0.0770681
0.0574138
-0.0131139
0.12105
-0.006143
0.0290889
-0.106541
-0.0300911
0.00184022
0.0236627
0.079536
0.0345423
0.0154146
0.135662
0.00402145
-0.13289
0.0178662
-0.00112983
0.106991
-0.0356115
0.0427633
0.0191951
0.10867
0.0114633
0.00858889
0.0178149
0.00966396
0.0435912
-0.015093
0.0962907
-0.0770457
-0.0231861
-0.0118325
0.0369848
0.109709
0.0626759
0.143464
0.0160724
0.0537392
0.103916
-0.0976127
0.158373
-0.0686675
-0.0166674
0.0890555
0.034454
0.0197523
0.0110935
-0.122919
-0.0897822
0.0299474
0.00543535
-0.097236
-0.26994
-0.126328
-0.114166
0.117459
-0.218799
0.0750993
-0.0031179
0.143525
0.0219327
0.0524431
-0.0590179
-0.229967
0.0454358
-0.000446638
0.164568
0.0287366
0.0881063
0.142929
-0.00899396
-0.034337
-0.00666645
-0.15151
0.15151
0.0371464
-0.0193075
0.0793511
0.0423049
0.134437
-0.100552
-0.053208
0.0529965
0.141287
0.0229043
0.0483429
0.0421349
0.0638954
0.0112575
-0.141949
0.0812131
0.040053
-0.0600368
0.0113359
-0.0731877
0.16566
-0.0189988
0.0520075
-0.0221976
-0.00224286
-0.0108136
0.00285755
-0.0226788
-0.00245484
-0.0506631
0.0827331
0.0534929
0.0291681
0.147169
-0.0547596
-0.0282965
0.0433153
-0.0850026
0.101397
-0.0414386
0.011027
-0.217763
-0.200439
-0.0534217
0.137479
-0.0917905
0.00648
0.141096
0.0554758
-0.0866359
0.0420741
0.0271304
-0.0339245
-0.0966451
0.00665225
-0.037268
-0.093677
0.0771848
0.105372
0.0332305
0.146663
0.0679958
0.0466811
-0.00883658
0.0696769
-0.108933
0.0985526
0.050405
0.048768
0.040853
0.0344079
0.0297899
0.0351632
-0.0142457
0.0237965
-0.0478456
-0.0362806
-0.200027
-0.14069
0.0259856
0.129725
-0.120403
0.129405
-0.0853445
-0.0787589
0.0690741
0.159606
-0.266763
-0.239532
0.139256
-0.0216636
-0.230664
-0.439206
0.194869
0.294305
-0.0639276
0.374518
0.0118179
0.00468255
0.109715
-0.249503
0.028032
0.0795445
0.133468
0.0343957
0.0640502
-0.126088
-0.00929857
-0.232007
-0.178556
0.252177
-0.0102785
0.0480129
-0.0299297
-0.16206
0.0953189
0.221568
-0.0657123
-0.00183152
0.0323076
-0.040248
0.142776
0.0795988
-0.0413203
0.166431
0.0296617
-0.0314324
-0.0161475
0.0316795
-0.0212398
0.0993201
0.0412396
0.0491868
-0.109157
-0.0242458
-0.0957962
0.018562
-0.162896
-0.0700275
-0.144002
0.221045
-0.130294
0.0405203
0.0612782
0.0409113
0.0307736
0.133187
-0.145965
-0.114728
0.000404155
0.107529
0.0275499
-0.0770505
-0.0560079
-0.0658771
-0.0997392
0.0514245
-0.152999
-0.168029
-0.320122
0.0315434
-0.334141
0.0831959
0.276542
-0.00346688
-0.128249
0.247595
0.0550977
0.0469559
0.10375
-0.117962
0.0727568
-0.0105423
0.0660221
0.0142405
0.0300897
0.0520249
-0.200845
-0.0511673
-0.21733
-0.0639412
-0.00810364
0.0759597
0.0995291
-0.085405
0.0780823
-0.0780823
-0.132241
-0.252005
-0.106392
0.131183
-0.170715
-0.197472
-0.105645
0.178706
-0.402329
-0.246287
0.0135959
-0.0324133
-0.526638
0.357433
-0.142415
0.222251
0.126475
-0.136733
0.233791
0.0844935
-0.111918
0.21828
0.221833
-0.257162
-0.0236219
-0.117733
-0.0393908
0.0584189
0.399179
0.0548817
0.0714769
-0.19804
0.168861
0.12606
-0.18071
0.107848
-0.0385989
0.197881
0.0186
-0.0161029
-0.0671854
-0.146633
-0.0887425
-0.0690208
0.131525
-0.0540857
-0.146229
-0.238361
0.0310461
0.0882444
-0.0715485
-0.0445845
-0.286497
0.294508
-0.173539
0.297731
0.0406592
0.135605
0.0624401
0.0177686
0.160122
0.0163082
-0.155429
0.03862
0.178812
-0.0358739
-0.128784
-0.0471814
-0.183625
-0.0790913
0.0968721
0.150457
-0.0693049
-0.129589
-0.0510656
0.0548731
0.0550469
0.169396
-0.0979563
-0.118401
0.150067
0.0939368
0.0672858
-0.0642702
0.00765084
0.133751
-0.0497462
0.121294
0.0897333
0.29379
0.130034
0.107476
-0.18738
-0.0217647
-0.13093
-0.0150226
-0.0478692
-0.0338237
0.0531319
0.0296664
0.173784
-0.0914464
0.0448456
-0.0879112
-0.149301
-0.0297709
-0.125425
-0.101531
0.0119176
0.0514034
0.0654132
0.271126
-0.194449
-0.00764131
-0.12716
-0.0237097
-0.171507
0.15506
-0.153899
-0.112537
-0.0376382
-0.218972
0.0339093
-0.206428
-0.0821976
0.0534807
-0.32653
0.365046
-0.0463844
-0.278364
0.0446694
-0.262525
-0.0245882
0.349868
-0.0222954
0.188315
-0.0322927
0.2468
-0.139235
-0.0592877
-0.0915796
-0.00992408
0.229196
0.126082
-0.153777
-0.126816
0.174143
0.111001
-0.152004
0.077256
0.0615697
-0.0228039
-0.196575
0.132688
0.139063
-0.0516525
-0.209075
0
0.0261611
0.124243
-0.0437458
-0.0298374
0.185338
0.14184
-0.0282546
-0.000943196
0.058545
-0.213727
-0.340304
-0.264386
0.259429
-0.196782
-0.0990962
-0.158031
0.163647
-0.314466
-0.144574
-0.115021
0.0912118
0.659169
-0.0351671
-0.291319
-0.0150376
0.0641409
-0.235287
-0.544838
-0.214959
0.0113847
-0.287115
0.284839
-1.17232
-0.157346
-0.495997
0.210861
-0.634646
0.949635
0.286181
-0.617568
-0.440621
0.352482
0.359078
-0.138848
-0.678272
-0.367843
-0.655936
-0.358235
0.0372968
0.820794
0.317708
0.293909
0.166563
0.760078
-0.380452
-0.661866
0.00283738
0.285264
-0.486575
-0.352412
0.0243332
0.0503498
-0.222319
-0.145602
-0.375963
-0.524055
-0.120663
0.498582
0.249395
-0.0724497
0.426262
0.0705773
-0.219848
-0.065891
-0.0557017
0.0329878
-0.354358
0.629302
0.139767
-0.182962
-0.140035
-0.171226
0.0755909
-0.0906196
0.0185848
-0.123223
-0.0473061
-0.0993466
-0.0178738
0.0434104
0.0282977
0.488824
0.569705
0.182435
-0.340184
0.0393955
-0.0102941
-0.0516301
-0.142623
-0.557585
0.111601
0.167607
-0.186055
-0.165987
0.0629158
-0.00436742
-0.172238
0.337655
-0.103262
0.225553
-0.113702
0.214672
-0.183109
0.143687
0.285426
-0.158152
0.246834
0.0412889
-0.139666
-0.153381
0.0351694
0.18588
-0.0665492
-0.230173
-0.141465
0.0262914
-0.234799
0.0752194
-0.247063
-0.216269
0.238764
-0.315494
-0.330052
-0.343533
0.126768
-0.441297
-0.261668
0.0589503
0.331705
0.16692
-0.0489368
-0.0035684
0.137353
0.0841335
-0.0643511
0.0442585
-0.0776916
0.113916
-0.00871688
0.0369944
0.236548
-0.136696
-0.200272
0.0206027
0.401281
0.326935
-0.28705
0.201181
-0.226773
-0.103877
0.277947
-0.0895714
0.511142
0.457209
-0.311049
-0.0677067
0.276908
0.115073
0.150655
-0.118234
-0.088083
0.191428
0.233425
0.0678215
0.428066
0.030774
0.231378
-0.0548002
0.0203314
-0.0733873
-0.214039
0.00139344
0.222189
0.209022
0.168394
0.112546
-0.128634
-0.176356
-0.0291384
-0.196457
-0.051786
0.208249
-0.148256
0.0528371
-0.160047
0.167184
0.212112
0.101594
-0.00164639
-0.101278
-0.0530328
-0.293545
0.0518679
0.0437578
-0.304072
-0.115297
0.278181
-0.146721
-0.150687
0.33091
0.0234192
0.131909
-0.170511
-0.104837
-0.138447
-0.00530889
-0.00424914
-0.051487
-0.0378072
-0.00428908
0.0996024
0.202176
0.0942508
0.0650754
0.0975021
0.176266
-0.0432757
0.198517
-0.0016354
0.0293964
0.050101
-0.226794
0.290843
0.0354062
0.23969
0.0128533
0.102546
0.0442458
-0.028753
0.00402421
-0.14182
0.0728754
0.198399
0.0703253
-0.169496
-0.0889501
-0.147082
0.18468
0.238125
0.153868
0.0357228
-0.0416891
-0.0092547
0.137929
-0.13136
-0.0242062
-0.375585
-0.0124339
0.204428
0.0994611
0.0376455
0.0428934
0.035853
-0.0559271
-0.0550353
0.000301564
0.197961
-0.0355409
0
-0.0184124
0.101145
-0.0892626
-0.238861
0.0412685
0.130567
0.00388483
0.00985472
-0.0947675
-0.194116
0.025774
0.205336
-0.0753356
0.0735342
-0.0192354
0.123185
-0.110858
0.240468
-0.0179093
-0.025893
0.0596298
-0.0431446
0.0402155
-0.167202
0.0972349
-0.162088
-0.0243159
-0.225849
0.0573243
-0.0918156
0.071621
-0.0574405
0.0828302
0.0733585
-0.035851
0.174096
-0.0542868
0.0925004
-0.113575
-0.00572781
0.211841
-0.103271
0.0831754
-0.125024
-0.037814
0.132618
-0.16243
-0.0389793
-0.137483
0.0456307
-0.00244469
0.1688
0.129281
-0.065775
0.0811888
-0.0314456
-0.0946346
-0.0321462
-0.0138517
0.00421776
-0.0220122
0.0078455
0.150581
-0.06618
-0.0014956
-0.086526
0.0853294
0.0248009
-0.0146341
0.0506798
0.0118874
0.326087
-0.0782122
0.0355744
0.140761
0.0553578
0.17706
-0.0784624
-0.00560805
0.146455
-0.0698974
0.0189094
0.014436
-0.116076
-0.187541
-0.0809698
0.08583
-0.0254712
0.0183229
0.0382552
0.110514
0.100382
-0.00725649
0.0642874
-0.127305
-0.146323
-0.152837
0.0953664
-0.0699233
0.0638998
0.0346571
0.0257003
0.110611
0.0850997
0.0287641
0.0044608
0.0619662
-0.0988274
0.0170513
-0.11517
0.0231403
0.197877
0.0691244
0.102391
-0.0955326
0.176159
0.00754229
-0.0493975
0.120232
-0.0525414
0.00752284
-0.035784
0.160692
0.0352146
-0.0126947
0.0477857
-0.0401141
0.147781
0.0757953
0.0456663
-0.101159
-0.0437809
0.00887589
-0.00495909
0.222292
0.14172
-0.124628
0.0424769
0.0952328
-0.0600148
0.129413
0.116415
-0.0628793
-0.0847928
0.188554
0.0245471
-0.16513
0.154091
0.169867
-0.132629
-0.176384
0.238546
0.0480013
-0.194636
-0.262091
-0.201242
-0.422868
0.616765
-0.0307009
0.259612
-0.0763049
0.0480381
-0.273872
-0.333693
-0.0816007
-0.217289
0.354672
0.22674
-0.0733736
0.0435742
-0.0164791
0.0805918
0.253913
-0.101447
-0.119034
-0.0667189
0.0964835
0.204912
0.00994975
0.207664
0.0111952
-0.0521889
-0.0129675
0.212921
0.0951741
-0.101647
-0.0755902
-0.166175
-0.0900829
0.027481
-0.33691
0.0497393
-0.239213
0.17079
0.0283964
0.252252
0.0709892
0.0658213
-0.00983333
0.0346195
0.0647425
0.074725
0.0400435
-0.146721
-0.0927751
-0.107343
0.0945123
0.118057
0.0280204
0.0381277
0.0362924
-0.0275702
0.0516922
-0.102436
0.24097
0.110355
-0.0423909
0.0263977
-0.126968
0.142256
-0.125107
-0.202416
0.0220748
0.00726674
-0.0405188
0.114339
-0.184115
-0.099895
-0.152241
0.0408414
-0.199007
-0.1903
0.206103
0.020099
0.00863777
0.0655557
0.311217
-0.0539468
0.0387731
-0.0198585
0.00417111
0.0242561
0.163351
0.0233254
0.0813324
-0.00643462
-0.064575
-0.0853017
-0.00798906
0.0603648
0.0513844
0.00167635
-0.036464
0.0763737
-0.0533284
-0.022805
-0.0235798
0.0442266
-0.117243
-0.0914139
0.0892297
0.155337
0.00740537
-0.0745422
0.12195
-0.00237693
0.186058
-0.115231
-0.0753451
-0.16087
-0.112776
0.308309
0.119212
-0.0533047
0.0734254
-0.163061
0.0433809
0.0690674
-0.0350634
0.0138989
0.0647631
0.0105195
0.110832
-0.0335614
-0.0199587
0.0676054
-0.0113129
0.00646606
-0.0367737
0.0533815
-0.128037
0.014463
0.0673732
0.0245132
-0.0270605
-0.0545745
0.0480876
-0.0406387
-0.0281956
-0.126101
0.0377386
0.21658
0.148635
-0.0715265
0.0424309
0.0624059
0.0174041
-0.108306
0.217461
0.0461328
0.00889007
0.0290598
-0.0257281
0.122939
-0.04419
0.0371678
-0.0362865
0.118487
-0.0432023
0.0606049
-0.00913262
-0.0457886
0.0937503
0.130774
0.00897091
0.0496216
-0.110225
0.0588949
0.0918237
-0.0315755
-0.170395
0.0204894
-0.0019393
0.233862
-0.0994359
-0.142402
-0.0822925
0.0446952
0.00973699
0.0670355
0.0744819
-0.0414531
-0.105905
0.127935
-0.123608
-0.0344518
-0.00607929
0.0487473
-0.0164392
0.139093
-0.135413
0.0683656
0.142552
-0.00275491
-0.00636038
-0.0625467
0.0411037
-0.0727385
-0.0173561
-0.0654089
-0.0196631
0.177292
0.0641781
-0.0677911
-0.0669698
0.0744069
-0.0285034
-0.0262353
0.0130196
0.037045
-0.0830093
-0.101871
-0.0403454
-0.238426
-0.0160396
0.069984
0.22526
-0.0314367
-0.0448324
0.0426607
0.0355564
-0.047944
-0.010879
0.0152273
0.165774
-0.0126218
0.0429346
-0.00149214
0.0397852
0.0406849
-0.0740768
0.0336042
-0.019766
-0.101569
0.00601594
-0.0709169
-0.0038945
-0.103761
0.0198783
0.173718
-0.05333
-0.124972
-0.000873343
0.104693
0.10318
-0.10102
-0.111876
-0.0842406
0.112382
-0.0143879
-0.0562236
0.0740963
0.0104473
0.0825404
-0.00474762
-0.0588848
0
0.0368436
-0.166216
0.0243852
0.0107457
-0.108867
0.0435567
0.0248989
0.0406304
-0.0373299
-0.111276
-0.0508498
-0.213103
0.044441
-0.0220818
0.0413919
-0.197345
-0.220705
0.0146614
-0.156947
0.157184
-0.0632906
-0.139846
0.0298572
-0.0243125
0.0161347
0.19704
0.168441
0.117619
0.106048
-0.0222565
-0.0776029
0.0489144
-0.0143752
-0.140731
-0.102885
0.131329
-0.0613819
0.0489044
-0.0789215
0.0518335
-0.00602954
0.0638211
0.0965726
-0.0512669
-0.109359
-0.0766145
-0.0438099
-0.126885
-0.0467157
-0.298255
-0.211686
-0.210101
-0.379378
-0.320274
0.211417
-0.227676
-0.0395165
0.30728
0.213845
-0.196139
-0.0826262
-0.480243
-0.106614
-0.107763
-0.183899
0.0576676
-0.170428
0.0600996
0.277613
0.0123982
0.350238
0.0864343
-0.301012
-0.305958
0.0263443
0.334045
0.0836189
-0.27054
-0.305052
0.0225452
0.0843887
0.260433
-0.0496478
-0.191998
0.215848
0.0300907
-0.304471
-0.00796801
0.085252
0.398825
-0.1385
0.0837823
-0.0920566
-0.0148538
-0.225495
0.0280292
-0.00612468
0.0227299
0.174856
-0.101194
0.223438
-0.118526
-0.012875
-0.193097
0.0938347
-0.083041
-0.0160488
0.203505
0.138674
0.0408365
0.0834061
0.370443
0.0650544
-0.324901
-0.254896
-0.013016
0.228968
0.0320495
0.0629702
0.148288
-0.0275862
-0.107827
0.211287
0.0657212
0.0231398
0.0114172
-0.0209858
-0.0581397
-0.169672
-0.061673
-0.0513195
-0.0895454
0.0884448
0.207243
0.0540288
0.320779
-0.185516
0.12432
0.0492464
0.00753491
0.0134967
-0.10141
-0.0383283
-0.0911583
0.0979947
-0.241828
0.0729774
-0.0361538
0.0548489
0.138847
-0.000263148
-0.0630917
0.131017
0.0198444
0.0403505
0.0259464
0.104143
0.206847
0.0541111
-0.159411
0.14441
-0.0310746
0.127937
0.0607739
-0.0967698
0.00497265
-0.0276295
0.106857
0.0145394
0.0216466
0.0497568
-0.0869293
0.0179881
-0.0753713
0.0329367
0.109175
-0.0970679
-0.0820723
0.169843
0.197052
0.174629
0.207502
-0.024285
0.103666
0.0231203
0.0141663
-0.00662365
0.165188
-0.0628983
0.2444
-0.0975791
0.0464688
0.139437
-0.0711278
-0.0583324
0.0378223
0.0517457
-0.132206
0.115061
-0.0169546
0.0720233
-0.000218797
-0.0436361
-0.253037
0.0617903
0.0279608
0.187649
-0.00175392
0.0842781
-0.0359387
-0.0141932
0.0281484
-0.0185385
-0.0240422
-0.00788091
-0.149373
-0.0488018
0.123216
-0.153642
0.0745589
-0.24244
0.132191
0.321941
0.127434
-0.249017
-0.101681
-0.0222906
0.138288
-0.0733381
0.10871
0.10971
-0.0056415
0.0653328
-0.0168332
-0.174304
0.0265593
0.0271448
-0.00984241
-0.0524371
0.0910949
0.0167707
-0.00304712
0.133417
-0.129935
-0.0471143
-0.17935
0.0515087
0.045074
-0.222695
-0.0953542
0.0236401
0.0398795
0.11221
-0.210839
0.0410238
0.0966497
0.00337826
-0.190274
-0.0797258
-0.296062
-0.100588
0.265549
0.159977
-0.160915
0.134583
-0.0268649
0.000695693
-0.0583743
0.0572148
0.0414271
0.158332
0.0217999
-0.0195268
-0.0307297
-0.150683
-0.0790004
0.114809
0.0158995
0.26627
0.119231
0.150832
0.0296342
0.0626825
-0.0498538
-0.0472649
0.133593
-0.0819827
-0.0280584
0.0432511
0.11107
0.0278432
0.0571564
0.143784
-0.0810335
-0.213165
0.0250113
0.0474785
0.125659
0.219798
0.0419426
-0.0179539
-0.0526023
-0.0462029
0.141882
0.0424821
0.0112572
-0.0233473
0.092048
-0.0623614
-0.00265797
0.173526
0.0557138
-0.0705966
-0.0601585
0.012546
-0.00708051
-0.0731205
0.0112059
-0.0723456
0.047472
-0.0528062
0.0458632
-0.0304838
0.043345
0.0826913
-0.0884053
0.0628786
0.137997
-0.0640275
-0.0371185
0.0117153
-0.11512
-0.0952036
0.0704641
-0.0455498
0.0113042
0.0389528
0.117574
0.0891865
0.000801684
0.0386051
-0.1379
0.0012144
-0.017826
0.132127
0.0131971
-0.0149981
0.053888
0.0585476
-0.0219896
-0.0848442
-0.0777058
-0.017956
-0.0770311
0.106269
0.103358
-0.02534
0.0195593
0.0622151
-0.0273826
-0.111291
-0.0150804
0.0491786
-0.153959
0.028022
-0.0955561
-0.0655201
-0.0092773
0.0882999
-0.0157546
-0.302675
0.0591325
-0.0614545
0.33342
-0.0538456
-0.0324883
-0.0191723
-0.153459
-0.0321115
0.059106
0.07578
0.0196836
0.102759
0.0443596
-0.0624049
0.0340129
-0.050035
0.0886202
0.00325965
0.0619348
-0.0204671
0.0255268
0.0572987
0.0301314
0.0174347
0.0606837
-0.0326915
-0.0614857
0.019869
-0.111494
-0.016842
0.0271767
0.0400219
0.0251841
0.0192984
-0.0356105
0.204679
0.0392184
0.0916306
0.0148013
0.0800524
0.0594776
0.0268318
0.0193126
-0.0263968
0.0825923
0.0528586
0.0416726
-0.0220403
0.084693
0.0100927
0.0486383
-0.0240101
0.0964346
-0.0518107
0.00853021
0.0288745
-0.0988139
0.220244
0.00146065
0.084536
-0.012499
0.0318506
0.0616029
-0.678097
0.0397005
0.0935432
0.0791399
0.00658247
-0.0573186
0.100093
0.114104
-0.0774787
0.0624758
0.0723985
0.0251794
-0.0319906
0.0644281
0.0467299
0.134762
0.10705
-0.0855126
-0.103264
0.0132152
0.0393609
-0.00865333
0.0244983
-0.0181879
-0.00108151
-0.201199
0.0176412
-0.0517254
-0.0887939
-0.0526464
0.036807
0.0476289
-0.0801316
0.11441
0.0531308
-0.146421
-0.160353
0.110002
-0.0110774
0.0957231
0.074336
-0.110872
-0.0198149
-0.0696631
-0.117322
-0.0250065
0.0318675
-0.00438291
0.112017
0.104623
0.0335171
0.0183866
0.00649224
-0.0481427
0.024565
0.0176421
0.0551394
0.00516529
0.070021
0.0844364
0.0909303
0.0197756
-0.0802435
-0.0201165
0.0130532
0.0343643
-0.193611
0.0229841
0.0474555
0.0935164
-0.170033
0.0185865
-0.158257
-0.0353651
0.0706057
-0.180111
-0.025807
0.0468207
-0.0664101
0.037813
-0.0214541
0.0132956
-0.090186
-0.0164852
-0.108209
-0.175687
-0.0413359
-0.213735
0.184559
0.151892
0.152897
-0.128846
0.134629
0.0142489
-0.0673793
0.183118
0.0167237
0.12023
-0.0247957
0.108123
0.046036
0.0124009
-0.02797
-0.0941144
0.112461
0.0148011
-0.0407559
-0.0217426
0.0732156
0.0979526
-0.0537276
-0.0185875
0.0408104
0.0379035
-0.00438725
0.249191
-0.0024971
0.0606456
-0.110719
-0.0615032
0.0502021
0.0586984
0.0409559
0.0944471
-0.0241459
-0.0576921
0.12014
0.00210412
-0.0488595
-0.0397201
0.0206741
-0.0180212
0.00636413
-0.147948
-0.0638761
0.0588528
-0.0991875
0.164651
-0.0963768
-0.021624
0.00541038
-0.0326871
0.0647286
0.171413
-0.00759952
-0.00636684
-0.0324276
0.103822
-0.0175809
0.0105522
0.138603
0.0109156
-0.136519
0.0143847
-0.0818472
0.0303528
0.0300853
-0.0597311
0.0255924
-0.0438117
0.0312884
-0.0296951
0.00548609
-0.0345595
-0.0791377
0.178242
0.00983906
0.0166692
-0.00929621
0.154972
0.0238157
0.024103
0.0577823
0.129435
-0.0236555
0.0729826
-0.0402178
-0.0331031
0.0541577
-0.0175143
-0.255564
0.0355577
0.0136028
-0.0664672
0.174458
0.00527547
-0.0340844
0.034935
-0.066738
0.0246306
0.0709857
0.0208423
0.0773962
-0.0784119
-0.0538097
0.0136071
-0.0480475
0.0526357
-0.0318209
0.0518484
0.162797
0.0361339
-0.0026598
-0.0500026
-0.114443
0.0150311
-0.0114824
0.0234574
-0.0212612
0.00911746
-0.113717
-0.0225572
0.0465963
-0.0621767
0.0780007
0.182954
0.107592
0.0150171
0.108083
0.0403738
0.0734905
0.12119
0.029434
0.112794
0.0395078
0.041534
0.0653856
0.0123766
-0.0145441
0.0512742
-0.00539304
0.000616494
0.0212458
0.0737016
-0.0581806
-0.0509557
-0.130335
-0.232375
0.0617439
-0.0727926
0.231221
0.131111
0.0103471
-0.13911
0.18239
0.157664
0.124634
0.0689386
0.00978851
0.0272387
0.0433693
0.0664581
0.0262851
-0.013426
0.0902773
-0.0192663
0.089354
0.125387
0.279607
-0.0870451
-0.062282
0.0786955
-0.244091
0.243813
0.00833577
-0.0230793
-0.0872355
-0.104165
0.0100686
-0.155702
-0.0217622
-0.176117
0.0747555
0.106699
-0.0446574
-0.0533002
-0.102163
-0.064941
0.0277992
0.0766377
0.0683444
0.134155
0.0859319
0.00654683
0.0662231
-0.0182491
0.0148564
-0.162923
-0.138628
0.119065
-0.0934519
-0.12843
-0.0873872
-0.0628689
0.18978
0.294043
-0.0215239
-0.0348786
-0.064502
0.0461563
0.091394
0.00824145
-0.0320091
0.007122
-0.0198117
-0.00899236
-0.059582
0.0130639
0.0817276
0.125007
-0.0157518
-0.00366022
-0.0828531
-0.0425408
0.084336
0.120856
0.0459899
-0.0521379
0.0952872
0.016876
-0.0405781
0.0176087
-0.0155273
0.0950034
0.0789858
0.132739
-0.062493
0.0888308
-0.0589528
0.0202285
-0.0109183
0.0433332
0.010737
-0.0218888
-0.0143948
-0.0526431
-0.0820802
0.0599957
0.0258732
0.0222975
0.0342277
0.0727812
0.0246761
-0.0373712
-0.0577994
-0.120149
-0.0660997
-0.0505516
0.0453435
0.09252
-0.0447885
0.11099
-0.0174217
-0.102304
-0.0664518
0.186988
0.00445149
-0.0216015
0.0283424
-0.0332092
0.0480232
0.0106256
-0.0897981
-0.187026
0.00718401
0.126392
-0.132885
-0.114945
-0.14943
0.178743
0.0268647
0.049365
-0.0225723
-0.0379196
0.121995
0.113187
0.00516396
-0.000815184
-0.0478043
0.0891589
0.0258107
0.0397342
-0.068116
-0.0235776
0.00827203
0.00650433
0.0650808
0.018421
-0.0622568
0.0696426
0.0516818
0.00987747
0.0222553
0.103559
0.000131744
-0.088793
0.148426
0.0852834
0.0371972
-0.0130745
-0.124347
-0.0296853
0.00946683
0.0703255
-0.0339878
-0.0134964
0.00956731
-0.200322
0.109523
-0.0667142
-0.196203
-0.213292
-0.0497562
-0.200969
-0.0455945
0.0457367
-0.230077
-0.199964
0.391157
0.0556446
0.201329
0.185484
0.0845654
-0.0632888
0.0273475
-0.161766
0.0938716
0.27125
0.0441038
-0.111431
-0.0703475
0.0109276
0.00983808
-0.0129398
0.00755022
0.0349801
-0.068325
-0.0106885
-0.0387908
0.00461938
0.0765873
0.05431
-0.0256395
0.10323
0.0706548
0.0312572
0.0165781
0.0211432
-0.0204859
-0.0393823
0.112466
0.0194252
-0.0667771
0.141388
-0.046518
-0.129677
-0.00908271
-0.0443471
-0.170094
-0.180843
-0.157555
0.0992966
0.255772
0.0509132
0.0680587
-0.0924111
0.0491789
-0.0761427
0.110212
-0.0510141
-0.0591979
-0.0486108
0.149784
0.00850691
0.0724137
0.145613
-0.103887
0.14527
-0.0426838
0.233364
0.0224567
0.0221535
0.027024
0.119342
0.157143
-0.0842608
0.0842608
0.00159459
-0.0538661
-0.0556457
0.0206869
-0.0830056
-0.0219849
-0.0777081
-0.0698101
0.111564
-0.0827966
0.0796586
0.0884906
-0.00336032
0.151334
0.175255
0.0710696
0.209993
0.109045
-0.0378445
0.0844307
0.109081
0.0786323
-0.0490158
-0.0691657
0.00961594
0.098827
0.0410418
-0.00903057
0.0375362
0.0526285
0.00111913
0.149944
0.147621
-0.149054
0.0309344
0.0367545
0.0482882
-0.0241149
0.0932991
-0.0965771
-0.158844
0.487574
0.178387
-0.0865951
0.1145
0.115969
0.0291407
0.064015
0.170392
-0.0373701
-0.0846474
0.0430165
-0.113125
-0.160597
0.140956
0.201789
-0.0345019
-0.133016
0.100807
0.0834689
-0.213862
-0.211461
0.0228531
0.115745
-0.173811
-0.10776
0.0617341
0.103469
0.0980947
-0.12355
-0.0356417
0.0767531
0.177036
0.0232817
0.00903375
0.0588743
-0.00413617
0.0965007
-0.0696965
-0.120578
0.0770097
-0.0632689
0.0141282
-0.0672621
-0.180256
-0.0719943
0.225833
0.0377608
-0.0852405
-0.216493
0.0111523
-0.10422
0.000318754
-0.00308171
0.287674
0.0147565
-0.0250887
0.0143588
-0.0370237
-0.173172
-0.0398224
0.162825
-0.0234569
-0.0357603
-0.0292679
-0.112728
-0.039069
0.221104
0.262769
0.200614
-0.00528054
0.110803
0.115436
-0.00750491
0.0941334
-0.131841
0.0258047
-0.0358905
-0.012548
-0.217666
0.0503996
0.106263
-0.0681326
0.0418456
0.215555
-0.0194844
0.0880076
-0.230392
-0.186167
0.0552977
-0.0506862
-0.245846
0.157963
0.0860785
0.046705
0.107479
-0.157493
-0.29863
-0.307397
-0.495123
0.343325
-0.0899703
0.336356
-0.0369014
0.00201247
-0.231745
0.140781
0.224467
-0.212931
-0.00320311
0.138711
0.133801
-0.0459326
-0.060103
-0.108658
0.0215297
0.0343725
0.0288871
-0.0954121
0.200346
-0.264962
0.0502581
-0.242725
0.263672
-0.130536
-0.191539
0.116252
0.054281
-0.0411703
0.204389
0.0310364
-0.0419697
-0.062966
0.0291351
0.0200145
-0.0968236
-0.256373
0.083823
0.203109
0.139381
-0.0894014
-0.0831159
0.0687244
0.211012
0.031391
-0.0199078
0.125556
-0.29931
-0.0427683
0.0907442
0.0992428
0.0760753
0.105132
0.0767534
-0.0951593
-0.0158624
0.125691
-0.0510283
-0.114636
0.00507008
0.225735
-0.0300825
0.0452414
0.0158417
-0.0101883
-0.109496
0.143752
0.0442579
0.0237042
0.139284
0.0454117
0.0561349
-0.180275
-0.00695314
0.100252
-0.138082
-0.0355712
-0.0847399
-0.254162
-0.0305933
0.193893
0.0484745
0.119517
-0.0829864
-0.00697199
-0.095264
0.200537
0.0188859
0.123031
0.000788854
-0.159523
0.146598
-0.0929409
-0.181916
-0.160093
-0.145733
0.140885
-0.0295501
-0.136899
-0.365355
0.0116353
0.128927
-0.338575
0.289856
0.252615
0.100306
0.0164298
0.0685466
-0.206434
0.243308
0.0148965
-0.0999735
-0.441685
-0.148372
-0.101374
-0.53249
-0.237289
0.466902
-0.276717
0.130545
0.514281
-0.119937
0.239544
0.0571023
-0.0951335
0.229686
0.0598514
-0.331122
0.228268
0.175979
0.00686121
0.143737
0.031778
-0.130558
0.299784
0.0719179
-0.152472
-0.0226349
-0.0880416
0.122796
0.136202
-0.138461
-0.00328593
-0.179063
-0.0169527
-0.0851973
0.0352187
0.0181934
-0.0358927
0.0735413
-0.0750177
0.0243321
0.117973
-0.128183
0.0689524
-0.0124539
0.020713
-0.0414691
-0.0803894
0.0433831
0.0897553
-0.0161928
0.0480838
0.178002
-0.135949
0.0837844
-0.106294
-0.0976788
0.0521932
0.0666485
-0.0804287
-0.059514
-0.115529
-0.0229897
0.136311
0.101236
-0.0332488
-0.0406949
0.0391288
0.0594456
-0.00487975
-0.0419393
0.111793
-0.02075
0.162163
0.169478
-0.0406704
0.00511794
0.0500376
-0.0188848
0.0329503
-0.068117
-0.0539416
0.0482191
0.0779257
-0.0799344
-0.0302794
-0.29144
-0.103012
-0.373486
0.0768363
-0.194255
0.0717313
0.205736
0.0604148
0.0800246
0.13485
-0.32197
-0.307804
0.228105
0.26154
0.113848
0.141643
-0.0232963
-0.142395
-0.209447
0.179988
0.0953995
0.147616
0.0224157
-0.0236454
-0.0191825
-0.0373421
0.00906544
-0.00298657
0.113478
-0.00957737
0.0367313
-0.0909037
0.180083
-0.0372128
0.0264364
0.0219435
0.015372
-0.188191
-0.0506647
0.0731456
-0.35014
-0.158974
0.159396
-0.150915
-0.0262182
-0.0471289
0.0612137
-0.0844825
-0.0657693
0.101138
0.0271716
0.13168
-0.0128668
0.0418362
-0.0639931
0.00778181
0.00639148
0.0657014
-0.0436821
-0.0570094
0.0225229
0.0652534
-0.116028
0.0322051
-0.0447514
-0.165314
-0.0161583
0.0776046
0.0558972
0.022078
0.00967742
0.0628896
0.0260256
0.000852152
0.00926246
-0.169783
-0.0674427
-0.140022
0.083525
-0.124496
-0.0460436
-0.0334979
0.0239066
0.0639534
-0.0384342
-0.112257
0.0359519
-0.0662742
-0.0129912
-0.0964347
0.175027
0.0124415
0.131534
0.0872858
0.0386111
0.0867397
-0.0102868
-0.116489
-0.096037
0.0582609
-0.545814
0.0669356
-0.184986
-0.212103
0.0289009
-0.166632
0.136891
-0.159686
0.0384897
-0.104485
-0.0496297
-0.00568063
0.0980918
0.00391351
0.0294245
0.0183921
-0.0102272
-0.041136
-0.0497843
0.0257814
0.11314
0.0318331
0.0324548
0.0704579
-0.0862499
-0.0100185
0.0441028
-0.00577291
0.0355466
0.0596403
0.217592
-0.0722016
0.0908401
-0.0403494
0.153873
0.042714
-0.0053866
0.0234735
-0.00652125
0.030168
0.01767
0.0338845
0.012252
0.0397156
-0.0178582
0.179385
-0.0346169
-0.0603927
0.10012
0.00499642
-0.0511926
-0.0608809
0.074038
-0.153492
0.156166
0.00066836
-0.0522667
-0.0238788
0.0218631
-0.0132243
-0.0936287
-0.0408349
0.123804
0.071146
0.085464
-0.0375364
0.00698645
0.107177
-0.18251
0.0504706
-0.0548276
-0.00637146
-0.0645015
0.178792
0.0465415
0.0473115
-0.00186188
0.0254886
0.0555648
-0.0294872
-0.043683
0.0995369
-0.0163761
-0.0198826
-0.0811339
-0.00723899
0.00153598
0.0682223
0.0031593
-0.0664462
-0.0717488
-0.0703764
-0.0142463
-0.00579336
0.0917412
0.0372543
0.0221983
-0.00549004
0.045695
-0.018713
0.0117134
-0.131049
-0.0600389
0.084175
-0.000884701
-0.0170458
0.0549073
0.00264384
0.0446194
0.0389612
-0.0795061
0.173437
0.0171902
-0.0319173
-0.0370216
0.0906277
0.00140114
0.0722692
-0.124026
0.0662955
0.0635066
-0.082465
0.122166
0.0631741
0.100884
0.104855
0.042524
-0.0417982
0.0468559
0.131833
0.0255295
0.0657101
-0.0146436
-0.0788368
0.0775229
-0.0169955
0.0352738
-0.0204012
-0.206231
0.0561921
0.0693403
0.0694701
0.00576745
-0.00333864
-0.0528584
0.0465828
0.0805744
0.0389946
0.116772
-0.0289166
-0.0717605
-0.0302115
0.0675992
-0.025608
0.101547
0.0257436
-0.144466
0.0445742
0.146868
-0.0313257
-0.0188032
-0.0078862
0.00128193
0.00305625
-0.141463
-0.0402721
-0.141938
0.0607016
0.0868563
-0.0345715
0.0405892
-0.0834668
-0.000202212
0.060481
-0.0363456
0.121804
-0.0170534
0.0517682
0.0534771
-0.04385
-0.00168657
0.0154661
-0.0903579
-0.131514
0.0603871
0.0333692
-0.00712683
-0.0311768
0.0476311
0.00160385
-0.0382617
-0.0301298
0.0672888
-0.0165539
-0.0734679
0.202958
-0.0863065
0.0797626
0.019223
-0.00207905
-0.0216081
-0.0548241
-0.0573337
0.0241542
0.124749
-0.0820958
0.083381
-0.0149376
0.00574024
-0.0863518
0.0640652
0.129457
0.0436599
-0.0499266
-0.0590407
-0.0443372
0.0449284
-0.0184406
0.0975359
-0.00234618
-0.0051831
-0.000586935
-0.138894
0.0717565
0.00620259
0.0434087
0.0324822
0.0102511
0.069333
-0.109127
0.029445
0.0424008
-0.038592
0.131824
-0.0178433
0.0445006
-0.0143303
-0.0310392
0.0105178
-0.0100351
0.0659122
-0.0219866
-0.141812
0.114767
-0.0521796
0.10821
-0.0390826
0.0188402
0.00825542
-0.0730953
0.0221101
-0.0125456
0.0944759
0.0518074
-0.00352165
0.0130334
-0.0996554
-0.103375
0.0944405
-0.0968664
0.0507232
-0.288376
-0.0108383
-0.0932554
-0.055182
-0.00424187
0.138442
-0.0157538
0.0332733
-0.00378
-0.00706647
-0.0388052
-0.0512053
-0.0767462
0.121153
-0.0118091
0.071044
-0.0135313
-0.0580134
-0.123127
0.10629
0.0159366
0.100049
0.0244609
0.0647743
-0.0283426
0.0232311
-0.117694
0.156064
-0.0280519
-0.0245855
0.0655579
0.033106
0.0150032
-0.0255383
-0.00370945
0.0159019
0.0509496
-0.000872901
0.082491
0.0780943
0.0252618
-0.0471433
-0.0843417
-0.0674648
-0.0147732
0.0477397
0.0486689
-0.0189952
0.106752
0.0206997
0.021798
-0.0657285
-0.150338
0.0895687
-0.0259369
-0.0871725
-0.0881356
-0.313269
-0.175084
-0.000928567
-0.176646
0.174479
-0.0801985
-0.0229133
0.210482
-0.0953028
0.0986715
0.0614579
0.201445
-0.116194
0.014975
0.0279802
0.129252
0.0837789
0.101247
-0.12559
-0.0565697
-0.14976
-0.155297
0.0349903
0.00548157
0.0240225
0.109646
-0.00560914
0.0211181
-0.0852453
-0.0294875
0.0549665
-0.0333473
-0.0301181
-0.00546736
0.00658071
-0.154518
-0.0114156
-0.055515
0.0262481
0.078231
-0.0361096
-0.167575
0.176101
-0.00955399
0.0528944
0.0619683
-0.13266
0.0291989
-0.0617883
-0.0156104
0.074113
0.000205392
-0.0683194
-0.0326238
0.037379
0.0265256
-0.116221
0.117148
0.0094776
0.0469463
0.209125
-0.067775
-0.0276242
0.144857
0.0981881
-0.0426152
0.130834
-0.18461
0.0261271
0.00149376
-0.0464107
0.0384414
-0.0288422
-0.104991
0.0381049
-0.0951295
-0.103533
0.0058484
0.0325653
0.130927
-0.021517
-0.0948
-0.0813904
-0.0811244
0.0376988
-0.0143792
0.045034
0.088034
0.0132711
-0.0946087
-0.0561828
0.0807666
0.0570602
0.0467774
-0.070402
-0.156443
0.0144464
-0.119943
0.108513
-0.0305112
0.089912
0.0358015
-0.0542163
0.0626579
0.0762682
0.125432
-0.067696
0.128824
0.00961779
-0.0222552
0.0952883
-0.0313628
0.00378867
0.0825942
-0.00801112
0.0850247
0.0104917
0.137913
-0.0331123
-0.0488029
-0.0915376
0.00855285
-0.0151445
0.0401711
-0.0420412
-0.027106
-0.264938
0.0692862
-0.0312507
0.0814501
0.080792
-0.128878
0.0849722
-0.0318801
0.0783684
0.0608934
0.0331126
-0.0169368
0.0404236
0.0858114
-0.00291994
0.00681186
0.00145908
-0.0613675
-0.0397135
-0.0782198
-0.172595
0.0146985
0.00442545
0.00643352
-0.0602751
0.0559531
-0.0372672
-0.0660108
-0.0864093
0.0166871
-0.0443896
0.0545111
0.0381446
-0.06936
0.114557
-0.0389896
-0.0304647
-0.0113333
-0.0085851
0.0132833
-0.0253558
-0.458641
-0.00729058
-0.235931
-0.0353126
-0.198672
-0.0926068
0.149998
-0.0278697
0.207977
0.0256545
0.101098
-0.0794415
-0.04775
-0.271291
0.039402
-0.153641
-0.0342873
0.231651
-0.0469819
0.141175
0.129041
0.0412664
-0.113179
0.0310242
0.188463
0.0912072
0.0143029
-0.0244555
-0.109769
0.0186844
-0.22633
0.0584363
0.0225786
-0.167255
0.0350068
-0.0258821
0.194739
0.203105
-0.0836142
-0.0227686
0.00216039
0.0255651
0.000107731
0.0316228
-0.0241921
-0.198199
0.141197
-0.10251
0.0872331
0.0457617
0.083517
0.0171116
-0.106135
-0.0732731
-0.0925725
-0.119406
-0.0760731
-0.16255
0.145292
0.125615
-0.0164063
0.2023
0.0578901
0.0866403
0.0614295
-0.0649665
0.0001072
-0.212459
0.069184
0.0467602
0.0548349
0.0914041
0.0118331
-0.00383624
-0.047435
-0.0390567
-0.0974458
-0.0401395
0.0764415
0.0483421
-0.0630638
0.253284
-0.0658047
0.215709
-0.0452584
-0.0378025
-0.0657873
0.109546
0.105672
-0.00485901
0.0819761
0.0582913
0.0299337
-0.106087
0.0540018
-0.0230202
0.0246551
0.0169471
0.0378738
-0.0447105
0.00969235
0.0648495
0.0336815
0.0433254
-0.0626304
0.00970766
-0.0180071
0.0203315
0.0438599
0.0614825
0.0718342
0.045661
0.0464372
0.0723306
-0.0195502
-0.00508931
-0.163146
-0.0253066
0.126193
-0.046802
0.0251068
0.0417706
0.101529
0.0489279
-0.0599307
-0.0797175
0.0448765
0.0141658
-0.0309953
-0.000391723
-0.0152892
-0.0184565
0.0224771
-0.0100054
-0.128206
0
0
0
0.0275972
-0.00922367
-0.0238424
0.14113
0.0425689
-0.0989203
0.0385854
-0.0745485
-0.0931747
-0.0537929
0.0298873
0.0802921
-0.0952246
-0.0269147
-0.205537
0.0444518
-0.0439386
0.0933813
0
-0.0210725
0.0963457
0.0836228
-0.0593283
0.0332712
-0.0731209
0.0959747
-0.280224
0
0
0.104478
-0.082673
0
0.159108
-0.00171919
0
0.247826
0.100523
-0.0366955
-0.0889192
0.0160106
0.119269
0.0115079
-0.0526741
-0.134153
0.0120089
0.0408808
-0.0695872
-0.083206
0.0554145
0.171977
0.0569022
0.111396
-0.0631564
-0.106221
-0.0288711
-0.0290533
0.0182297
-0.0826443
-0.141659
0.0356786
0.0447446
0.0090846
0.00299312
-0.0427868
0.0353023
0.00608779
0.11921
-0.00493058
-0.0252827
0.015513
-0.173186
0.0401023
0.144629
-0.14663
-0.237371
0.0935344
0.0572986
0.181061
-0.0517824
-0.0474453
0.135939
-0.153175
0.0392385
0.172434
-0.011397
0.00923651
0.161433
0.00512075
-0.00734378
-0.0953776
0.0579954
-0.046194
0.00750279
0.0530407
0.107354
0.0347341
0.0462203
-0.033715
0.0261057
-0.170337
-0.198038
0.211579
-0.0210932
-0.0603316
-0.0786551
0.121051
0.0113465
0.0451612
0.0830191
0.00363553
0.0428569
-0.0819602
0.0428332
-0.0392807
-0.0680032
-0.121157
-0.247812
0.0386344
0.128437
0.093254
-0.0767978
0.00275648
-0.0643845
0.0634985
0.128327
0.078412
-0.0633596
0.0174518
-0.11232
0.0809816
0.11507
-0.00384323
0.0520463
0.0218686
0.0868101
-0.0857608
0.101824
-0.0809575
0.241769
0.0554059
-0.0803366
-0.0279814
0.103327
0.149192
-0.00309696
0.0256576
0.0607872
-0.0520677
0.057756
-0.0665664
0.00463323
-0.141781
-0.117221
0.0903766
0.190853
0.0839279
0.00314487
0.0177724
-0.0606275
-0.0576391
0.0401201
0.0799399
0.0422319
0.0395645
-0.0355474
-0.0154522
-0.0333974
0.0201592
0.0159194
0.1918
-0.0274772
-0.141918
0.0306254
0.0826817
0.0701048
0
0
0
0.0371369
-0.0942027
0.00431325
-0.1295
-0.0174001
0.0288052
-0.00240469
0.0755156
0.0665227
0.0212292
0.0404037
0.245613
-0.0561072
0.0895192
0.0215353
-0.0126273
0.0488949
-0.010385
0.0821928
-0.241679
0.0506842
0.144723
-0.139259
0.0267646
0.0168403
0.127672
0.294156
0.0934162
-0.0525203
-0.039348
0.107434
-0.0297002
-0.0207941
0.083561
0.0097944
0.0753043
0.0809053
-0.0242029
-0.086133
-0.365313
-0.157652
-0.0088411
-0.252506
-0.293151
0.122548
0.312315
0.096633
-0.0763815
-0.300191
-0.503155
-0.147079
-0.181207
-0.78208
0.0836422
-0.156371
0.149325
-0.228228
0.0933045
0.0716989
-0.345643
0.311869
0.239998
0.344328
-0.0807831
0.350494
0.166881
0.00288669
-0.0862139
0.165042
0.0794947
0.0452607
-0.0679222
0
0
0
0.194564
-0.0671553
0.163705
0.211333
0.152996
-0.0715692
0.0345967
0.139842
-0.0915209
0.0448387
0.0895874
-0.114082
0.00857148
-0.097807
-0.0990352
0.0700957
0.0541716
0.0996127
0
0.146825
0.000673588
-0.0239402
-0.0893529
0.0291656
0.177735
0.0801696
0.125479
0.121825
-0.0517972
-0.330125
0.338884
0.00380966
0
0.00316011
0.0102837
-0.0333186
0
-0.058229
0.0399417
0.110513
-0.136661
-0.0109356
-0.033534
0.121657
0.184443
-0.0913154
0.14362
-0.0441243
0.159648
-0.176812
-0.0262791
-0.0595823
-0.0229678
-0.00860644
0.0951427
0.147716
-0.0279987
0.064061
-0.0281332
0.0583722
0.028592
0.0143819
0.0941747
-0.146828
0.219365
-0.0369695
0.0747162
0.171524
0.0368919
-0.0743709
-0.0371678
-0.170059
0.0502466
0.00945511
-0.065377
-0.0529195
-0.0729916
0.137412
-0.122972
0.00519615
-0.0768208
0.126166
-0.0422919
0.211893
0.0760207
0.00797658
-0.145324
0.108474
-0.149083
0.0816624
-0.0410531
0.0637541
0.0358822
0.0225685
0.0409309
-0.0424389
-0.0880843
0.0509154
-0.0816964
0.126328
-0.0820148
-0.219982
0.176203
-0.154482
0.240184
-0.0554556
0.00486751
-0.00501966
0.124441
0.0685868
0.0428891
-0.00319545
-0.10798
0.0374205
0.0822958
-0.133099
0.0465355
0.13544
0.0979942
-0.0492079
0.0948984
-0.0561572
0.137748
-0.0786052
0.0178927
0.0909311
0.151299
0.206669
0.00902828
-0.0379737
-0.185174
0.0644577
-0.0539577
-0.0139788
-0.150456
-0.0849147
0.0213508
-0.16944
-0.0414786
-0.237897
0.171514
-0.126546
0.0892591
0.0866884
0.346313
0.231161
-0.0667719
-0.19476
-0.0984219
0.162645
0.0464048
-0.0444759
-0.0732016
-0.0466662
0.00144581
0.0341326
0.153058
-0.0991741
-0.17018
0.0143474
0.067816
0.130558
0.022734
-0.0903858
-0.00804841
-0.152703
0.0111621
0.0651189
0.094307
0.0957007
-0.0880252
0.0272113
0.0868654
-0.039352
0.175877
0.00992535
0.162156
-0.0883746
0.0731718
-0.0544652
0
0
0.191008
0.0170985
-0.0673417
0
0
0.151794
-0.145994
-0.0584233
0.105719
0.0823501
-0.0576009
-0.159326
0.0696676
0.0418682
-0.0669776
0.0272958
0.135103
-0.00869844
0.0194094
-0.0201514
0.0502691
-0.103573
-0.233721
0.0694644
-0.215422
0.165586
0.151293
0.0995601
-0.0761089
0.0433486
-0.0500239
-0.0597302
-0.15014
0.272496
0.162202
0.0859724
-0.0150051
-0.0148952
-0.13258
-0.035712
-0.192786
-0.189573
-0.0243197
0.0969261
-0.122431
0.172826
-0.0608246
-0.243645
-0.119684
-0.15141
0.135671
0.280143
0.112689
0.0835019
-0.115998
0.0926845
0.124554
-0.201221
0.020715
0.00180532
0.0697407
-0.0903824
-0.148733
0.0260935
0.136545
0.101749
0.00659998
0.114392
0
0
0
0.0244305
-0.0989035
0.179305
0.0926921
-0.114838
0.10724
-0.0693067
0.10212
0.0945072
-0.0457863
-0.094676
0.127289
0.191018
-0.0348496
0.0100528
0.103954
-0.0240223
-0.0799966
0
0.0624251
-0.180254
0.1642
-0.117477
0.169541
-0.021205
-0.221134
0.0269925
0
0
0.175663
0.011722
-0.0529872
0.179061
0.10798
0
-0.00440257
-0.0101333
-0.116353
0.112259
-0.0630064
0.0558221
-0.102272
0.0296359
0.0697356
0.057911
-0.00219463
0.0811309
0.0285108
0.015185
0.069125
0.0477375
0.0779258
-0.0844777
-0.0468457
0.0467844
0.00391946
-0.0739934
0.0963783
-0.00507197
0.0693178
0.0663083
-0.0242701
0.135029
-0.0201175
0.00334578
0.0895011
0.128297
-0.0933686
-0.0181286
0.114302
0.00432309
-0.0132673
-0.0912422
0.0153926
-0.0738168
-0.0224659
0.161951
0.0865049
0.0233629
-0.0673963
-0.0483278
0.13857
-0.0476604
0.0712039
0.0333736
0.0234101
0.221554
0.166656
-0.144371
0.108086
-0.0147837
-0.009036
0.00776148
0.0738202
-0.00357629
0.118816
0.0746019
-0.0540675
0.0801038
0.0140949
-0.122186
-0.068203
0.0185575
-0.0629283
0.0355453
-0.131437
0.0604402
0.103956
-0.0534916
0.0775679
-0.0238577
-0.122142
-0.0288137
-0.0765924
0.0451909
0.0314016
-0.0660296
0.0924638
-0.0613432
-0.145613
0.198263
-0.00764708
0.12757
-0.147769
-0.164091
-0.287263
0.0647008
-0.0256101
-0.129278
-0.117672
0.0989493
-0.0152861
0.136799
-0.108773
-0.0442787
0.0431638
0.247016
-0.0551095
0.144928
0.0356234
0.109918
0.048863
0.0404268
0.11275
0.0249566
0.0315444
-0.0462043
0.0869336
0.0159961
0.0340758
0.065016
0.00144835
0.105433
-0.203318
0.162259
0.0111324
-0.0767933
0.122736
0.0527987
-0.0073297
0.00290088
0.020651
-0.027984
-0.0268983
-0.0869483
-0.304304
-0.0358323
0.0715366
-0.0945921
-0.0294912
-0.0967878
0.0932341
-0.224195
-0.0397789
0.0489188
0.315623
0.112569
0.0715055
-0.072756
0.0581173
-0.239173
0.149471
0.154254
-0.0938928
-0.509256
0.180067
0.226686
-0.00345136
0
0.13535
0.0249429
-0.0194307
0.0702573
0
-0.0742021
-0.153424
-0.0436176
-0.306165
-0.087456
-0.20424
0.0621881
0.0920444
-0.0554146
-0.284457
0.0801596
-0.119464
0.0937643
0.0658933
-0.225651
-0.351128
0.0363755
0.118052
0.174445
-0.140953
0.25962
0.0778626
0.276772
-0.283405
-0.334463
0.138224
-0.193881
0.409829
-0.0502674
-0.223305
-0.221631
0.313154
0.00662148
-0.0727755
-0.193401
-0.15564
0.0235103
-0.0730311
0.0144348
0.372118
0.255244
0.0208021
-0.127081
-0.00203308
-0.120568
0.022793
-0.0311494
0.140997
-0.115285
0.0158786
0.0850604
-0.0448429
0.253444
0.239747
0.0854811
0.00566906
-0.0720657
-0.0695418
-0.182321
-0.103447
0.173334
0.10306
0.156874
-0.0607905
0.107862
-0.0237057
0.187702
-0.123825
0.216619
0.0245855
-0.124092
-0.200504
0.0664762
0
0
0
-0.00134995
0.104809
-0.166708
-0.130407
-0.00051611
-0.126792
0.142493
-0.0816373
0.307746
-0.159228
-0.0463469
-0.0496631
0.00958522
-0.289918
-0.452168
0.0703144
-0.0664843
-0.0200937
0
0.038236
0.174911
-0.0654014
-0.14292
0.316841
-0.068132
-0.0761358
-0.0313005
0
0
0.40719
-0.091947
-0.0591549
0.0225059
0.0695718
0
0.175748
-0.0313612
-0.191444
-0.148941
-0.233187
-0.191949
0.094697
-0.302107
0.0577463
0.231935
0.0783317
-0.0678934
-0.036395
0.309598
0.140111
-0.174796
0.0130284
-0.088258
0.0920119
0.0466244
-0.0180925
0.116781
0.0914008
0.0359389
0.0480116
-0.0049257
-0.0269584
-0.0906272
0.22435
0.159182
-0.0184078
-0.0490429
0.0956255
0.0745586
-0.111361
0.11899
-0.0755829
0.187254
0.13615
-0.052875
0.0146141
-0.434925
0.136682
-0.244667
-0.0447192
0.0423829
0.233031
0.075164
-0.236542
0.0932323
-0.0885935
0.0445968
-0.136556
0.112113
0.0575735
-0.123048
0.168446
0.078655
-0.125031
-0.227565
-0.0252208
-0.0229189
-0.29923
0.136409
0.000180322
-0.0547867
-0.0391793
0.123495
0.159335
0.0793105
-0.19362
-0.064041
-0.216686
-0.259889
-0.0614625
-0.16895
0.1699
-0.245648
-0.0736438
-0.0377485
0.0496464
0.0794567
-0.174049
0.0685558
0.16063
0.235957
-0.0735525
0.0738673
-0.157042
-0.0256777
0.0119186
0.0891298
-0.11388
0.217813
0.0608712
0.152852
-0.145799
-0.0156098
-0.149331
0.207152
0.164826
0.0622015
-0.0394327
0.0707825
0.0630681
-0.0915031
0.318193
-0.0430856
-0.0511652
0.139143
0.107678
-0.042839
0.190148
-0.247788
0.105922
-0.0627777
-0.107005
-0.0119015
0.0398319
0.0202375
0.0801942
0.0827853
0.0703193
0.0321793
0.0245079
0.08384
0.0749101
0.135618
0.0338257
0.0222305
-0.0786335
-0.0469776
0.0211284
0.198633
-0.094315
0.151812
0.0664225
-0.12539
-0.131009
-0.042022
0.0107435
0.0540403
0.0275424
0.0418006
0
0.0144771
-0.032206
0.107801
-0.0566155
0.124381
0.147116
-0.0821056
-0.051244
0.0651887
0.00661828
-0.202112
-0.0834849
0.0368258
0.0930472
0.181461
0.00819227
0.0400136
-0.135545
0.0293228
0.0176487
-0.0663168
-0.170176
-0.00196984
0.0309254
0.0971783
-0.089053
0.0618948
-0.0401146
0.208523
0.0449112
0.0290713
0.0924746
0.0331077
-0.0750021
0.143639
-0.00248955
-0.00596707
-0.0729295
0.0727738
0.0111531
0.0740207
-0.0699775
0.0400323
-0.0528932
0.0975975
-0.0695634
0.0343007
0.0196801
0.0482631
0.000563405
-0.00922334
-0.138133
0.12885
-0.175479
-0.154082
0.126734
-0.0962343
-0.0609858
-0.0376251
0.10025
0.135721
0.0830397
0.072246
0.0145714
0.131865
-0.0577985
0.120194
0.101758
0.0232178
-0.05917
-0.0182499
-0.0508751
0
0
0
0.0548779
0.107425
0.124043
0.190998
0.125951
-0.027599
-0.192354
-0.0307869
0.231353
-0.0350301
-0.0377338
-0.279842
0.0869611
0.0511276
0.0743282
-0.0572791
-0.0345645
-0.137791
0
0.302889
-0.0639721
0.0361334
0.0853269
0.151815
-0.0332199
-0.102413
-0.0118609
0
0
0.197653
-0.236227
-0.19115
0.00820582
0.0941986
0
-0.11689
-0.0477377
-0.0497349
-0.0424823
0
0.238462
-0.175958
0.0487088
-0.0641141
-0.00849778
0.00663184
0.0328486
0.0441996
0.0274955
-0.15713
0.0334644
-0.0358343
-0.0379456
-0.0290387
-0.0753467
-0.138189
0.130973
0.014375
0.209849
-0.076752
0.0201798
0.033068
-0.143194
-0.0412491
-0.0751438
-0.105425
0.0378376
0.101512
0.080624
0.04605
0.00649755
0.00684018
0.194851
0.0301795
-0.0619615
-0.0417178
-0.18742
0.0458821
-0.113947
0.196225
0.00211722
-0.132622
-0.0839667
-0.0854389
0.157025
0.894286
-0.0734458
-0.0731548
-0.0844398
-0.020121
-0.00435708
0.109613
-0.0262219
-0.131774
0.0545201
0.0629309
0.163814
-0.0370144
-0.0743035
0.115575
0.038777
-0.15588
-0.106784
0.156296
0.0394066
-0.00146864
-0.00505009
0.0779456
0.0192554
0.0506695
-0.0518975
-0.057885
0.185376
-0.163533
-0.170244
-0.0556394
0.20404
-0.232983
-0.0305298
-0.08405
0.0928761
-0.0337034
0.0453814
-0.0420859
-0.159993
-0.150303
0.0726625
0.067208
0.114018
-0.0619176
0.177505
0.26354
0.223981
0.0150964
-0.121774
0.0362843
-0.0840996
-0.320635
-0.055487
0.0215002
0.0123253
0.0216147
-0.116153
-0.128479
0.168022
0.0427169
0.080007
0.280812
-0.265705
0.145163
0.0185693
0.164781
-0.170083
-0.0708867
0.0626081
-0.0232716
-0.0560646
0.0126293
0.197671
0.0992677
-0.0652286
0.0147518
0.0683471
0.0667304
-0.0503179
-0.247416
0.076946
0.0917761
0.0324206
-0.0359246
-0.0326727
-0.0620835
-0.134296
0.0343734
-0.0198111
-0.1329
0.14249
0.0308622
0.00712964
0.116911
0.0608197
0.13782
0.0599791
-0.02132
0
0
-0.00520475
0.0724021
0.00214603
0
-0.00113865
0.0162354
0.281572
-0.0158695
-0.0486158
0.0500208
0.11143
-0.0714059
0.0192326
-0.0323013
0.0222236
-0.0479868
-0.00834685
-0.0273464
-0.00931739
-0.0607756
0.0278817
0.022669
0.0662121
0.114911
0.0110913
0.229627
0.100198
-0.0450345
0.208594
0.0460167
0.10342
-0.10155
0.165956
-0.0109994
-0.025215
0.133467
0.0491992
0.0236438
0.0542383
-0.128244
-0.0951513
0.169426
-0.0432855
-0.0414177
-0.0803033
-0.0200007
-0.0716015
0.278162
0.180995
-0.201626
-0.0350965
0.553779
-0.0742887
-0.0797011
0.157312
-0.0784939
0.12031
-0.194494
0.0724182
-0.111038
0.0592432
-0.0500202
-0.0252347
0.052482
-0.0370657
-0.0673511
0
0
0
-0.138167
0.102253
-0.125601
0.0246012
0.034575
-0.119432
0.0439869
0.0326261
0.0588908
0.00562837
-0.131676
0.00963793
-0.0775189
0.0468135
0.105883
0.144867
-0.140315
-0.163453
0.2244
-0.00508989
0.113062
-0.0575898
-0.189415
-0.135141
0.0233723
0.266056
0.0222556
0
0
0.23331
0.00528142
0.0919035
0.000544956
-0.0854475
0
0.153875
-0.0333952
0.101394
-0.0833813
-0.02272
-0.032578
-0.0866031
0.058183
0.0910873
-0.0374082
0.0840984
0
0.297239
0.0790609
0.0137673
-0.0742492
0.0732812
-0.101355
0.033818
-0.0874986
0.0252479
0.0139642
0.101812
-0.0759305
0.0285633
0.266342
-0.140593
-0.0746433
-0.00671587
0.0277344
-0.0959791
-0.146603
0.0402186
0.0244264
0.0630771
-0.150818
0.107968
-0.0402504
0.100272
-0.110633
-0.0327755
-0.418064
-0.207147
0.169636
0.0491227
0.102306
-0.109051
-0.157333
-0.0501256
0.0888522
0.128041
0.134239
-0.00367129
-0.398065
-0.304409
0.335761
-0.388905
0.260192
0.407532
-0.208541
0.193676
-0.0217688
0.160058
-0.0787045
0.00164297
-0.0975843
-0.0639814
0.167807
-0.0593906
-0.074599
0.0235265
-0.0159491
0.171696
0.109879
-0.0510688
-0.0207468
-0.167359
-0.161117
-0.0415517
0.0481302
-0.0969082
0.149827
0.232949
0.0872402
0.000647925
-0.119457
-0.180031
0.12209
-0.393142
-0.142738
0.0131344
0.0794801
-0.09884
-0.283521
-0.0931083
0.0300381
-0.100129
-0.0449973
-0.0237558
0.233823
-0.0332357
-0.00870576
0.0370468
0.144868
0.00062769
-0.159876
-0.00761647
0.124995
-0.076286
-0.00131012
-0.0676046
-0.0316685
-0.067595
-0.0317824
-0.0959169
-0.0485727
-0.0318126
-0.0774636
0.123237
-0.116011
-0.116911
-0.0659031
-0.125201
0.129259
0.264399
-0.286059
0.0283773
-0.00751997
-0.357827
-0.0631433
0.146198
0.150084
-0.161515
0.296933
-0.0412471
0.0639766
-0.113614
0.061161
0.102578
0.189764
0.034566
-0.0522235
-0.0641829
0.110995
-0.0121855
0.00143677
0.0549757
-0.0668044
-0.261094
0.191482
-0.116801
0.0275123
-0.285719
-1.41638
0.366879
0
0
0
0.184206
-0.151905
0
0
0.199716
-0.0135303
-0.189659
-0.144691
0.117103
0.0894426
0.0141764
-0.213821
-0.22752
0.150034
-0.0536223
-0.249984
-0.21939
0.248016
0.0639101
0.0036241
0.377992
0.021437
-0.135116
-0.00986651
-0.00677677
0.00851863
-0.145518
-0.0500988
0.285155
0.192004
-0.0477157
-0.124745
-0.1041
-0.160864
-0.154107
-0.0814748
0.115253
0.221537
0.0840465
-0.0200392
0.329571
0.0966695
0.203069
-0.0963666
-0.0463006
0.0227178
-0.0511185
-0.294143
0.191908
-0.190672
