0.141495
-0.25294
0.366584
0.114003
-0.0706797
-0.0531962
0.630642
0.0126163
-0.429281
-0.579079
0.197057
0.176963
-0.139059
-0.0684087
0.135904
-0.345244
-0.0361084
0.367556
-0.179343
-0.165987
0.0503903
-0.125049
-0.049478
-0.357977
-0.0677504
-0.260538
0
-0.000216247
0.469799
0.0774834
0.462023
-0.0864526
0.103901
0.137026
-0.10637
-0.0138226
-0.228716
0.189154
-0.319563
-0.0716767
-0.314251
0.127703
-0.0441673
-0.0120101
0.288385
-0.105092
0.113187
0.0615804
0
0.0104498
-0.177105
0.0796866
0.140975
0
0.335024
-0.22346
-0.192214
-0.101243
-0.0509063
0.214251
-0.102165
0.0260767
-0.115944
0
0.25667
0.0526784
0.201062
-0.00530607
0.157906
-0.0952547
-0.0756699
0.233991
-0.135128
-0.120208
0.0500793
0.291681
0.0121692
0.144454
-0.0373293
0.103719
-0.00491174
0.0601253
-0.191547
0.0938282
-0.0945127
-0.0139489
-0.0222089
0.168694
0
0.130984
-0.100755
0.0319689
0.128912
-0.0982617
0.0489791
-0.065298
0.048877
-0.102527
-0.0462422
-0.386669
0.0651107
0.271205
-0.0792511
0.00835219
0.142036
-0.0307598
0.0873561
0.119486
0.0518293
-0.147584
-0.0416433
-0.118486
0.0485489
0.129296
-0.0448683
-0.130067
-0.169988
0.112256
0.143282
-0.0906881
-0.369793
-0.056519
0
0.00491054
-0.259661
0.0984274
0.119482
-0.260762
0.0279912
0.310438
-0.111651
-0.056329
0.125473
-0.314383
0.175089
0.0603165
0.0629983
0.0797033
-0.111218
0.0182334
-0.0829345
-0.00346513
-0.235344
0.0436886
-0.1971
-0.109025
0.09576
0.0193142
-0.279651
-0.122034
-0.0722604
-0.140036
-0.0555656
0.0717352
0.181901
-0.349406
0.11638
-0.0112434
0
0.0498823
-0.284503
-0.0558823
-0.166278
0.0869873
-0.00542401
0.25518
0.143887
-0.127887
0.0455855
0.0438524
0.0817265
-0.005697
0.128294
-0.0393166
0.233614
0.083672
-0.126929
-0.0948669
-0.235307
-0.0176336
0.125441
-0.0450008
0.493266
0.062078
0.10529
0
-0.20991
-0.168707
-0.0404273
0.02255
0.0177373
-0.160851
0.164212
-0.00196081
-0.0379614
0.135534
0.0788923
-0.246324
-0.285582
-0.0967671
0.043942
0.420795
0.199243
0.0871806
-0.0416181
0.0496357
-0.270129
0.424264
0.107035
0.111923
-0.0392704
-0.0140015
-0.0131648
-0.0130503
0.0489494
-0.0530394
0.10606
0.00313316
0.00345839
0.130927
-0.133471
0.0463561
-0.0537329
0.0521739
-0.0511943
-0.0588118
-0.112691
0.130148
0
-0.0660503
0.0291317
0.276056
0.171631
-0.0224287
0.11763
0.0245921
-0.0235948
0.31438
-0.0563303
-0.115158
0.0380845
-0.117416
0.0844303
-0.100484
0.0864106
-0.316198
0.0323202
-0.153978
0.172373
-0.00663342
-0.0348185
0.0730424
0.151513
-0.173571
-0.0920988
-0.0662531
0.0796802
-0.023557
0.0281346
0.219163
0.188439
0.0146352
-0.113494
-0.0213471
-0.260101
0.034804
-0.0290371
-0.0289946
0
0
0
0.149649
-0.028207
-0.116615
0.0552885
-0.189036
-0.0210041
-0.0116163
-0.051662
0.0240515
-0.0897579
-0.0272162
-0.193819
0.325286
0.00433109
0.0331643
0
0.229624
-0.0544764
-0.0178656
-0.00786592
0.18859
-0.00105872
0.0675949
0.0295877
0.036693
0.00509927
-0.037599
0.00308216
0.109171
0.059325
0.0169547
0.0158388
0.0560799
0.0968987
0.066406
-0.0355791
-0.0848692
0.00627816
0
0.0160064
0.0200912
-0.0819289
-0.00462475
0
0.26558
-0.0554957
-0.0156601
0.00347561
-0.0294336
0.0585458
0.114332
0.087518
-0.0148022
-0.0298438
-0.0542
0.084966
-0.0548444
0
0.0128567
0.0201784
0.1008
0.105793
-0.00175408
0.0805956
-0.0154488
-0.0200347
0.113875
-0.293608
0.0494896
-0.0447876
-0.0371028
0.0221863
-0.0969814
0.115795
5.73058e-05
-0.0752958
-0.0365576
0
0.0781583
-0.0494563
-0.258843
0.106584
0.077438
-0.307171
0.142876
0.0434048
-0.11724
-0.00363755
0.213025
-0.0400744
0.0638091
0.0149002
0.0145296
0.000638816
-0.0632078
0.138649
0.0214751
-0.161936
-0.136238
0.0968231
-0.0939793
0.0322907
-0.123873
-0.0126816
-0.10506
0.0662575
0
0.00858913
0.107964
-0.111747
-0.0807465
-0.00854087
0.0135651
0.0719378
0.200577
0.0741033
-0.123931
-0.0768796
-0.0336346
-0.255164
0.0370715
0.0595164
0.00771846
0.214685
0.0920378
0.0765923
0.0067799
0.117852
0.0631444
0.00304066
-0.068033
0.141758
-0.0674169
0.0712312
0.0987211
-0.0661595
-0.0825474
-0.0267502
0.0103763
-0.0170894
0.0175478
-0.0227148
0.0596593
0.0267367
0.040737
-0.212255
-0.00701037
0
0.125841
-0.0802751
0.11735
-0.165757
-0.00719132
0.0667843
-0.157349
-0.0540642
0.156631
-0.0480364
-0.0485023
-0.0197366
-0.0164868
0.034468
0.0895404
0.0243289
-0.0341932
-0.489757
-0.166727
-0.164007
0.144957
0.102699
0.0621436
-0.0500401
0.145382
-0.0544914
-0.124164
0
-0.00795042
0.180613
-0.00751128
0.0671585
0.214259
-0.0106105
0.0281521
0.0252576
0.0451867
0.072271
0.0688737
0.071376
0.00788662
0.0812462
-0.070398
0.00747271
-0.00336488
0.0286508
0.0370161
0.0937978
0.060503
-0.0332565
0.0061566
-0.0131013
0.10267
0.0316689
-0.0249059
0.0292719
0.0384377
-0.112029
0.109002
-0.0922614
-0.0242573
-0.102123
0.0856768
0.084617
-0.0325841
-0.172097
-0.0479441
-0.0357536
-0.141476
0
0.154394
0.0672216
0.0213865
0.112887
0.0758467
0.13079
0.076252
0.0222437
-0.0257661
0.166838
-0.0341191
0.0390751
0.207269
-0.0830559
-0.0393313
0.0300133
0.00589713
-0.0103749
0.00900628
-0.0926613
0.0799659
-0.00717133
-0.0231838
0.0250298
-0.0303184
-0.0465541
-0.0880785
0.190392
0.0600527
0.0275714
0.0325906
0.0294276
0.144729
0.082763
0.00238067
0.105796
-0.0751008
0.0736975
-0.0335367
-0.0363242
0.0275198
-0.0188424
-0.107381
-0.0961876
0.0348327
-0.0455947
0.0738647
-0.115529
-0.0490622
0.0604892
-0.0215724
-0.0870193
0.119593
0.0385373
0.113204
-0.0941444
-0.0397003
-0.0169669
0.0670292
0.030766
-0.0305609
0.0596528
0
0.0706918
-0.0848699
-0.129601
-0.0623401
-0.0494946
0.108008
0.0509198
-0.0513853
-0.0456734
-0.113291
-0.0353783
0.173321
-0.119408
0.0981342
0.105151
0.0659855
0.0900756
-0.0099234
0
0
0.201189
0.00392125
-0.00213416
0
-0.184252
0.0121775
0.00509904
0.0743217
0.0032559
-0.0718254
0.124274
0.0248793
0.0379955
0.0789013
0.00348686
0.0237373
0
-0.0185829
-0.000490781
-0.024865
-0.220675
-0.0670722
0.0632487
-0.0548464
-0.0169638
-0.0739122
-0.149328
-0.00590983
0.0392297
0.230989
0.10089
-0.00509791
0.165989
0.013316
0.0383746
0.0609586
0
0.071215
0.0167369
-0.0239805
0.0712422
0.050142
0.00415127
-0.0690775
-0.0156241
0.108716
-0.285933
0.192648
0.0146407
0.0726932
-0.14703
-0.0155244
0.0112225
-0.0625614
-0.103082
-0.0656875
0.131288
0.051434
-0.05202
-0.054305
-0.00275002
-0.0997558
0.116146
0.0804343
-0.0244964
0.0928943
0.0462217
0.0600718
-0.0180363
-0.0204198
0.0511625
-0.097236
0.0487602
0.0388759
-0.043674
-0.115415
0.00300965
-0.120607
0.135545
0.0590953
0
0
0.119534
-0.068212
0.0476732
-0.0930707
0.024766
0.0798898
-0.0197456
-0.012564
-0.0413863
-0.00403282
0.0047048
0.0144846
0.0427078
-0.10516
0.104874
-0.02016
-0.00157821
-0.0788442
0.0216215
-0.00428207
-0.0549634
0.0408532
0.0021202
0.0200233
0
0.0677618
-0.0225203
0.0163096
-0.0128637
-0.0120179
-0.0187499
-0.00806703
0.04271
0.0736298
0.0111046
0.0140292
-0.0564733
0.000952571
-0.0186392
-0.013847
0.0200003
0.02253
0.108554
-0.0659193
-0.0187785
-0.0230947
-0.0962778
-0.0626898
0.023609
0.0323536
0.0915328
-0.00481174
0.0611887
0
-0.156229
-0.128743
0.0391516
-0.147086
0.00536786
0.113866
-0.0830931
0.114537
-0.127601
0.0170882
-0.0506128
0.117067
0.00506739
0.0638527
-0.0981564
-0.00669879
0.0123673
-0.114874
-0.136427
-0.101809
-0.028533
-0.00695553
-0.0907625
-0.0969226
0.0113786
0.111597
-0.0670865
0.0764877
0.0180623
-0.0507492
0.102257
0.0167222
-0.0247384
0.0895884
-0.0910096
0.109303
0.0816115
0.00532756
-0.103422
0.0135703
0
-0.0229294
0.102123
-0.0264948
-0.0431103
-0.0312596
-0.0670696
-0.0004054
-0.0115101
-0.00492245
-0.00411235
-0.00853472
0.0535768
0.0642972
-0.0621237
-0.0902682
-0.091811
0.0522594
-0.156252
-0.0309404
-0.0672628
0.0277451
-0.0936657
-0.20068
-0.0399955
0.0637548
-0.0903266
-0.0505181
-0.0258475
-0.250709
0.0887013
-0.00528437
-0.265901
-0.039848
0.263931
-0.043676
0.15657
0.0129743
0.0656616
-0.0470302
-0.0556665
0.164608
0.0224184
-0.058819
0.126314
-0.114293
-0.0537689
0.111703
-0.0185308
-0.0755096
0.0742584
0.0209219
-0.0685259
0.0186214
-0.00529347
0.0546008
0.113362
-0.0118697
-0.040495
0.152453
0.0176278
0.0551248
0.0423797
0
-0.00493944
-0.0425591
0.00907479
-0.0101833
-0.0833325
0.0787387
-0.0830514
-0.126694
-0.0439447
-0.0241354
-0.233379
-0.297937
0.252365
-0.0576235
0.193556
0.00930496
0.0303324
0.0167751
0.00306691
0
0
0.018819
-0.13492
-0.0186864
0
-0.0889182
-0.364668
-0.0678889
-0.0412493
0.288429
-0.161593
0.0435015
0.10976
-0.182814
0.0915077
0.0466748
0
0.17227
0.0873819
0.0205976
0.00273199
0.0630738
0.00376627
-0.0979955
0.00357832
-0.10582
0.0756437
0.19264
-0.00775806
-0.00324807
-0.0579817
-0.0423453
0.0136722
-0.0462607
0.127132
0.135868
0
0.0195466
0.0484302
0.0468536
0.0203425
0.0273621
0.057319
-0.000265841
-0.0286458
0.0415044
-0.0665435
-0.0963072
-0.0175024
0.0173944
-0.1695
-0.038556
-0.242638
0.00355642
0.0272239
-0.058428
0.178942
-0.0426908
0.066576
0.00643369
0.276742
0.0665454
0.00208916
-0.0230048
-0.11311
0.00483125
0.0656684
-0.168221
0.0632379
0.0843122
0
0
0.14205
-0.105379
-0.00964006
0.0492873
-0.0206635
0.0589258
-0.00641142
-0.0141196
-0.100751
0.0966825
-0.00642722
-0.0188234
0.0159834
0.108577
0.123446
-0.0125227
-0.0575752
-0.0153567
0.00950179
0.000369332
-0.129091
0.120698
-0.120004
0.206545
-0.043072
-0.0561507
0.0524698
0.0793661
-0.0316186
-0.0169217
-0.0688192
0.0515012
0.0472128
-0.061194
0
-0.221451
0.110275
-0.0133586
-0.135764
-0.0402998
0.145608
0.112771
-0.054819
-0.224124
-0.0157092
-0.00299244
0.225496
-0.0359231
-0.0592291
-0.171021
0.0194322
-0.0500764
0.163242
-0.0417659
0.333742
-0.0851432
-0.0400607
-0.0442689
-0.0483719
-0.295526
-0.143021
0.124371
-0.0233335
0
-0.242616
-0.307197
0.1436
0.195478
0.332442
0.0518731
0.0374147
-0.00986953
0.0946057
-0.0628628
0.0436039
-0.037062
-0.113821
0.0424402
-0.108146
-0.0982636
0.035391
0.0902933
-0.0328698
0.14121
0.005427
-0.0307557
0.0687165
-0.0225642
-0.0708361
0.127932
-0.117027
-0.148181
0.00575069
-0.0334445
-0.00255169
-0.0235506
-0.166313
-0.06313
-0.234831
-0.348766
0.245537
-0.171498
0.20194
0.0498103
-0.0457037
-0.236809
-0.0209224
0.116796
-0.268585
0
0.23641
0.122717
-0.109298
-0.0437209
-0.0496261
0.0457944
0.126032
0.00153731
-0.187812
-0.0675801
-0.370636
0.0122662
-0.11145
0.186917
-0.226727
-0.00657594
0.198302
-0.00964677
0.12184
0.277988
0.133505
0.0409137
0.0579996
0.13011
0.0174642
-0.0968718
-0.0204494
0.0809078
0.0743119
-0.082053
-0.0124099
0.0195111
0.053677
0.0675415
-0.0208309
-0.129348
0.116263
-0.116671
0.0706528
0.0123927
-0.0162178
-0.0114262
-0.0402403
-0.0488896
-0.0992709
-0.0502155
0.0481454
-0.163459
-0.116233
-0.0130256
0.195596
-0.0240392
0.126778
-0.0469304
-0.0991446
-0.0675324
0.0760469
0
0.0494442
-0.00214727
-0.0206014
-0.0318514
-0.0717971
-0.03582
-0.00193988
-0.189362
0.0596307
-0.0624114
-0.17186
-0.174161
0.199217
0.0471773
0.0251867
-0.0928936
-0.0492036
0.0488894
0.219305
0.0770502
0
-0.0550628
0.0722537
-0.0542944
-0.0901827
0
-0.340599
-0.011643
-0.115951
-0.155912
-0.103735
-0.0818134
0.0484615
0.0873704
-0.114614
-0.200515
0
0.0708316
-0.362726
0.173382
0.306449
-0.089507
0.167464
0.0484413
-0.12091
0.0572456
0.0188765
-0.260819
-0.0383102
0.160989
-0.0451438
-0.321286
-0.0669911
0.0691559
-0.261032
0.27924
0
0.171237
0.252082
-0.0654865
-0.0935072
0.151375
-0.157825
-0.252022
0.204908
0.0684871
0.0094168
0.141867
0.091973
0.0446834
0.153898
-0.0258433
-0.0503848
-0.00607897
-0.0688253
0.307679
0.0100819
-0.110561
-0.0365015
0.206391
-0.00646892
-0.0776995
-0.0329815
-0.082771
-0.167363
0
0
0.0342743
0.31359
-0.105624
-0.198925
0.0742489
-0.222826
0.0982871
-0.0660356
0.180884
0.0740312
0.00290597
0.220756
0.0218288
0.020272
0.0417364
0.194322
0.063252
-0.0536129
-0.0748394
-0.0790174
0.0554955
0.0435957
0.0404571
-0.144473
0.0316851
-0.202156
-0.170202
-0.0784922
-0.00195071
-0.0189417
0.0965458
-0.0250033
-0.0755176
-0.0217936
0.0144909
-0.00521951
0.0269165
-0.201238
0.132729
-0.053289
0.175091
0.171314
0.0543912
-0.0171042
0
-0.0957518
-0.0793703
-0.0316017
0.0539663
0.0911943
0.113104
-0.017614
-0.195637
-0.271119
-0.172157
-0.282821
0.151423
-0.126303
0.23457
0.407272
0.0317109
0.0618375
0.213155
-0.92728
-0.442712
0.261555
0.359632
0.138798
0.0918484
0
-0.199801
-0.191474
0.0858257
0.124812
0.159961
0.141103
0.000327053
0.0981542
-0.0269809
-0.0311574
-0.115521
0.100982
-0.00450278
0.00502472
-0.0223369
0.0377216
0.0291399
-0.0267301
0.151689
-0.0928603
-0.122985
-0.0227036
0.0556174
0.0193835
0.0281272
0.133048
-0.00417117
0.0996946
-0.0411369
0.02791
-0.0299522
-0.0739249
0.118565
-0.103082
-0.0195995
0.0948123
-0.0156228
-0.039132
0.0522695
-0.124734
0.0500164
-0.0498228
0.0143801
0.195389
0
0.0193179
0.0373305
0.00515111
-0.150534
-0.0997622
-0.116586
-0.0274655
0.0395108
-0.184342
0.141564
-0.0379748
0.0616686
0.264043
-0.0842961
-0.127532
-0.0887256
0.0647002
0.0878981
-0.00805856
-0.0165888
0.0416458
0.0451242
-0.0278336
-0.0291349
0.0643948
-0.159723
-0.121423
-0.11399
0.126423
-0.0845018
0.116138
0.0320589
0.00914083
-0.0461157
0.0472904
-0.0543737
0.0227408
-0.00347003
-0.0448914
-0.0382904
-0.0309502
-0.0701902
-0.0357493
-0.0521486
0.11574
0.0463872
0.0807126
0.00512144
-0.0988193
-0.0486457
-0.00559746
-0.10749
0.0420883
-0.16547
0.054489
-0.0124906
-0.0767102
0
0.0968639
-0.125036
0.0560605
0.0673486
0.0170034
-0.0218862
0.132345
0.180509
0.179375
-0.00510275
0.00645874
0.0386651
0.159514
-0.0733796
-0.117829
0.0423011
-0.00706991
-0.00553087
0.0257632
-0.00776694
-0.00777298
0
-0.00321374
-0.0245227
0.0414154
0.092753
0
-0.0347773
0.100561
0.126728
-0.0192915
-0.0945589
0.0623235
-0.0867676
0.112752
0.0888983
0
-0.0548144
0.0223474
-0.099106
0.0664084
-0.0217954
0.0798301
0.150261
-0.0639896
-0.0314705
-0.13807
0.0274801
0.0614315
-0.0348975
0.0149178
-0.137964
-0.0617789
0.0245551
0.0680963
-0.0257099
0.0618684
-0.0361585
0.0564052
0.0444114
-0.0285676
0
-0.00679604
0.00081078
0.0122161
-0.133248
0.0341551
0.0418727
0.124824
-0.0276319
0.0569767
-0.0240873
-0.0256333
-0.0293048
0.0465866
0.103865
0.0274631
-0.0648334
0.0115512
0.185259
0.0288927
-0.0167837
-0.00264947
-0.0539244
0.0723959
-0.0144373
0.0337147
0.0669711
-0.0653513
0.0170816
-0.0152222
-0.116246
0.0454647
-0.0121481
0.0231954
-0.0321497
-0.0385707
0.00704602
-0.0307108
-0.0648932
0
0
-0.0645767
0.0408855
0.102279
-0.0671307
0.459841
0.0723131
-0.0316928
-0.0704317
0.00938053
0.0125913
0.0535841
0.0180302
0.0935819
0.113056
-0.0847148
-0.00333006
-0.0195434
-0.0409925
0.0960758
0.0735436
0.103073
-0.0795846
-0.0966312
0.132777
0.0496212
0.0394757
-0.0439152
0.0152772
-0.046071
0
-0.0586402
0.0514771
0.0112219
0.0884865
-0.0382275
-0.0407387
-0.00146406
0.00743072
0.0255151
-0.0630629
0.040136
-0.0177933
-0.145728
0.0866028
0.0753429
-0.111863
0.00864501
0.032579
0.00713731
0.0450851
0.0315739
0.0813165
-0.0574631
-0.0863661
0.133624
0
-0.0832
0.0173133
-0.0101707
0.0383251
-0.0155256
0.149928
-0.00337129
0.0344331
0.00363504
-0.0667979
0.0130742
0.0679757
-0.107639
-0.0234836
0.0912868
-0.0148066
0.0641505
-0.0183103
0.0473292
0.0861202
-0.0038022
0.0422859
0.003678
0.0348737
-0.0173677
-0.0612427
-0.128408
-0.0720566
0.105013
-0.0498055
0.0524373
-0.0423572
-0.0413764
-0.0079639
0.0399766
-0.00418894
0.00738459
0.0682417
0.0194592
-0.0485545
-0.0289601
0.049845
0.063809
0
-0.0353203
0.027101
0.0680548
0.0143225
0.107384
0.0349366
-0.00447361
-0.0387484
0.0409322
0.0289833
0.0210598
0.012657
-0.0307966
0.0404242
-0.0616287
-0.0796383
0.0376816
0.0308849
0.0758725
-0.0162932
0.0325599
-0.0206019
0.000951792
-0.0130157
0.0304491
0.0326718
0.0431002
-0.00969579
0.0143569
-0.0162972
-0.0541123
0.04157
0.0064043
-0.0322732
-0.0395106
-0.0116879
-0.0401389
0.0159264
-0.0411418
0.0622317
0.0377763
0.028436
0.0247891
-0.0305751
-0.0156916
-0.0544793
0.0176286
-0.0621825
-0.00729408
-0.0494951
-0.00690713
-0.00750151
0.0245198
-0.0302033
0.0400905
0.00918372
0.040638
0
0.136255
-0.0609558
0.0320757
0.000420672
-0.00410231
-0.0923779
0.0734751
-0.043258
-0.0234236
-0.00355542
0.0491859
0.036955
0.0181375
-0.027561
-0.0291689
-0.0568942
0.138857
-0.0500551
-0.0209261
0.0615461
-0.0492065
0
0
0.0391851
0.0170462
0.048149
0
0.0076115
0.0290373
0.130763
0.0412015
-0.0106296
-0.00844018
0.0308105
0.034733
0.118615
0
0.0405121
-0.0206868
0.0251391
0.029615
0.0746708
0.045975
0.0195899
0.0594204
-0.0312841
-0.0790611
-0.0530734
-0.0250237
-0.0966007
-0.142234
-0.170198
-0.316456
0.147586
-0.178967
-0.16763
0.135665
-0.0164529
0.126021
0.0961383
0.0900436
0
-0.0923143
-0.0209363
-0.0198135
0.0210836
0.0395574
-0.0705094
-0.139729
-0.130795
-0.121316
0.126768
0.0501848
0.0165822
0.0447861
0.0122824
0.0376152
-0.0344932
-0.0641981
-0.000379177
0.0363895
-0.101114
-0.00485354
-0.0222254
-0.144268
-0.02549
-0.00116777
0.087096
0.0374176
0.016573
0
0
-0.0754035
-0.0139873
0.194444
-0.0357119
0.0539263
0.102808
-0.0367879
0.0153761
0.0144406
-0.0143869
0.0458798
0.0582249
0.00696214
-0.0491574
-0.00229601
0.00725999
-0.123764
0.0402773
0.00414254
0.028628
-0.0880247
0.0237794
-0.0966034
0.0643253
0.0287148
-0.0663144
0.083687
-0.000862524
0.0436258
0.0296385
-0.0941493
-0.0522141
0.0569129
-0.0435627
0.00607227
0.0715587
-0.204964
-0.058173
-0.0889023
0
-0.26777
0.0663666
-0.0442335
0.108298
0.0512387
-0.098936
0.0842508
0.0111425
-0.0756523
0.130228
-0.0146665
-0.0228823
0.0187359
-0.154749
-0.0786263
-0.0780352
0.0376827
-0.0597348
0.163049
-0.191598
-0.0119777
0.0159864
-0.0555096
0.147154
-0.120672
0.159791
0
0.112139
0.0701646
0.0609508
-0.00957262
-0.156697
0.0291429
-0.00936417
-0.0132383
-0.00267251
0.0210764
-0.0253425
0.0635755
0.0080245
0.108879
-0.0632278
0.0744527
0.0463849
0.0256891
0.0251811
-0.104011
-0.18933
0.0517756
-0.0369877
0.0976749
-0.0413967
-0.0640675
-0.268982
-0.041806
-0.0250266
-0.177681
0.108207
0.00923585
0.0641192
0.0954436
0.0556969
-0.036903
0.0442557
0.0831081
-0.0125774
0.00356234
-0.090021
-0.119425
0
-0.1179
-0.0274018
-0.0519181
-0.0613352
0.0703656
-0.018069
0.0907325
0.0383223
0.00845021
0.0691058
0.0141858
0.0121182
0.165426
0.0874899
-0.0452823
0.0484193
-0.0212368
-0.0298189
-0.187578
-0.0444864
-0.0606674
0.0622512
-0.0875447
-0.102596
-0.132998
0.0202745
-0.0411365
-0.207206
-0.0382526
0.0631375
0.0823825
-0.0594098
-0.105354
0.0350344
-0.0777015
-0.11947
-0.0765732
0.0124417
-0.0782244
0.114694
-0.0323262
0.125473
0.0931603
-0.00817236
0.0555773
-0.0501491
0.167442
-0.0400741
-0.102013
-0.203773
0.104982
-0.0239061
-0.0359035
0.0593698
0.0131874
-0.143798
0.0893036
0
-0.117483
0.170974
-0.0658023
0.00524227
0.0925176
-0.0498607
0.0838989
-0.0566485
0
-0.456196
0.0825492
-0.1907
0.0963958
0.201839
-0.00689258
-0.105265
-0.0741209
-0.085851
0.094966
-0.144784
-0.00166267
-0.0481376
0
0
-0.192108
0.229864
-0.00346283
0
-0.0544975
-0.00140644
0.288557
-0.00390513
0.0382695
0.0587107
0.0663126
-0.0307242
-0.0570801
0.000193824
0.00264855
-0.0188782
0.172896
0
-0.102929
0.00783679
-0.012979
0.0993537
-0.0720659
0.0661439
0.0301466
0.0527599
0.0275674
-0.044638
0.152098
0.00535836
-0.160684
-0.0680238
0.0362607
0.058692
0.053139
-0.0547174
0.175243
0
0.0489549
0.083859
-0.0295532
-0.0014124
0.0211038
0.0401214
-0.00195341
0.0142146
0.030253
-0.0570518
0.00366694
0.0236805
-0.122916
-0.0875842
0.086103
0.0233657
0.0862074
0.0610469
0.0879003
0.060147
0.0709542
-0.0774133
0.0132725
-0.205839
0.00914417
0.0368575
0.00861698
-0.0320782
0.0771053
0.103624
0.0140342
0.112455
-0.0162411
-0.00248278
0.0302833
-0.021419
0.00112224
0.0238327
0.074201
0.00508699
0.00882301
0.0208871
-0.0176753
0
0
-0.0222698
-0.0327054
-0.0649653
0.0364514
0.0270461
0.0507196
0.0117354
-0.106885
0.0246224
-0.10361
-0.1667
0.0426435
-0.133968
0.0157864
-0.106168
0.0494892
0.0222088
0.105292
-0.0533587
-0.0645921
0.0566854
-0.0434158
-0.123777
0.122982
0
-0.040049
-0.16419
0.0191933
-0.0753013
0.105326
0.112947
0.0252535
0.0185928
0.126959
0.016638
0.0729759
-0.0290425
-0.0331576
-0.0957628
-0.0234149
0.142015
0.0274562
0.0819193
-0.0150338
0.0325941
-0.0235592
-0.0115923
-0.0127968
0.080023
0.014229
0.0125001
0.0729193
0
-0.108574
-0.0199488
-0.0491833
0.0095229
-0.0321165
-0.035274
0.0181309
0.0114719
-0.0567106
-0.0345309
0.00548237
0.00848873
0.0586818
-0.0303779
-0.0560242
0.0178463
0.0237055
-0.132056
0.0174005
-0.0499709
-0.20959
-0.143769
-0.0780236
-0.00274316
0.113687
-0.110688
-0.000637861
0.0514084
-0.198625
-0.0580404
0.123852
0.0846578
-0.0845292
0.0991213
-0.0259491
-0.0682216
0.0230488
0.03572
-0.0124683
0.102354
0.0115824
0
-0.0216567
0.129117
0.0694711
0.0257573
0.0106559
0.0366512
0.0271698
0.0561384
0.0789786
-0.127368
0.0270139
0.00839628
0.0668568
0.00693481
-0.105391
-0.0450247
-0.0782111
0.0396778
0.0716287
0.0207749
-0.128038
-0.278289
0.0178891
0.0494753
0.0980964
-0.144381
0.0727359
0.124652
0.244799
-0.0592736
0.105444
0.0278549
0.0367177
0.0047085
0.100999
0.0260148
0.0300475
0.0603569
-0.0101623
0.00283703
0.00100459
-0.0391946
-0.0528177
0.0985101
0.119221
-0.0236606
0.0341002
0.0562095
-0.0579001
0.00437164
0.0256666
-0.0599916
-0.0680634
0.0638522
-0.00157964
-0.00509166
-0.0669001
0.00206243
0.0216593
0.0826732
-0.0288462
0.0300123
0
-0.0435298
-0.102529
-0.0665393
0.125996
-0.0379451
0.0848823
-0.00392254
-0.00814273
0.0239406
0.0796033
0.0815638
0.15153
-0.0587635
-0.0406083
0.0175543
0.0523652
-0.025835
0.00182315
0
0
0.0791568
-0.0508835
0.00914183
0
0.087249
-0.0513305
-0.011883
-0.0360181
0.00880379
0.0115184
-0.00158796
-0.0180524
0.00681605
0.0112363
-0.00510586
0.0471583
0
-0.0559578
-0.0650726
-0.0928113
0.0362276
-0.242365
0.0692052
0.0363765
-0.0947497
-0.0713894
-0.010969
0.169004
0.10566
0.024615
-0.0365119
-0.0479037
0.0611279
0.0687837
-0.085707
-0.0408375
0
-0.0169051
0.0206192
-0.0625111
-0.051395
-0.375214
-0.1956
-0.00192636
-0.279745
-0.389807
0.126187
0.102686
0.112694
-0.122571
-0.274369
-0.808816
-0.121946
-0.0501413
-1.45417
0.163933
-0.45251
0.233015
-0.607564
0.214736
0.197643
-0.332182
0.936577
0.346418
0.378993
-0.370889
0.0830392
0.0789178
-0.314639
0.0507523
-0.166569
0.395231
0.192216
-0.0747384
0.207238
0
0
0.0210047
-0.420809
-0.014864
0.29393
0.0794341
-0.430655
0.178872
0.112086
-0.163023
0.246922
0.231165
0.183528
-0.216463
-0.0532692
-0.332508
0.121255
-0.123755
0.0525148
0.193177
-0.0768234
0.0944918
-0.255863
-0.212461
0.0694491
0.483357
0.00520466
0.138842
-0.139068
-0.0542929
0
0.318705
0.135536
0.191466
-0.124669
0.134047
0.22137
0.333144
0.0172514
0.311199
-0.00695883
-0.100104
-0.0456431
-0.469791
-0.0872112
-0.0552203
0.286887
0.0495921
-0.0926485
0.0242847
-0.0221617
0.216758
-0.354657
0.0422611
-0.0849804
0.111079
-0.0276197
0.021343
0.203595
0
0.14784
-0.105674
-0.0571853
-0.133391
0.111905
0.144164
-0.0167347
0.182296
-0.0284595
-0.000989632
0.0429916
0.0974756
-0.0156914
-0.0095832
-0.131106
0.0913717
-0.012974
0.0157239
-0.24178
-0.149599
0.149197
0.0380899
0.130502
-0.130369
-0.0457382
0.0572235
0.206473
0.154133
-0.0824795
-0.122709
0.0440584
-0.00582398
0.0879788
-0.186253
-0.0931759
0.223342
-0.0314339
0.0675165
-0.0917638
0.05666
-0.0623699
-0.0334061
0.0488876
-0.0753365
-0.100962
0
0.0374235
0.207205
-0.0275763
-0.0243145
0.0542994
0.0184676
0.00493625
-0.0811722
-0.0711499
-0.488212
-0.0056092
0.0066476
-0.110744
-0.0612215
0.301949
-0.0313437
-0.0284173
-0.0378778
0.0340965
0.179032
0.086353
-0.0469174
0.0830792
0.0874888
0.0398035
-0.138107
-0.0260837
-0.29433
0.177256
0.0307821
0.0186935
-0.104374
-0.0218937
0.102912
-0.215039
-0.11249
-0.400646
-0.0813007
0.032921
0.226819
0.343739
0.114004
0.147727
0.00510626
0.620922
0.256818
0.00916317
-0.0908951
0.0233583
0.194765
0.00891782
0.0401227
-0.142211
0.0539474
0.0206343
0.266929
-0.0346944
0
0.0390153
-0.156622
0.183158
0.108598
0.0565307
0.125593
-0.0657441
0.000980995
0.00899758
0.00282449
-0.13257
0.0321288
0.0706573
0.0795138
0.0437187
-0.0732394
-0.332992
0.061122
0.164077
0.00372037
0
0.0500321
0.0793164
0.0149632
-0.108284
0
0.0801739
0.0406482
0.288123
0.0684748
0.0271821
-0.145926
0.0374747
-0.0158762
0.0753128
-0.150804
0
0.00746816
0.0443569
0.0172527
-0.032856
-0.154487
0.118322
-0.186307
0.0368444
-0.204956
0.031262
0.108654
0.0569408
0.0120903
0.0528657
0.0596912
0.0359477
0.0353713
0.0134765
0.0950484
0
0.201001
-0.112661
-0.0659465
0.124209
-0.00310968
0.00147313
0.0378993
0.0475516
-0.284364
0.0995105
0.0582922
0.0812381
-0.0399637
-0.127432
0.186504
0.0209666
0.0506366
0.0320952
-0.0254742
-0.0745369
0.0398762
0.029332
0.122274
-0.139572
-0.00501706
-0.112381
-0.00447576
-0.0756809
0.120566
-0.0175705
0.0803108
-0.0461229
0.0229798
0
0
0.152361
0.0359243
0.0291765
-0.0164345
-0.0206609
-0.0226751
0.10211
0.047045
0.135317
0.0348999
-0.231566
0.0627671
0.0297188
0.00899779
0.0790617
0.025129
0.067406
0.00467627
-0.0920248
0.0810758
-0.135146
0.193761
0.0536968
0.12157
0.0575631
-0.201332
0.0381042
-0.0451916
0.184312
0.00865924
0.0255336
-0.197512
0.11498
0.0373665
0.0400239
-0.0143401
-0.028692
0.0302919
0.0268105
0
0.0844536
0.0326761
-0.0443508
0.0201749
0.0445567
-0.0157988
0.0127985
0.0147472
0.00972123
0.0371774
0.0492585
-0.0189431
-0.133814
-0.281198
0.11558
0.0228763
-0.0172025
0.0270693
0.0322371
-0.123058
0.0131763
-0.119472
0.0807012
-0.0340927
0
-0.0876917
0.0150101
-0.131084
0.176387
0.0468742
-0.0391314
-0.00896587
-0.0924181
-0.0823309
-0.293243
0.038539
0.202548
0.0173459
0.111583
0.0798149
-0.0288382
0.0160145
0.144046
-0.0971734
0.0422971
0.045045
0.0485081
0.0536178
-0.032056
0.000150268
0.0101128
0.079246
-0.0198771
0.0645554
-0.0672418
-0.0599856
-0.0108177
-0.234277
0.0198834
0.118781
0.00996134
0.0118194
-0.0316507
0.0643086
0.00749424
-0.0389911
0.0803346
0.0343894
-0.0534343
0
0.00616852
-0.135273
-0.0381863
0.00729211
0.0734397
-0.00637791
-0.0449122
-0.0192954
-0.122079
-0.187826
0.0996376
0.153438
0.101016
-0.0710794
0.0854273
-0.172415
0.0408426
-0.0255972
-0.0681148
0.0248932
0.0989066
-0.145119
0.194896
0.0264972
0.0563713
-0.0531212
0.0323924
0.138169
0.0913766
-0.0623179
0.0557373
0.0316264
-0.0756743
0.0276518
0.0123862
0.0623418
-0.0412709
0.0935391
-0.0688645
0.0881322
-0.00317613
0.0154802
-0.0409257
0.0467794
0.0186117
-0.0232945
-0.00883489
-0.0182803
-0.0472237
0.0437006
-0.0213605
-0.0223401
-0.0310151
-0.106924
-0.00119615
-0.0348009
-0.0434084
0
-0.354638
0.0235498
-0.0876693
0.277104
-0.0545128
-0.0622319
0.151331
0.151076
0.00515006
-0.0480033
0.0198706
-0.0628579
-0.0527527
-0.0277777
0.241359
-0.0927089
-0.164886
0.149091
0.118575
0.0861129
0
0.0426821
0.0246919
0.0131279
-0.00419514
0.0218345
-0.0241279
0.197826
0.0485892
-0.088909
0.061923
-0.0738439
0.092351
0.15721
0.0832486
-0.0521478
0
-0.0581582
0.0220367
-0.00793515
-0.143491
-0.361208
0.117139
0.173295
-0.00614454
-0.111544
0.0321904
0.198449
0.0655511
-0.0169378
-0.0508912
0.119034
0.0226737
0.133357
0.045194
-0.0605817
-0.284673
0.156919
0.0307729
-0.0658232
-0.0837816
0
-0.136585
-0.0453668
-0.605094
0.458737
-0.176559
-0.321124
0.118269
-0.208613
-0.51375
-0.149143
0.0485625
0.532072
-0.228974
0.00851718
0.116051
-0.00794214
0.280111
0.155516
-0.00076069
0.0528568
0.0618584
-0.0701351
-0.00186827
0.00691589
-0.0337666
0.251698
0.036127
-0.135469
0.00299167
0.0347375
-0.0731486
-0.116329
-0.0429259
0.141523
0.00365914
-0.0692994
-0.00777456
-0.00525377
0
0
-0.0439568
0.127838
0.0366121
-0.248801
-0.269809
-0.109655
-0.0522353
0.0595159
0.117822
-0.166549
0.100283
-0.0825221
-0.0648487
-0.0991788
-0.293198
0.0984147
0.181774
-0.245386
0.196123
0.0205829
0.251546
-0.131027
-0.0991104
0.0624434
0.25941
-0.0216257
0.0369091
0.1191
0.0748111
0
0.0225195
-0.125426
0.0727495
-0.0134323
0.082683
-0.00343578
-0.0249576
-0.200309
-0.378582
-0.311422
-0.0763927
0.120473
-0.152694
-0.112622
0
0.269679
-0.0487247
-0.172288
0.283796
0.084242
-0.0335122
-0.0661383
-0.194267
-0.101147
0
-0.296431
0.0501957
0.162632
0.0624808
-0.150463
-0.0100379
-0.0568571
-0.300971
0.287985
0.209234
0.180094
-0.0781214
-0.0228818
0.0500891
0.052554
-0.0735506
0.009508
0.070543
0.13097
0.04685
-0.07718
-0.0454716
0.0596147
-0.0608511
0.113947
-0.0022229
0.15059
-0.0332874
-0.0420553
-0.0468318
0.0283906
-0.0795641
0.0170313
-0.139212
-0.128375
0.0105043
-0.0106757
0.0179765
-0.0897473
-0.0790719
-0.0697118
-0.0759658
-0.250167
0.280893
0
-0.141423
-0.0735063
0.057728
0.224199
0.287
-0.221664
-0.0869763
-0.0382034
-0.111285
-0.0158976
-0.0801685
-0.0576765
-0.182528
-0.368877
-0.0754624
-0.0306794
0.0406076
0.00966249
0.117061
0.084539
0.455271
-0.196693
-0.0747997
-0.119112
-0.117774
-0.0464246
-0.0377403
0.0972637
0.0590461
0.224503
0.0423652
-0.0581607
0.0598662
-0.0560681
0.170281
0.166423
0.127572
-0.0271666
-0.0270643
-0.0109993
0.0866654
-0.0408073
-0.172303
0.358204
0.10838
0.102152
-0.101924
0.381424
0.141788
0.0487893
0.0701802
-0.0370362
-0.0799901
0.139246
-0.128296
0.13867
0.116087
0
0.0640717
-0.0355214
0.0100571
0.00539108
0.226091
-0.0325887
0.0388278
-0.0770857
-0.0553829
0.031139
0.0747606
-0.0843713
0.237135
-0.024464
-0.281923
-0.113232
0.00768352
0.0454539
0.145876
-0.118942
0.0159166
0
0.0490515
-0.0458712
0.107636
-0.118536
0
0.145419
0.222366
-0.0896328
0.203018
0.182144
-0.0725387
0.0576817
0.125055
0.0711339
0.0515175
0.0387142
-0.188257
0.073248
0.076199
-0.0191507
0.0153331
-0.0159545
0.00325029
0.00587652
-0.0263519
0.0404319
0.0358978
0.00565381
-0.184123
0.0342429
0.0568761
0.138214
-0.136632
0.133417
0.00695047
-0.00212718
0.0144559
-0.0331473
0
0.0179822
-0.0976336
-0.0387468
-0.207805
0.162024
-0.00125193
0.00211856
-0.00524908
0.0846595
0.0706781
-0.167387
-0.0183432
-0.00454273
-0.0384541
-0.259397
0.152316
-0.519936
0.184029
-0.0903882
0.174938
0.198936
0.0570301
0.0320592
-0.252631
0.110795
0.0900987
0.121568
0.164696
0.0129276
0.0539152
0.0425839
-0.0614259
0.0687415
0
0
0.0391301
0.0599747
0.0987799
0.0511206
-0.0892153
0.0706521
-0.0127794
-0.0201017
0.0152071
0.048563
-0.0612263
-0.00929968
-0.0144988
0.0579157
-0.0482321
-0.157957
0.10493
-0.120797
0.122334
0.0502869
-0.0857744
-0.0386147
-0.0609157
-0.00844928
0.0313068
-0.0600594
-0.022758
0.0120492
0.0829532
-0.00954914
-0.0611325
-0.190015
-0.0596817
0.108161
0
-0.126967
-0.213555
0.162891
0.161386
-0.0472536
0.0175292
0.0076684
0.0553848
-0.0270291
-0.0103412
0.111123
0.091433
0.0513651
0.0465739
0
-0.184709
0.0166355
-0.0564353
-0.103503
0.00323265
0.067837
0.00292236
-0.00100596
0.132912
-0.0230484
0
-0.117292
-0.258502
0.0909916
0.0398474
0.0807148
0.280594
0.109736
0.0256299
-0.0766685
0.0680246
-0.0326089
0.0374172
-0.00268123
-0.0136021
0.0310634
-0.0533572
0.0878206
0.0367741
-0.000870731
-0.136632
-0.187638
-0.0340483
0.114815
0.0016904
-0.0584374
0.0883946
0.0884089
-0.127761
-0.0408286
-0.0688954
-0.0288828
-0.0595031
-0.0636214
0.030154
0.0490824
0.0320635
-0.0400116
-0.0754379
0.125892
0.102982
0.071068
-0.0773907
-0.0398689
0
-0.0862386
-0.0560816
-0.020257
0.0314025
0.0718584
-0.0120201
-0.0170055
0.101981
0.0226897
-0.0806873
0.0166933
0.0876215
-0.175155
-0.00498674
-0.13457
-0.0669179
-0.0544196
0.105429
0.0192621
-0.171397
-0.110502
-0.0155071
0.061835
0.0857541
-0.0135745
0.214383
0.0594358
-0.0534424
-0.149989
0.0695055
0.0429665
-0.151247
-0.0770109
-0.127489
0.0173236
0.0195471
0.0422713
-0.119731
-0.0407547
0.074909
-0.0201359
0.036567
0.218111
0.0875465
0.0175149
-0.0749451
0.0448101
0.0973307
-0.165333
0.101831
0.195792
0.0694699
-0.0561369
0.103628
0.0682907
-0.000374209
-0.0311552
0
0.137983
-0.062348
0.0243262
0.0182871
0.0369361
0.0301696
-0.0209337
0.0322124
-0.00948243
-0.0325202
0.0721852
0.00834499
0.00916229
-0.0176449
0.225779
-0.0827257
-0.0328382
0.100753
0.0132408
-0.00807704
0.0047124
0
0
0.0886715
-0.00395891
-0.015584
0
-0.0807565
-0.0921079
0.128563
-0.0101653
0.00761372
-0.0642263
0.0247513
-0.101509
0.0956638
0
-0.132647
-0.128104
0.0550567
-0.00564823
0.0688465
-0.0680197
0.228578
-0.0629564
0.150159
-0.0265138
0.0525136
0.0133957
-0.0512401
0.00538967
-0.081421
0.10415
-0.00964588
-0.00796375
0.00178016
0.00444901
-0.117763
0.0279104
0.0806851
0.0745612
0
0.0555693
-0.0443071
0.089425
0.052882
-0.0151118
0.0209848
-0.0423195
-0.0183169
0.057374
0.0332698
-0.0209219
0.064664
0.101669
0.024372
-0.0548886
0.100315
0.0575073
-0.085896
-0.0294085
0.0035848
-0.0143042
-0.0219872
0.0828196
-0.0412814
0.0324011
0.0171586
0.00509094
0.0145373
0
0
-0.0775928
0.0780163
0.0578522
-0.134375
0.0904038
-0.0468842
-0.0574415
-0.094203
-0.0290319
0.00181696
-0.163984
0.0138417
0.0752003
0.00453155
0.0591138
0.146338
-0.0276929
-0.0100191
0.0823801
0.0213904
-0.0810066
-0.0241777
-0.00471397
0.0893576
0.0699369
0.121225
0.0275533
0.0393666
0.0657347
0.0680837
0.0127372
0.0616193
-0.0374551
0.00386574
0.00317286
-0.0268791
-0.0824304
0.0108083
0.00205348
0
-0.0175503
-0.146238
0.075479
0.056145
0.023784
-0.0697425
0.0807101
0.101667
-0.0821848
-0.10487
-0.117999
0.218484
-0.21174
-0.14147
0.0534076
0.0829531
0
0.0611002
-0.116466
0.117216
-0.0345736
-0.0618123
-0.0283306
-0.00189719
0.0600292
-0.0332069
0.130968
0
0.0319896
0.00508734
-0.132156
0.103583
0.0891317
0.145014
-0.0944244
-0.0815037
0.0201811
-0.080265
-0.0962297
0.108582
-0.0159198
-0.0529578
-0.0517303
0.0794714
-0.0840425
-0.00738534
0.106806
-0.136823
-0.161845
-0.148121
-0.0226088
0.154756
0.0214495
0.0615237
0.00981386
0.0774919
0.105914
0.0750131
0.0242607
0.11998
-0.0118762
0.047014
0.0142966
0.090543
-0.0127983
0.0371825
-0.0019662
0.0261309
-0.00520471
0
-0.122813
-0.0503167
-0.0742698
-0.100583
0.0224487
-0.0852155
0.011343
0.0988298
0.100314
0.0171043
0.0402977
-0.0595676
0.159486
-0.148622
0.0534551
0.121355
-0.0312975
0.140649
0.0590637
-0.116682
-0.0889476
0.00229475
-0.0933407
-0.00227563
0.0628361
-0.108539
0.0500509
-0.0136587
0.078284
0.0367421
-0.123409
-0.0520031
0.0535908
0.0476754
-0.0830302
-0.0154125
-0.071815
0.0295029
0.0403072
0.0177034
-0.066437
-0.100137
-0.142986
0.0970668
-0.0027126
0.0152644
-0.220665
0.121659
-0.157468
0.00948755
-0.237001
-0.00914603
0.114096
-0.0972987
0.0517901
-0.0399524
-0.0740517
0.0405992
-0.0117458
0.0687012
-0.0672979
0.0607192
0
0.121076
-0.00973571
0.0804865
0.0344856
0.091314
0.00919959
0.103271
-0.140798
0.0158223
-0.00566608
-0.0357618
-0.0255437
-0.0441858
-0.0273512
-0.252664
-0.077092
0.000487274
0.016509
0
0
0.105621
-0.0948804
0.045706
0
-0.0180459
-0.0353497
0.197252
0.0137314
-0.0709824
0
-0.0631069
-0.0924684
0.0691455
0.0968436
0.0976831
0.0797245
0
0.121789
0.0576958
0.00890494
0.134703
-0.0215637
-0.0666012
0.0680541
0.0781428
-0.0119094
-0.172977
0.0721913
0.0966616
0.107455
-0.0484766
0.0551263
0.0521874
0.0634124
0.127144
0.045829
0
0.0760229
-0.122807
0.0291369
0.03736
-0.0414888
0.0361094
0.113461
-0.131995
-0.0122559
0.19665
-0.197524
0.283389
0.060928
0.0167439
