0.0499291
0.0288205
0.00964684
-0.0949427
-0.0632059
-0.0317534
0.0621634
-0.0256913
0.0592836
-0.0270245
-0.00656779
0.11853
-0.0129057
-0.0272707
0.0324526
0.0283208
-0.0518802
-0.07926
0.0315318
-0.0631633
-0.0170122
-0.00160474
-0.00900913
-0.0963956
0.0397468
0.0266192
-0.00707362
-0.00985769
-0.017948
-0.0926739
0.00163169
0.00244704
0.0393422
0.128073
-0.0747794
-0.0637702
0.0138153
-0.0156227
-0.0206268
-0.0115986
0.0385496
0.0732499
-0.0175886
0.0407833
-0.0379096
-0.000179583
-0.0567298
0.0256133
0.00225155
-0.0114431
0.0484759
0.0323363
0.103469
0.0106154
0.0460464
0.0193432
-0.0649476
0.0510594
-0.0209566
0.0552903
0.0311581
0.112876
-0.000604859
-0.0336705
0.00398752
0.0702139
-0.0471003
0.00933416
-0.00639469
-0.0809777
-0.0225088
0.0234673
0.0584718
0.230358
0.0466213
0.0307085
-0.0286022
0.00193744
0.0395091
-0.0140205
0.0429228
-0.0252955
-0.0951357
0.0468804
0.0669399
0.066079
-0.00216234
-0.00316119
0.106841
0.174142
0.0785651
-0.0355397
0.0234929
-0.0130269
0.0348612
0.104971
-0.0513109
0.133179
-0.0318459
0.02287
0.0315377
0.0162412
0.13804
0.0445153
-0.0914046
-0.0564027
0.0343936
0.157808
-0.0152624
0.0412087
0.0715954
0.0321271
-0.108769
0.00259989
-0.00237046
-0.0808546
-0.0776281
-0.0643846
-0.0151821
-0.040022
-0.0131401
0.0613822
-0.129483
-0.0389991
0.0829782
0.0947338
-0.0253628
-0.0770297
0.0134186
-0.0345301
0.143264
0.0156711
-0.0294133
0.0473153
0.0122017
0.0444838
0.158492
0.0674338
-0.0112705
0.114008
-0.122716
-0.0337655
-0.00973347
-0.00555537
0.0944765
0.101582
-0.0345452
0.0525928
0.0675008
0.115084
0.0186388
-0.0587384
-0.0857956
0.029296
0.042092
0.00999934
0.048531
-0.0180067
-0.0842409
-0.225127
-0.0029475
0.0508922
-0.0674597
-0.013941
-0.0191247
0.100977
0.00390969
0.0478448
0.0622744
-0.0317227
-0.229652
-0.0485026
0.0072061
0.110429
0.034879
-0.0111843
0.028239
0.157839
0.0650258
0.0565436
0.0374702
0.0151823
0.105058
0.0694065
-0.0730881
0.0218529
-0.121625
-0.0503717
0.0744079
0.0793451
0.0946765
0.0274163
0.0542535
0.0786866
0.000984951
0.0823915
-0.0569571
-0.0331055
0.0789625
0.0119373
0.0526747
-0.033925
-0.0778774
0.0342597
0.027449
0.0300863
0.015773
-0.13934
-0.133529
0.0326253
-0.0177954
0.0347072
0.0937733
-0.0593984
-0.0722886
0.0451529
0.0637195
0.0199305
0.00759552
0.099891
0.139414
-0.0228832
0.0392747
-0.0813983
-0.0169408
-0.206054
0.12901
-0.0324817
0.0296918
-0.0759065
-0.0319631
0.0281667
0.0465822
0.0299113
-0.00705044
-0.139018
-0.0412957
0.090246
-0.20538
-0.0626265
0.103683
-0.15906
-0.192447
0.0904756
0.0871866
0.175993
0.0150993
-0.0768785
0.0442181
-0.100003
0.164362
0.111359
-0.0271759
0.0180785
-0.0918602
-0.0887598
-0.0140188
0.0510203
-0.0981814
-0.100761
0.114413
-0.0170498
-0.110076
-0.0155107
0.0174113
-0.0253955
0.0646424
0.148581
0.0415188
0.0540732
0.128764
0.0257088
-0.0293569
-0.054034
0.0510164
-0.0210083
-0.152091
-0.0268161
-0.0212177
0.159459
-0.0540306
0.132116
0.0656528
-0.0327027
-0.0309182
0.0338512
-0.0246077
-0.099182
0.000636207
0.0727547
-0.0821606
0.111591
0.0158703
0.0145896
0.0259156
0.00236528
0.0168191
0.00888463
-0.0507066
-0.0595196
-0.0318283
-0.143102
-0.141124
-0.0668325
-0.0461712
-0.0173693
-0.033431
-0.0770584
0.049495
0.0669342
0.0626288
-0.0567658
0.0397042
-0.054955
0.0384491
-0.150906
-0.0617824
-0.0347056
-0.104013
-0.0395989
-0.287068
-0.0500319
0.108917
0.159768
-0.124215
-0.0911535
0.0811525
0.0794219
-0.115322
0.0129917
0.0207362
-0.0224467
0.0095596
0.0365994
0.04325
0.0745519
-0.076787
0.102227
0.0256035
0.0995787
0.0828417
0.118855
-0.00642657
0.00812486
0.0928182
-0.00504864
0.0325154
-0.0788034
-0.017883
0.117019
0.049093
0.1287
0.0253569
-0.0362336
0.0055114
-0.0039364
-0.110202
-0.0624399
-0.0225303
-0.141588
0.0172357
0.017575
0.0561359
-0.0775549
-0.00199652
-0.0784003
0.0397224
0.0672566
0.0954073
0.103329
0.0989801
-0.0171219
0.0174798
-0.0943512
-0.00086709
-0.110371
-0.103036
0.0356648
0.0561861
-0.0306945
-0.0786669
-0.00998805
-0.0555227
0.0592971
-0.0680843
-0.0706516
-0.0845381
-0.0145383
-0.0387203
0.0984044
-0.0627156
-0.00993452
0.0842433
-0.125985
-0.0761757
-0.0807842
-0.00185769
-0.181146
0.0088246
-0.00685414
0.216264
0.152691
0.0223818
0.103291
0.0121437
-0.0656164
-0.0651389
-0.0961733
0.0250284
-0.144835
0.0147254
-0.123745
0.0769364
0.0352627
0.174929
0.114842
-0.0440839
-0.129674
0.0791616
0.045442
-0.116407
0.0479753
0.147818
-0.0273711
-0.0154481
0.0261347
0.113236
-0.0510743
-0.0518625
-0.0175984
0.026461
-0.134609
-0.146864
0.132701
0.0123367
0.0405578
-0.0416234
0.0721986
-0.0153516
0.0330938
0.0636875
-0.0877037
-0.00226865
-0.0401647
-0.0899302
-0.0700462
-0.0194631
0.0481252
0.0496557
0.0455244
0.015763
0.00669364
0.0787692
0.0411819
0.00413141
0.0195072
0.0274706
0.028737
-0.216692
0.0584018
-0.0367176
0.0120771
0.00986351
-0.0769653
0.0123726
-0.0433714
-0.0209498
-0.0235345
0.0121587
0.0219713
0.147851
-0.0346146
-0.0157943
0.0236821
-0.100809
-0.130037
0.0240225
0.0230383
0.0799887
0.00888229
0.00137758
-0.0769755
0.136869
-0.00357593
0.0840376
0.106584
-0.0115043
-0.0242472
0.0675063
0.0329896
-0.0551179
0.0291216
0.0124123
-0.110918
-0.0120997
-0.0808639
-0.000379054
-0.0356193
0.0870391
-0.0296854
-0.0635944
-0.00578757
0.0746759
-0.00635305
-0.0423811
-0.0926639
-0.0594533
-0.108351
-0.0608547
0.0601528
-0.0531725
0.0966726
-0.0218432
0.0312342
0.12512
-0.010578
-0.0191915
0.0183479
-0.183527
0.0326008
0.0870626
-0.0760896
0.02385
0.144059
-0.0561442
-0.0150098
0.109781
0.0182689
0.0556661
-0.0311318
-0.0356439
0.0210673
0.0234488
0.000606359
0.0121952
0.00855047
-0.0617576
0.000608814
0.0143725
0.132856
-0.0133566
0.0885851
0.0694205
-0.00510112
-0.0416454
0.0477073
0.0953961
0.0475411
0.0144875
-0.0338126
-0.0041616
0.0960047
0.0561135
0.031668
0.0219865
-0.0553088
0.0749625
-0.0392745
-0.0787258
-0.113416
0.0778803
-0.0145837
0.0858889
-0.0184458
-0.145877
-0.0476071
0.0825262
0.0465635
0.119701
0.0055928
-0.000788539
-7.16884e-05
0.0153296
-0.044262
-0.0973165
-0.0137307
0.00821164
-0.0234173
0.055183
-0.0554014
0.0856227
-0.0182086
0.00296477
0.0871035
-0.0369803
0.00647245
-0.0557281
-0.096398
-0.000583976
-0.0538722
0.0643785
0.0761322
0.0157641
-0.0112782
0.191511
0.0924641
0.0384567
0.0385885
0.0229287
-0.0615872
0.0334941
-0.0199851
-0.0829513
-0.0341951
0.0409637
0.0915593
0.0792333
0.0247748
-0.00241941
-0.043372
-0.0325484
0.000278641
0.13712
-0.0537384
0.00531781
0.020554
-0.000137806
-0.0432959
0.00830082
0.0127836
-0.0358354
0.0387353
0.0369352
-0.00798189
0.0445071
0.0479253
-0.0508726
-0.0133078
-0.025843
-0.0295676
-0.0719744
-0.0221327
0.0345695
-0.0508872
-0.00467706
0.0751954
0.0241565
0.0255465
-0.021814
0.0172619
-0.00607278
0.0299141
0.0795867
0.0197811
0.0115096
-0.0643919
0.0466112
-0.00668445
-0.0323257
-0.229814
-0.0136679
0.0827022
-0.108828
-0.1037
0.0867374
0.020056
0.00421719
0.0289801
0.00756451
-0.0771738
-0.0533425
-0.0980145
0.0513725
0.0378422
0.0739185
-0.041596
-0.000778483
-0.00608841
-0.0447857
-0.0773374
-0.175297
0.0414981
0.125695
-0.05684
-0.136359
0.173809
0.114714
-0.00220325
0.0523201
0.041843
-0.0663384
0.0392628
-0.00459038
0.0605644
-0.0489866
-0.00550486
0.0364309
0.034196
0.0905059
0.00923473
0.0586114
-0.0444634
0.00755127
-0.0210747
0.0489442
0.076226
-0.0271078
0.0269708
-0.0274518
0.0407388
-0.0732292
0.0767193
0.0394691
0.0011585
0.0452128
0.0512202
0.0819996
-0.0403781
0.0939188
-0.072435
-0.0640502
-0.0789431
0.0958701
0.0426288
0.111093
0.00928517
0.00947525
-0.012061
-0.00378033
-0.00464447
0
0.130285
0.113918
-0.0574158
-0.0478596
-0.00975671
0.026367
-0.045909
-0.063083
0.138873
-0.00769015
0.0989327
0.0597274
0.030818
0.0938532
-0.0119215
-0.0671011
0.132809
0.0415165
0.0428451
0.0325122
-0.00816492
0.0452903
-0.0141001
0.010934
-0.124016
0.021477
0.00250892
-0.0520004
-0.0186148
0.0360622
0.0666742
-0.0405286
-0.0344561
-0.00554418
-0.0917348
-0.102025
0.0471784
0.0992044
0.0948436
-0.0819349
-0.0226012
0.101525
0.0110361
0.0870458
-0.0300528
-0.0724219
-0.00364118
0.0455448
-0.0895318
-0.141638
0.0217889
0.0143509
0.0468001
0.0110956
0.0702183
0.0756632
-0.00549715
0.0172309
0.00567471
0.0127096
-0.0228141
0.0560072
-0.0402936
0.0452568
0.0438797
0.00956728
0.0117768
0.0281832
-0.0100212
0.00209114
0.0103877
0.104382
-0.0695485
-0.00453132
0.0924233
0.0223675
-0.0703015
0.0322044
0.03731
0.0896402
-0.00738435
0.00840452
0.0233754
0.0246945
-0.0323605
0.0122148
0.0271304
-0.0152294
-0.119773
0.0155335
-0.00326185
-0.0595038
0.0383968
0.0387928
0.0124759
0.0975214
0.0651023
-0.0199316
-0.0343207
0.0417403
0.033764
-0.05824
0.00963122
-0.0260614
0.0117896
0.0381315
-0.047836
-0.0611224
0.0309963
-0.0670198
0.019769
0.0469521
0.0043009
-0.0465119
0.0559434
0.0238973
0.0308449
-0.0588599
-0.0560266
0.00012005
0.0379237
-0.0620226
-0.0612594
-0.0138125
0.0553167
0.0516542
0.000719709
-0.0594905
0.0504904
-0.0147777
-0.0076377
0.00132348
0.0388443
-0.0689065
-0.0828814
0.0375271
-0.0325397
-0.0408241
-0.084799
-0.056811
-0.228943
0.0695811
0.0627244
0.0216738
-0.155627
0.050569
-0.144034
0.0978996
-0.0469206
0.0154529
0.00628877
0.102349
0.0675306
0.0914821
0.0253941
-0.0177877
0.0242649
-0.00542825
-0.0499174
-0.0122235
0.0222641
-0.0135758
0.0223066
0.0281221
0.0445243
0.0656539
-0.074875
0.0697461
-0.024766
-0.0458411
0.0154266
-0.00675771
-0.0733996
-0.086361
0.00711611
-0.0462828
0.0585057
0.00498464
0.00404819
0.106592
0.0456696
-0.0235156
0.0530925
0.125354
0.0579809
-0.0356037
-0.0231623
0.0126735
0.04273
-0.0569737
-0.0164417
0.115366
0.0365924
0.0677562
0.0284853
-0.0030692
0.0701786
0.0177459
0.0107611
0.00724549
0.0127837
-0.020906
-0.0612756
0.00623265
0.0165036
0.11123
-0.0477017
0.0205047
0.0949252
-0.00224831
0.0406222
-0.0991404
-0.0246778
-0.00377963
0.0361677
-0.121384
-0.0363158
0.0111203
0.0089931
-0.0284176
0.134953
0.104204
-0.0155443
0.037151
-0.0243684
0.0682996
0.0410074
0.0407832
0.0566945
-0.0325756
0.0288548
-0.0027633
-0.0128678
0.0725876
0.0260367
0.0578771
-0.080102
0.0870493
0.0997838
0.0395268
0.0624842
-0.0714738
0.0396797
-0.275843
0.133029
0.031146
-0.163557
0.0176144
-0.127476
0.16708
-0.0710953
0.0920082
0.116201
0.0985213
0.0123697
0.000272289
-0.0178233
0.0356149
0.0329965
0.0725556
-0.047339
0
-0.140417
0.115904
0.04341
0.00501541
0.10576
0.0345633
0.0919754
0.131354
0.0955163
0.0102939
0.078859
0.043645
0.0246664
-0.0589756
0.152117
0.0475969
-0.119066
-0.00516066
0.0396484
-0.0744258
0.0946188
0.0877497
-0.00518745
0.0114188
0.142898
0.0133049
0.090989
0.0395942
-0.0352195
0.0647643
0.0822737
0.0440078
0.0223834
0.0239946
-0.0431364
-0.0575505
-0.0751114
-0.00492768
0.131439
-0.0384177
0.0526673
-0.108116
0.0153934
0.147625
0.0548847
0.127447
-0.0336346
0.0892417
0.034673
-0.123075
-0.0431132
0.0266754
-0.0708225
-0.137726
0.0210707
-0.153125
0.110031
-0.0477012
0.132473
0.117485
0.0370049
0.00438846
-0.0241604
-0.352661
-0.0319915
-0.145563
0.0231612
0.197581
0.0272774
0.109562
-0.045469
-0.0496167
-0.105076
0.2014
0.0345909
0.0570883
-0.0732285
0.0161876
0.00109089
0.123869
0.00117102
-0.0517494
-0.0585044
0.146861
0.101405
0.0498598
9.19325e-05
0.133056
0.0390679
-0.0343064
0.00484987
0.055177
0.111365
0.0386091
0.0520724
-0.0160887
0.030123
-0.00511717
-0.167436
0.234632
-0.0633142
0.0342131
0.0255065
0.0330483
-0.115553
-0.0263386
-0.157299
0.133779
0.0529525
0.0568491
0.0568773
0.0954531
0.0174265
-0.0414323
0.0498536
0.129525
0.0980801
0.0145894
-0.0746039
0.0179405
0.0426647
0.0678285
-0.0059109
0.0191035
0.153919
0.0494994
-0.0273095
-0.137969
0.195662
0.0285388
0.156909
0.0700309
0.0902617
-0.0450489
0.095399
-0.12512
0.115487
0.0466229
-0.0293298
0.200677
0.0138846
-0.167589
-0.164603
0.243283
0.253774
-0.098325
0.0797447
0.0754305
-0.0833499
0.137449
0.00100946
-0.0694412
-0.157464
0.0132999
0.187177
0.119274
-0.17076
-0.106858
0.075688
-0.259207
-0.077136
-0.216692
0.018278
0.164898
0.153344
-0.0278859
-0.260179
-0.00831154
-0.188718
0.00202693
-0.115949
-0.12802
0.133432
0.301207
0.0915255
-0.0644795
0.0475203
-0.0205868
-0.0624538
-0.134841
-0.180171
-0.103512
0.0860396
0.177492
0.106155
0.0264832
0.0174573
0.18516
-0.0450566
0.0572067
-0.0194629
-0.00399105
-0.0130799
0.1149
0.102711
0.00624802
0.122028
-0.0227766
-0.0275071
-0.0113821
-0.290689
-0.0619114
0.185874
0.00770415
-0.0640198
-0.0897088
-0.14428
-0.0228717
0.174891
-0.0354831
-0.375385
0.0254988
-0.327342
-0.564604
0.562706
-0.172294
0.00347513
0.257963
-0.100581
0.0780234
-0.103687
-0.265586
0.0834677
-0.0422529
-0.12521
0.0972021
0.0453969
0.2394
0.0531534
-0.0529847
0.203827
0.123109
-0.260068
0.00213745
0.109984
0.0468092
-0.00103141
0.239261
0.0286807
-0.0554645
0.0914702
0.0215494
0.087201
-0.0154522
-0.162175
-0.247415
0.0466123
0.0290688
0.201913
0.056372
-0.0717723
-0.261863
0.0354209
0.0263912
0.0208745
-0.0115186
0.00422367
0.24213
0.118704
0.0127254
0
0.16844
0.161027
-0.09889
-0.00961462
-0.101496
-0.136858
-0.243405
0.167033
0.0640199
0.000475336
0.113236
0.0904123
0.0673828
-0.0339828
-0.0748203
-0.0813549
0.100706
0.124895
0.15268
0.0808238
0.0425788
0.0680037
0.0140198
-0.0575023
0.0954574
0.0400183
0.0179304
-0.00804267
0.0895358
-0.121329
0.0151365
0.0988347
0.186063
0.00228882
-0.0603638
0.0198745
0.0481387
0.010214
0.212363
0.0486644
0.00844681
0.175584
-0.0699947
-0.103678
-0.053677
0.23363
0.107444
-0.0115847
0.0517736
-0.0218767
0.107308
0.09792
0.0804482
-0.0608601
0.0433921
0.122094
0.0807468
0.103191
0.114977
-0.140778
0.0497283
-0.0441163
0.0517937
0.134598
0.107336
0.11743
0.233314
-0.178428
-0.101251
0.0324346
0
0
0.0577348
0.0202655
-0.115692
0.0487146
0.0951166
-0.0122841
-0.0692238
-0.141762
-0.16237
-0.362946
0.297741
-0.112184
0.244112
0
0.352144
-0.147857
0.0035868
-0.143614
0.122842
0.219156
-0.111986
0.0411204
0.00299554
-0.00217848
-0.156636
0.183923
0.115603
0
0.0569336
0.150228
0.00622173
-0.248466
-0.00512029
0.056656
0
0.0312813
0.091408
-0.0714178
0.136895
0.0647023
-0.0816095
0.0259633
-0.0906083
-0.271043
-0.149768
0.0464513
0.18635
-0.119034
-0.100714
-0.0185553
0.17484
0.0626831
0.18325
0.0104018
0.104447
-0.0708995
0.169218
0.019289
0.0997414
0.0351305
0.0344411
0.0625073
-0.0306402
-0.0269971
0.0538933
0.0699737
0.0728465
0.0292951
0.123986
0.0336731
-0.0569886
-0.187614
0.000111665
-0.0321272
-0.163911
-0.0363637
-0.0152694
0.0995733
-0.139429
-0.16769
-0.0295228
-0.202795
-0.16173
0.175058
-0.198791
-0.294482
0.188644
-0.0225305
0.133758
-0.0221285
0.338021
0.030015
-0.150656
-0.427555
-0.0189956
0.246548
-0.297224
-0.393421
-0.178121
-0.105615
-0.0948367
0.286434
-0.214254
0.108051
0.113975
0.218845
-0.174836
-0.496408
-0.0439368
0.264781
-0.0728252
0.0838683
-0.502378
-0.158815
-0.453831
0.252772
0.33887
-0.111315
-0.166414
0.154073
-0.0914918
-0.328832
-0.530097
-0.177157
-0.173072
0.5597
-0.177899
-0.491399
0.207162
0.62225
0.172336
0.254099
-0.00587132
0.143242
-0.00395635
0.298055
-0.160896
-0.074259
0.0317299
0.0827931
0.280698
-0.225189
-0.0439583
0.189833
0.222405
0.000643602
0.26114
-0.181955
-0.0116006
-0.0487687
-0.132218
0.0553462
-0.0202922
-0.0144171
0.256513
-0.0631788
-0.0238037
0.247994
0.271107
0.191799
-0.0952815
0.0106142
0.197268
0.0950476
-0.254972
-0.394521
-0.12585
0.153428
0.0491197
0.0515289
0.0240057
0.0288659
-0.0172709
-0.187382
-0.0124055
0.0803948
0.144919
0.109972
-0.0815967
0.322032
0.0694199
0.162614
0
0
0.0910327
0.0693967
-0.0370015
0
0
0.583369
0.172282
0.22138
-0.157225
-0.0311964
-0.195931
-0.124903
-0.485354
0.0864837
0.178552
0.257509
0.000739569
0.240757
-0.111129
-0.387731
0.00784839
0.0147756
0.0575822
0.165431
0.101553
0.139668
-0.155807
-0.151648
-0.00301066
0.00831296
-0.0796579
-0.351873
-0.0510488
0.148817
0.0892486
0.0272408
-0.0374349
-0.175446
0.111667
0.102825
0.160813
0.190968
0.0532245
-0.171337
-0.0344674
-0.122728
0.0273904
-0.167218
0.11874
0.293087
-0.117207
-0.00540852
-0.0243316
0.104416
0.149657
0.0224939
0.0664587
-0.0486672
-0.0277609
0.149304
-0.069688
-0.244609
-0.137853
0.159955
-0.114815
0.138
-0.0379045
0.103402
0.0385227
0
0
0.19717
0.0401141
0.0267445
0.0554438
0.00149056
0.0950441
-0.0702251
-0.128603
0.0084574
0.137162
-0.250492
0.0807476
0.0911225
-0.0389704
0.0437562
0.209381
-0.0338948
-0.020269
0.0586088
0.0491622
-0.00280731
-0.15805
-0.0424999
-0.0461287
0.027302
0.0242571
-0.0621257
0.0384372
-0.135744
-0.193108
0.096452
0.121818
0.0850737
0.0192529
0
-0.155374
0.026105
-0.156937
0.0425337
0.0746971
-0.0521268
0.0137003
0.097544
0.0558288
0.125912
0.0100274
0.0466443
-0.0867874
0.115097
-0.0371388
0.0190141
0.100274
0.0684054
0.0428341
0.117025
-0.028039
-0.0735641
-0.129862
-0.105278
0.0710873
0.0556
0.00308864
0.20089
0.0582179
0.213063
-0.00717809
-0.0467203
0.0012909
0.0288624
-0.000176661
-0.144463
0.0433572
0.0968655
-0.0214082
-0.0146861
-0.230048
-0.151427
-0.0961517
-0.103636
-0.126048
0.0289769
-0.00797589
-0.28757
0.161886
-0.0142463
-0.0535083
-0.0648464
-0.219566
0.0362594
0.169065
-0.141787
0.0459749
0.247655
0.19081
0.0379544
0.0621207
-0.0242029
-0.160013
0.0971221
0.0996262
0.076216
0.197492
-0.0108701
0.00246561
-0.0410341
-0.180264
0.0700091
-0.205624
0.241102
0.0875105
-0.021493
-0.0189782
0.080883
0.0747301
-0.075093
-0.0836823
-0.0244165
-0.108777
-0.0704151
0.0883581
-0.133247
-0.0498297
0.0993591
-0.16588
0.105546
-0.147355
-0.017465
0.00741478
-0.0748631
0.143786
0.0973303
0.0576163
0.0860973
-0.00243079
0.0147078
-0.0886529
-0.0856594
-0.0771684
-0.155295
-0.0858346
0.229135
0.0211353
-0.0202684
0.2328
-0.0554915
0.103305
-0.0280899
0.210858
0.144194
-0.0230196
0.0236059
0.0832842
0.0970765
0.0487975
0.0260492
0.0370039
0.0923812
0.154843
-0.0160735
0.158227
0.0498534
0.00120821
0.156957
0.00992945
-0.187185
0.0310475
0.0293943
0.244443
0.086085
-0.0376212
-0.115088
0.06082
-0.00986503
0.257359
0.0208571
0.112868
-0.0400413
0.0164626
-0.0909037
0.0361836
0.0818908
-0.0640488
0.0788682
0.0453848
0.098211
-0.035301
0.142816
0.25658
0.0591561
0.00838357
0.00737424
0.0381629
0.200697
0
-0.113271
-0.402682
-0.252373
-0.0908168
0.322644
0.140481
-0.0906295
-0.0476355
0.0836404
0.296332
0.11353
-0.256092
0.015468
0.0216611
-0.125123
-0.00112311
-0.139028
0.143837
0.138393
-0.0101999
-0.205914
0.227013
0.227116
0.289519
0.144938
-0.154931
0.264451
0.0301313
-0.033648
0.0411186
-0.0571141
-0.240476
0.0403679
0.0997041
-0.0684323
-0.0914876
-0.0184541
0.122553
0.0615678
0.177145
-0.159729
0.109207
0.100829
0.321843
0.0807809
0.0260384
-0.0699126
-0.114617
-0.0217217
0.118723
-0.304394
0.0074386
-0.338804
0.179526
0.107856
0.105268
-0.0388139
0.00402484
-0.017478
0.226725
-0.0197975
0.106451
-0.0189064
-0.308134
-0.00460886
-0.253063
0.113337
-0.259366
0.265642
0.152424
0.0431427
-0.206345
0.00946525
0.0039573
-0.287972
-0.109029
0.163803
0.0331145
0.076674
0
0
0.0785336
0.167221
-0.140445
0.252001
0
0.243727
-0.219266
-0.0199939
0.0851757
-0.125265
-0.195577
-0.2281
0.20693
0.128049
-0.106976
0.289703
-0.197399
0.031285
-0.356312
-0.236387
0.0796188
-0.163383
0.23154
-0.0215823
0.152034
0.139406
0.086551
0.141868
0.286039
-0.0900646
-0.100379
-0.100961
0.0272182
0.0117773
0.00317352
0.0201698
0.138946
-0.076656
-0.107194
-0.0184775
0.0761723
-0.111364
-0.0407622
0.0165194
-0.00990839
-0.049517
0.0376293
-0.32564
0.164048
0.0806403
-0.00219804
-0.0379053
-0.0268834
0.190836
0.0234318
-0.0621995
0.0340061
0.0955387
0.0386456
0.06955
-0.0791598
-0.0380595
0.0409942
-0.148735
-0.000133639
-0.0480731
0.0191651
-0.243068
-0.0700449
0.119731
-0.0363156
-0.0242642
-0.190416
0.106778
0.0768608
0.033569
0.102499
0.0463049
-0.00459382
0.0748397
-0.0296496
0.0394367
-0.0607543
-0.0219035
-0.0294989
-0.00778552
-0.00248025
-0.0703028
0.100315
0.0549721
-0.0293464
-0.0425268
0.015877
0.235877
0.17583
-0.123032
-0.0516662
0.0561145
-0.189472
0.00923261
-0.0219964
-0.133334
0.0992881
-0.0105347
-0.134987
-0.023969
-0.129322
-0.220855
0.00871902
0.0783918
-0.0996058
0.0303093
-0.0319508
-0.0383786
0.0945633
0.0834497
-0.0884289
0.0760098
-0.078107
-0.232454
0.0471388
-0.257766
0.00927161
0.0731751
0.0217212
-0.067448
-0.216723
0.374971
0.108263
0.0350341
0.250292
-0.107834
-0.10241
0.079982
0.0310838
0.151574
0.0552307
0.0140694
0.0172062
-0.0199163
-0.0284224
-0.042934
-0.0741808
-0.167244
-0.177904
0.332046
0.0841767
-0.0851147
-0.0984947
-0.228756
0.091592
-0.228586
0.112528
0.210159
0.0103585
-0.105461
0.0288744
-0.242399
0.102168
-0.218413
0.367443
-0.0867978
0.0637049
-0.022226
0.164176
-0.0462576
-0.117018
-0.163325
-0.195075
0.0555049
0.147258
-0.366991
-0.0581501
0.0898162
0
0
0.139956
0.104105
0.00312261
0
-0.149273
-0.0880144
0.195965
-0.0384308
-0.049059
-0.148659
-0.0930032
0.189674
0.108374
0.0538444
-0.147422
0.197512
-0.0680752
-0.0737523
0.0493691
0.00113836
0.061636
0.0127504
-0.0401487
-0.00653547
-0.0641943
0.112029
-0.149037
-0.0938736
0.00724253
0.0816183
-0.155036
0.0403765
-0.150291
0.0964192
0.0032405
-0.15933
0.111632
-0.192149
-0.00805643
-0.0784013
-0.153548
-0.154516
-0.252358
0.171574
0.0536361
-0.0333788
-0.0836576
0.0406606
0.108816
0.147751
0.00342181
-0.0980407
-0.0834718
-0.271497
-0.080907
-0.144873
0.182873
-0.224619
-0.0519024
0.176837
-0.221656
-0.441774
0.28142
0.346912
0.205318
-0.172311
0.0197037
0.0461037
0.0138494
-0.368549
0.0566826
0.233749
-0.0297205
0.139595
0.239327
0.0538959
0.0205138
0
0
-0.103365
0.339056
-0.0474605
-0.083961
-0.119449
0.0939121
-0.0212924
0.0964369
0.154429
0.113481
0.00433054
-0.0768134
-0.204102
0.0345189
0.0538757
0.00272446
-0.0584116
0.230675
-0.0869886
-0.119283
0.0611889
-0.00974891
0.122072
0.0931429
0.0271275
0.051002
-0.101119
0.0558626
-0.139679
0.0321618
-0.0770813
-0.145268
0.029119
-0.0257887
0.0402601
0.1373
-0.0557412
-0.0415725
0.00125823
-0.0586985
-0.311823
0.108823
-0.125087
-0.106117
-0.161677
0.0633163
-0.0467072
-0.00435931
0.0499462
0.0399918
-0.162818
-0.0471941
0.10912
0.176913
0.14162
-0.14188
-0.0689966
-0.0694043
-0.263876
0.00340923
-0.110693
-0.145689
0.0906901
0.0833496
-0.0815048
-0.038813
-0.214366
0.201921
-0.109819
0.0749309
-0.119056
-0.178189
0.141252
0.17935
0.152303
0.107434
0.00205289
-0.0632215
-0.102654
0.0480594
-0.00390751
-0.173988
-0.223806
-0.146158
0.119404
0.128218
-0.0764764
-0.117771
-0.23521
0.0157336
0.0654586
0.00846531
0.061599
0.190884
0.00411168
-0.178399
0.0242165
-0.252282
0.0183128
-0.140405
0.12129
-0.270291
-0.241851
-0.267585
-0.046019
-0.661952
0.12538
0.100448
-0.634854
0.36137
-0.046975
-0.269465
-0.451875
-0.308837
0.640578
0.0898802
0.191738
0.135655
0.301403
-0.271655
0.175889
-0.00199086
0.390783
-0.138433
0.0160861
0.0110572
0.325869
0.121024
-0.0339268
-0.304828
0.180034
0.218957
-0.211349
-0.148469
0.212953
0.283926
0.0810836
-0.241759
0.247935
-0.236248
-0.325081
0.18543
0.0868116
-0.0162573
0.290438
-0.0467193
0.120067
0.235087
-0.1454
-0.271621
0.413014
-0.0259078
-0.0121691
0.106322
0.138691
-0.128465
-0.0460862
0.10733
0.00503813
-0.0495634
-0.195014
-0.134807
-0.006583
0.0793128
-0.034694
0.121732
0.350273
0.0181948
-0.0942328
-0.193403
0.0652669
-0.140302
-0.233255
-0.107387
0.341887
-0.0333632
-0.0792142
-0.0936589
0.215953
0.00146076
0
0
0.217817
0.0731493
0
0
-0.133755
0.204339
-0.033109
-0.174266
-0.0812471
-0.00284678
-0.153251
0.0823036
-0.296926
0.134771
-0.168015
0.201584
-0.0278788
-0.103022
0.0350581
0.0941435
0.166685
-0.023855
0.103614
-0.1487
-0.147418
0.108288
0.0338096
-0.173822
-0.2335
-0.143342
0.0986403
-0.0354897
0.137695
-0.036116
0.0795245
0.124047
-0.170099
-0.0497134
-0.253474
-0.0462072
0.137411
-0.145862
0.182398
0.075516
0.200906
0.092878
0.0566433
0.279222
-0.0440338
0.0443539
0.0482738
0.0610587
-0.0608197
-0.114674
-0.0567134
0.0230635
0.118681
0.0609733
0.0463104
-0.129888
-0.0658374
0.0580954
-0.0874722
0.0563907
0.00597236
0.130524
0
0
-0.10651
0.0119588
-0.154152
-0.0363152
-0.200461
0.0505554
0.102973
-0.184926
0.0509632
0.105867
0.250652
0.0101741
-0.112273
0.0111952
-0.11863
-0.0204013
-0.0882277
-0.142474
-0.0372786
-0.0629314
0.0997904
0
-0.0874207
-0.132624
-0.0491706
-0.0750085
0.249801
-0.042597
-0.173005
0.131565
0.182348
0.0560844
-0.0465522
-0.0680145
-0.101192
-0.0173496
-0.154509
0.0249759
0.0270421
0.0684439
-0.0818551
-0.0288978
-0.215866
0.109625
-0.127052
-0.368966
0.0237753
0.0298229
-0.206634
-0.0160228
0.18518
-0.274208
-0.109952
-0.283105
0.44345
-0.014856
-0.208894
-0.210112
-0.0693832
-0.360709
0.268063
-0.198819
0.180353
0.425903
-0.0063849
-0.431414
-0.23695
0.285612
0.490998
-0.0303416
-0.134589
-0.427215
-0.339366
0.00824925
-0.633146
0.016633
0.382816
0.107624
-0.557992
-0.574579
-0.345352
-0.0827064
0.310471
0.0860237
0.707832
-0.114869
-0.0227607
-0.488039
-0.0420766
-0.399698
0.575288
-0.106536
0.507087
0.190816
-0.292885
0.105071
-0.409302
0.330257
0.134357
0.402376
-0.192938
0.113198
0.243432
-0.1791
-0.178288
0.328027
-0.478036
-0.23258
0.156686
-0.262183
-0.504007
0.0973544
-0.089109
0.415873
-0.20595
0.288301
0.310711
-0.500583
-0.231919
-0.0574192
-0.0913828
-0.45421
-0.231002
-0.0873975
-0.400229
-0.137401
0.230004
0.585359
-0.126416
-0.610752
0.27808
0.411355
-0.242356
-0.355187
-0.0772504
-0.16939
-0.0938257
0.384778
0.511141
-0.142605
0.694002
-0.163412
0.367817
-0.0358227
0.0884742
-0.167444
-0.439133
0.286914
-0.0515983
0.207845
-0.51119
0.351622
0.201258
-0.125155
0.412994
0.0829322
-0.137816
-0.36555
-0.143391
-0.0642357
0.079935
-0.0760339
0.363081
0.0394747
0.144549
-0.0865884
-0.0239065
0.384437
0.0152676
-0.0379476
-0.283031
0.345984
0.0567925
-0.0489606
0.0212056
-0.293738
-0.0326204
-0.195219
0.0177116
-0.291123
0.112901
0.113549
-0.176353
-0.171201
0.374195
-0.125444
-0.25744
-0.0878478
0.13577
0.0716175
0
0
0
-0.379638
0.0901635
0
0
0.553573
-0.0798105
0.109976
-0.0991116
-0.222546
0.171596
-0.0127279
0.0344923
0.0472136
-0.11914
-0.0194971
-0.347479
-0.158336
-0.110606
-0.211554
-0.040376
-0.153125
-0.364717
0.0244302
0.134429
0.22209
0.0444905
0.0998481
-0.387785
0.186318
-0.252828
-0.168612
-0.0368601
0.299047
-0.248136
-0.0605122
0.352792
0.181661
0.179252
-0.323664
-0.157057
0.157374
-0.218236
-0.37384
-0.107868
0.218293
0.171117
0.00775136
-0.233045
-0.0596124
-0.180657
-0.252256
-0.285396
-0.0105923
-0.447752
0.655369
0.517006
0.369534
-0.0192029
0.153423
-0.139365
0.418672
-0.568663
0.279384
-0.0566366
-0.186433
-0.0018759
-0.457027
0.148001
0.440052
0.104716
0.182478
0.402769
-0.140535
-0.0119252
-0.253772
0.112174
0.117177
0.190611
-0.0987289
0.12695
0
0
0.0827793
0.0950414
-0.23564
-0.169988
0.312421
-0.0932225
0.00843646
0
-0.0100299
0.127314
0.160506
-0.137188
-0.301032
0.11675
0.016839
-0.022026
-0.0128493
0.146459
0.0218191
-0.439908
0.00458074
-0.087664
0.144946
-0.0683148
-0.0196937
0.0763747
0.218803
0.00649328
0.0828725
0.209501
-0.0551237
0.119638
-0.121962
0.234613
-0.138741
0.0916845
0.172122
0.111551
-0.160931
0.210688
0.0548591
0.0852307
-0.141253
0.0932242
-0.260834
-0.0154778
0.0283644
-0.00354625
0.0025681
-0.139465
-0.220009
0.22348
0.00532839
-0.0557372
0.318077
0.0269948
-0.0769583
-0.129062
0.145624
0.160785
-0.0578345
-0.0615867
-0.154973
0.0374441
-0.160332
0.0702951
-0.0321006
0.211008
-0.157387
0.1811
-0.0659653
0.0544578
0.143457
-0.16038
-0.0948957
0.10324
-0.180483
-0.00541712
0.0983628
0.076612
0.0704234
0.00464528
0.18371
0.018889
0.0981491
0.0201429
-0.0643352
0.0826188
0.0372384
-0.110574
-0.109327
0.0926663
0.0592984
-0.0751265
0.171363
-0.0042302
0.159313
-0.010416
-0.0913283
0.0791942
-0.120314
-0.149183
0.0281029
-0.101417
0.0347287
0.115311
0.00591637
0.0838056
-0.100597
-0.268274
-0.0842003
-0.0631343
-0.0494086
-0.0700586
-0.0319147
-0.183008
0.179442
-0.0189582
0.330663
-0.0773104
-0.0823937
-0.0110292
0.229729
-0.05121
0.176948
-0.0430825
0.0742813
-0.0530687
-0.0273264
0.0053302
0.0311405
-0.197911
-0.0836165
-0.0261886
0.119163
0.120199
0.0527962
0.0598714
0.0137179
0.21746
-0.0164671
-0.0665241
0.0640878
0.117028
-0.0927299
-0.0539608
0.0314523
0.0365887
0.0761661
-0.270435
-0.00773679
-0.0364045
-0.0231366
0.0370317
0.20732
-0.0264001
-0.0219262
0.0621452
-0.0205835
0.166448
-0.0286432
0.100878
-0.00215316
-0.0798073
-0.0774317
0.0796769
-0.0445874
0.0897219
0.00253254
0.0497014
-0.00604161
-0.0181096
0.0831151
0.0387134
-0.0410711
0.027522
0
0
0
0.0828067
0.0214404
0.0383614
0
0.132778
0.0374981
-0.00769508
-0.0837092
0.138514
-0.0753185
-0.0224525
0.0289143
0.0975607
0.0400689
0.0881767
0.0486609
-0.070947
0.0498131
0.062369
0.00242031
-0.062667
0.0339659
0.0433487
-0.127502
-0.0735193
0.0518881
-0.0443886
-0.075391
-0.0127035
0.0612041
0.130949
0.0346319
0.0341665
0.0188352
-0.122875
0.0575436
0.0623273
0.00762994
0.121294
-0.0979569
0.0106679
-0.143486
0.0224448
0.0384294
0.0333754
0.087341
0.0956841
-0.0675249
0.0878327
-0.0236681
0.0476857
-0.124637
-0.00126588
-0.308048
3.52855e-05
-0.278722
0.0616715
0.173803
-0.21543
0.0296483
-0.210698
0.00578718
-0.042949
0.184734
0.041043
0.12202
-0.0218276
-0.0146619
0.114889
0.229221
0.0718364
-0.141574
-0.0461793
0.0248304
0
0
0.107814
-0.115898
-0.00728401
0.0434154
-0.0269289
0.0681769
-0.0814059
0.0774104
0.0572784
-0.0281304
-0.00426279
-0.168317
-0.10739
-0.0675387
0.0678594
-0.0240806
0.0841537
-0.20623
-0.0321951
-0.264229
0.13363
-0.151748
0.120166
-0.065022
-0.130988
0.0595998
0.198961
-0.0771233
-0.0410285
0.0687539
-0.0617127
0.111477
0.0817278
-0.0553487
0
-0.086384
0.0619463
0.0240357
0.113179
0.114735
0.00196423
-0.0464231
0.0457803
-0.0111841
-0.135991
0.0952586
0.0767773
3.56233e-05
0.0529382
-0.0195083
-0.121916
0.0401718
0.10228
-0.0123732
0.0748559
-0.0403978
-0.062096
-0.0158784
-0.0809576
0.00333997
-0.072183
-0.00209795
0.0453694
-0.00226899
-0.0582694
0.0111527
-0.0305547
-0.143063
-0.00873103
-0.057587
0.0387359
0.0763282
-0.179213
-0.0261493
-0.123561
0.112483
-0.0168651
0.191811
0.00897445
-0.0878463
0.0598666
-0.104397
0.0185353
-0.265957
-0.0849829
0.0878083
-0.0957837
-0.021801
-0.0338955
0.095318
0.0479509
0.0385156
0.0127043
-0.0218811
0.141435
-0.0120643
0.0207746
0.0896642
0.058815
-0.0276956
-0.0978427
0.0778751
0.0721477
0.103733
0.0326542
0.012872
-0.0180764
-0.0592221
0.0552169
0.126623
-0.0330661
-0.0286157
0.0076678
0.0819879
-0.0450696
0.0523465
-0.11167
-0.0881877
0.0168386
-0.0547469
0.0314722
0.0462405
-0.0733102
0.252731
0.0974465
0.0235603
0.00621688
0.00967087
-0.0644131
-0.00884492
-0.0923248
0.0150528
-0.0583304
-0.00951451
-0.0171779
0.116917
-0.114642
0.0621696
0.00846573
-0.197426
0.018269
0.172916
0.111995
-0.0242262
0.0790333
0.0742816
0.0193148
-0.0040558
0.0532933
-0.00807338
-0.0263185
0.0269451
0.108266
0.0121142
-0.0320036
-0.0662957
0.14904
-0.0172277
-0.08306
-0.0467723
-0.00938077
-0.00013904
0.0945172
-0.0179559
-0.0269426
-0.0511831
0.127195
0.0463019
-0.0518644
-0.0243462
0.047811
-0.0205458
-0.0842007
0.0550418
0.0839112
0.0193432
-0.0415298
0.0262836
-0.131077
0.0509167
0.0225467
0.0852576
0.0447641
0
-0.0229344
0.0371233
-0.00663478
-0.00646976
0
0.0634327
0.00370299
-0.0808681
0.0644298
0.0456774
-0.00876276
-0.0942216
-0.086085
0.0420113
0.040445
0.0502092
-0.00212641
-0.00854394
-0.0752512
0.0107509
-0.0103424
0.0704835
-0.00737104
0.0485218
-0.0503485
0.0966259
0.0809556
0.0447673
-0.0396504
0.0884335
0.0487429
0.0128359
-0.0378018
-0.00118258
0.117831
-0.0140355
0.0363152
-0.0597841
-0.00394401
0.015311
-0.0273808
-0.0602404
-0.0565096
-0.0108378
0.124584
-0.0143766
0.0655723
0.0138611
-0.0149331
0.092968
0.024689
-0.0553779
-0.0496819
-0.0923462
0.0219168
0.00117626
0.0748972
-0.168746
0.0252638
0.0450985
-0.0505609
0.0404036
-0.0446505
0.0781305
0
0
0.0283197
-0.0427714
-0.00170158
0.0175908
-0.0620652
0.0717302
0.0396072
0.0469925
-0.00582558
-0.0269713
-0.0501809
0.0499861
-0.0169269
-0.202138
-0.221427
0.0324462
-0.0441907
0.0203913
0.0879074
0.0357512
-0.0128302
-0.137029
-0.0400103
-0.00262755
0.064601
0.0456724
0.0620835
0.0784559
0.0489395
-0.0403561
-0.0790587
-0.0434
0.0757601
0.00477653
-0.0212614
-0.0144675
0.174286
0.0508863
-0.00439183
0.0670761
-0.0144358
-0.0219052
0.0853905
-0.00674221
0.040579
-0.0642777
0.158582
0.0164618
-0.0536725
-0.0485076
0.114277
-0.0294869
-0.00851402
0.066765
0.0507007
0.00958453
-0.0485231
0.0397614
0.0580259
-0.0515408
0.0551268
0.00773378
0.027366
-0.0938324
-0.0905703
0.0937333
0.0522353
0.00937092
0.0847247
0.0217614
-0.0239433
0.0503731
-0.169064
0.170553
0.0674088
-0.0310672
0.0749272
0.050567
0.00460653
-0.00677325
0.114013
-0.0307649
-0.0119931
-0.0212352
0.0162338
0.01427
0.0237684
0.0668587
-0.0196409
-0.018264
0.0883618
-0.0187644
-0.0992156
-0.0914268
0.0362702
0.117398
0.118024
-0.049606
-0.0598359
-0.0234517
-0.0570417
-0.0279156
-0.043634
0.134091
0.00681824
-0.0940016
-0.0152574
-0.109054
-0.106193
0.0490714
-0.018103
0.0913535
0.0565532
-0.024006
0.0870553
0.116633
0.0228955
-0.00845269
0.0388293
-0.0149234
-0.0870939
0.0403329
8.98471e-05
0.0821707
-0.030612
0.0579615
-0.146245
-0.0437413
0.0580693
0.206113
-0.0491956
0.132618
-0.0487273
0.0460735
0.0605714
0.0430748
-0.131891
-0.101985
-0.0297414
0.0209318
0.0185857
-0.0818405
-0.0849769
0.0543633
0.0214424
-0.0656949
-0.166852
0.0157517
-0.0418864
0.118764
-0.0533423
0.0356234
-0.192905
0.0149219
0.225927
-0.0232187
0.0246342
0.122774
-0.0189373
0.0224766
-0.0032121
-0.0178042
0.0157217
0.133527
0.0174821
0.00518594
-0.0657407
0.0368762
0.067513
0.0663936
0.00144917
0.0604457
-0.0354372
0.0200138
-0.03749
0.0305345
-0.0480413
0.156783
0.0516152
-0.0577287
0.0497133
-0.0327534
0.0143677
-0.0273278
0.037834
0.040526
-0.0261655
0.00903227
0.0973583
-0.015926
0.0281488
0.0862015
-0.00256162
0.0235033
0
0.0353316
-0.0196472
0.0310464
-0.103958
0.0707203
0.0277337
0.104916
-0.00607994
0.0457824
0.013054
-0.0733665
0.0647294
0.00433313
-0.112201
0.0416847
-0.0946732
-0.111139
0.0643552
-0.118758
-0.0182943
-0.0328671
0.127472
0.175697
0.120271
-0.0216216
0.0376989
0.099546
-0.138523
0.00388823
0.0104336
-0.00412868
-0.0256523
0.149878
-0.084016
0.08576
0.0188155
-0.0125665
0.0712775
0.0298505
-0.0025483
0.0338447
0.102581
-0.013601
0.0332754
0.0379832
-0.173476
0.0831608
-0.111762
-0.0794383
0.0537393
-0.0236556
-0.0461385
0.0795388
0.107807
0.069549
0.0222238
0.022617
-0.00637866
-0.0189778
0.0252003
0.0157862
0.0526395
-0.021608
0.0278359
-0.111603
-0.0437484
0.0394893
0.125467
-0.0540091
0.0644047
-0.0738286
0.0358049
-0.00680888
-0.099371
0.0532439
-0.143366
-0.0313783
0.00793979
0
0
-0.0242361
0.132172
0.101655
0.0734601
-0.067581
0.0228103
0.0410153
-0.0556731
-0.0662402
0
0.05801
-0.104813
0.0550813
0.0809604
0.00828189
0.0345242
-0.0706174
-0.0667412
-0.230418
-0.105287
0.0516025
-0.341303
0.00316161
0.0523262
-0.238615
0.224896
-0.126254
0.166831
0.176697
-0.0548287
-0.243902
0.128003
0.0306362
-0.0314061
-0.0899302
-0.21093
0.0938037
-0.284699
0.167889
-0.114915
-0.211192
0.0181466
0.228864
-0.0853557
0.0767354
0.0702066
0.034168
0.0508789
0.0149401
-0.0432182
-0.0792703
-0.0025952
0.216101
0.183396
0.0382941
0.0213536
-0.142977
0.120177
-0.0302445
0.0414877
-0.133797
0.035098
-0.18891
-0.15362
-0.0274873
-0.0186247
0.264336
0.0110936
-0.0910915
0.210995
-0.00393699
0.0254392
0.111442
0.0785973
-0.0506048
-0.139846
0.151973
-0.0772383
0.135881
-0.162252
0.0268893
0.106004
-0.0860132
-0.00103394
0.119149
0.126299
0.0654189
0.0237117
-0.0229204
-0.0373911
0.0404238
-0.0889097
0.0607095
-0.00185111
0.0722031
-0.00462223
0.0289849
-0.0240213
0.0319546
0.043664
-0.0518591
-0.120028
-0.0865564
0.0277178
-0.0214091
0.124553
0.0436895
-0.0235723
0.0407955
-0.00955308
-0.0745591
0.160418
0.0411252
-0.115805
0.0245977
0.132035
0.0598784
-0.00308041
0.0113672
-0.0177877
-0.0317525
0.0887513
0.0639883
0.00114211
-0.00210666
0.0536447
0.0169524
0.0815841
-0.00205027
0.00724906
-0.1318
0.105303
-0.0114312
0.0284784
0.0519633
-0.0124735
0.0127721
0.0202574
-0.0249113
-0.0307896
-0.000299636
0.0237931
-0.099438
0.0397737
0.136294
0.0680952
0.00233224
-0.00198851
-0.0225149
0.0547242
-0.00443059
0.0598062
0.00238482
-0.0727246
0.0384551
0.000756853
-0.00266145
-0.0225163
-0.092453
-0.174204
-0.00789603
0.119978
-0.0895351
-0.139257
0.0781256
0.112937
-0.014057
0.0408428
0.0029856
0.0817567
0.0168873
0.0848416
0.0596848
0.0528363
-0.0256326
-0.0718789
0.0439469
-0.0156488
-0.0943127
0
0
0.149509
-0.0101627
-0.025986
0
0.149797
0.014623
-0.0250538
-0.116552
-0.0145892
0.0149282
-0.0939381
0.181842
0.0212211
0.0300401
-0.0435109
-0.053993
-0.0227425
0.0860616
-0.0780886
-0.00101439
0.113742
-0.0283383
-0.0641226
0.042858
0.0679023
-0.0398388
0.0781423
0.0404517
-0.00217601
0.0141828
0.0414638
-0.0593138
0.0526779
-0.0812806
0.0595775
0.0658122
-0.0208559
-0.0252307
0.044235
-0.0374096
-0.0419201
0.021147
0.0106274
0.06182
-0.274283
-0.168881
-0.137517
-0.0489126
-0.0790075
0.075916
0.0288334
0.149573
0.0222406
-0.0610167
-0.12132
-0.281673
0.201281
-0.00258466
0.176496
0.0590782
-0.00301552
0.222574
0.0514253
-0.118724
0.0277252
-0.0613636
0.124865
0.00229635
0.020357
0.134547
0.0365063
0.0227577
0
0
0.0698241
-0.0192445
-0.0307469
0.0868411
0.142357
0.0117075
-0.0581702
-0.0437298
0.17555
-0.0378137
-0.073655
0.083468
0.0221576
-0.070658
0.0209903
0
0.0525443
0.0267789
0.0411816
-0.00963216
-0.0677541
0.0310309
-0.0752195
0.0707892
-0.0211615
0.0616846
-0.0415405
0.0134445
0.117271
-0.0341369
0.00971415
0.0664694
-0.104979
0.0242704
0
0.025262
-0.0136188
0.0978255
0.0977336
-0.0421341
-0.0544251
-0.169582
-0.126641
-0.0114868
0.0889004
-0.0738309
0.042483
0.187611
0.145996
-0.0457649
-0.00662439
0.0405387
-0.126077
-0.0207404
-0.0183901
-0.0855559
-0.0473028
0.103427
0.0710348
-0.043549
0.0951776
0.0248527
-0.0718051
0.0722693
0.00952149
-0.121318
-0.0596975
0.156564
0.0548992
0.0329666
-0.0423489
-0.146698
0.11211
-0.172643
0.0840509
-0.15895
-0.116632
-0.250727
-0.0196293
-0.0127302
0.178874
-0.183899
0.121071
-0.139638
-0.0626427
0.174589
0.202344
-0.206133
-0.270011
0.224553
-0.142441
-0.0299332
-0.292863
0.230851
0.0386292
0.00426431
0.122478
-0.0014907
0.0301021
0.00547197
-0.167082
0.0547569
0.124508
0.113435
0.00332924
0.0657981
-0.207817
0.0487781
-0.222613
-0.062587
0.146154
0.0317316
0.0905948
-0.065334
-0.087391
0.188927
0.288704
-0.0529269
0.00959193
-0.0222656
-0.0730538
0.0816956
0.0561613
-0.0165779
0.0635626
0.0392909
-0.0122731
-0.00269171
0.0786872
-0.0437288
0.0263636
-0.0111809
0.0694471
0.00547511
-0.0921115
-0.0317755
0.0471414
-0.0483403
-0.020653
-0.125511
0.0507863
-0.0487205
0.125394
0.0635088
0.070088
-0.0190499
0.0599595
-0.167369
-0.0117616
-0.0392599
0.033045
-0.0158952
-0.0838441
-0.151872
0.0117432
0.0211263
0.0608076
-0.0852811
-0.0443625
-0.130921
0.118864
-0.192764
0.0317449
0.140634
-0.0717805
-0.0320475
0.227714
0.0582785
0.109702
-0.0531107
-0.0747813
0.162077
0.0105613
0.0715046
0.0430438
-0.0349281
0.0437697
-0.223329
0.031729
-0.16599
-0.00772478
-0.0181175
0.031012
0.160592
0
0
0
0.0456472
6.81102e-05
-0.0111763
0
-0.13844
-0.0133984
-0.146191
0.0300214
0.0276502
-0.0863039
-0.0487293
-0.0290916
0.0268731
-0.228571
-0.0790376
-0.104184
-0.175146
-0.759293
0.135799
-0.479355
0.625839
-0.0843914
-0.0308918
0.117751
-0.0544787
0.00920588
0.19496
-0.00080159
-0.39582
0.115125
-0.1631
0.00508077
-0.0623636
0.335774
-0.00144604
-0.013998
-0.209155
0.201859
0.0267092
-0.12375
0.0523839
-0.109378
0.164227
0.146435
0.00430514
-0.189563
-0.159204
-0.132407
-0.179287
0.203825
-0.183128
-0.113979
-0.0858659
0.169143
0.113177
-0.132632
-0.0920721
-0.385192
0.362933
-0.0821652
-0.0672029
0
0
0.354986
-0.0583654
0.111957
-0.0303298
-0.0357403
0.34004
0.117462
-0.0606379
0.0535262
0.0872552
-0.046996
-0.0911633
-0.047465
-0.155701
-0.0778974
0.0528931
0.155421
-0.0624317
0.221304
-0.102132
-0.0899818
0.0731502
-0.00422563
0.0858356
0.0535409
-0.0555441
0.0824035
0
0.136269
-0.0138071
-0.070155
0.0691994
-0.0412028
-0.141747
0.0291558
0.0114814
0.105258
-0.00674246
0.020861
0.0500182
-0.155677
-0.0739982
-0.00289964
-0.178782
-0.00246956
-0.0373054
0.0862605
0.0241748
0.0680207
-0.15297
0.0451606
-0.102981
-0.0439455
-0.236647
0.00177925
-0.0631343
-0.18439
0.0941586
0.0565217
-0.0841101
0.0641895
-0.134807
-0.0607892
-0.173959
0.00218853
-0.0667757
0.162802
-0.275551
-0.0777743
0.0374716
-0.180423
-0.0131887
0.128049
-0.168636
0.173918
-0.13613
0.165552
-0.179524
-0.263039
0.0575616
-0.231211
0.101402
0.252951
0.198984
0.0372327
-0.0230625
0.182496
-0.0976561
-0.0102897
-0.113197
0.034497
0.126926
0.00145505
-0.153225
-0.0828056
0.272397
0.0852252
-0.0345858
0.0330016
0.10849
-0.0256011
-0.241781
0.00622803
0.0320621
-0.0045443
-0.259846
0.0472394
-0.141685
0.193534
-0.0970761
0.0517193
0.00524515
0.181035
0.0184683
-0.00365526
0.153553
-0.139979
-0.283442
-0.275501
0.303859
-0.0704337
-0.0585877
-0.0616327
0.172063
-0.394658
-0.201109
-0.228134
-0.0596055
0.808486
-0.222998
-0.13269
-0.0639015
0.275917
-0.159191
-0.481126
0.0992667
0.0954876
-0.197015
0.347378
-0.818972
0.0364622
-0.663681
-0.246125
-0.820788
1.04376
0.251324
-0.670116
-0.617006
0.437401
0.316825
-0.0564398
-0.557794
-0.0241955
-0.496412
-0.173922
0.379233
0.545621
0.0507607
0.248929
0.0702837
0.540955
-0.162725
-0.642216
0.23521
0.0891295
-0.556877
-0.339361
0.120895
0.108425
-0.380029
0.106291
-0.404455
-0.306879
-0.273612
0.943859
0.0234988
-0.0507594
0.22555
0.00963304
-0.601703
0.283227
0.0651617
-0.00337678
-0.504911
0.839354
0.12783
0.0594411
-0.0409158
-0.271126
-0.0474062
0.176585
-0.0241071
0.0325105
-0.0338197
-0.192042
-0.0648985
-0.0198338
0
0
0.0456595
0.261101
-0.015758
0
0.356572
0.0665637
0.0975097
-0.155876
-0.0870016
-0.119806
-0.140613
-0.166933
-0.479184
-0.17906
0.104779
-0.128193
-0.231709
-0.0563654
-0.130438
-0.0566398
0.360755
-0.0096599
0.431786
-0.232493
-0.143887
-0.172423
0.207721
0.232652
-0.0196037
0.217525
0.0225461
-0.350039
-0.00110228
-0.236245
0.0600465
-0.156722
-0.341556
-0.00712525
-0.0171497
-0.50009
-0.100168
-0.0711998
-0.0620887
0.280372
-0.224707
-0.484363
-0.0963845
0.413536
-0.480688
-0.190822
-0.0400307
0.587646
0.0688419
0.15326
0.0349935
0.320768
-0.106131
0.0344294
0.100475
0.0556407
0.339191
0.0265939
0.101999
0.0361809
-0.178734
-0.523929
0.296562
0.126852
0.551453
-0.0803585
-0.08688
-0.0652203
0.0975573
0.275573
0
0
0.135912
-0.0690947
0.164571
0.175114
-0.39961
-0.0258621
0.185729
-0.115067
0.263585
-0.0109116
-0.160251
0.234328
0.173043
0
0.184327
-0.0496367
0.122689
-0.128797
0.231336
-0.117649
-0.0380821
-0.280424
-0.0160057
0.0448107
0.245017
0.150955
0.111508
-0.25842
0.0403522
0.0275353
0.114981
0.0445844
-0.106759
-0.00778894
0.345262
-0.0125406
-0.202416
0.0148477
0.064486
-0.139999
0.0445052
0.0865813
0.0851642
-0.0521113
-0.315047
-0.0223578
-0.175733
0.128093
0.0838492
-0.314958
-0.024614
0.272359
-0.0669604
-0.0517923
0.198075
-0.148905
0.198052
-0.332355
0.0287814
-0.138127
-0.0985263
-0.128226
0.0978901
-0.141015
0.275592
0.108103
0.333148
0.032383
0.0415165
0.126725
0.0768824
0.0350972
0.222664
-0.0117248
0.0719501
-0.1095
0.10527
0.207161
-0.0627639
0.135313
-0.011637
-0.104741
0.0711766
0.164714
-0.0467053
-0.15968
0.139613
0.064999
-0.13518
-0.248894
0.102439
-0.0293901
0.154319
0.30302
0.118467
0.0817285
-0.0437922
-0.0405281
0.0932769
-0.102101
-0.216475
-0.0442108
-0.0168055
0.162133
0.146551
0.00865336
0.122459
-0.0109257
0.0491073
-0.00749035
0.0484817
0.137218
0.0455889
-0.0283951
-0.0511482
0.0315948
0.0195533
-0.171239
-0.0221157
0.234417
-0.0230681
-0.0687245
-0.218798
-0.179001
0.108731
0.264915
-0.0473254
0.123491
-0.0188222
0.110999
-0.12183
0.246192
-0.0398309
-0.156228
0.184496
-0.0760499
0.0400894
-0.118651
-0.0556644
-0.179207
0.00123457
-0.202051
0.165337
-0.29196
0.0706447
-0.18502
0.18625
0.108518
0.00289923
0.232964
-0.0128399
0.0856483
-0.0142065
0.0212502
0.148423
-0.0659346
0.00553697
-0.167248
-0.0956562
0.22729
-0.0713674
0.0669154
-0.342218
0.112601
-0.120427
0.262848
0.0215316
-0.00625643
0.118174
-0.0485659
-0.163822
-0.109648
0.117086
0.0386096
0.0789242
0.0124013
0.13049
-0.119833
-0.0709371
0.189164
0.0669648
0.0398768
-0.00152168
0
0.0854967
0.0323375
-0.0867364
-0.00431616
0
0.176645
-0.0180426
-0.00896709
-0.00771148
0.0348869
-0.0252485
-0.111407
0.0051047
0.0378679
-0.166818
0.059748
0.0907003
-0.238069
-0.177752
-0.0928069
-0.104535
0.0725464
-0.143685
-0.181263
0.14327
0.0591012
0.130601
-0.0901575
-0.352573
-0.284
0.123304
0.0155268
0.118244
-0.0740466
-0.0216258
0.0349739
0.1367
0.151306
0.0579366
0.0540952
-0.0547431
-0.172641
0.0160278
-0.186485
0.162763
0.160806
0.0848627
0.0934706
-0.0230195
0.215481
0.00642726
0.00493056
0.0991008
-0.0470618
0.00904368
-0.0964141
0.122498
0.0869595
-0.0601194
-0.0543389
-0.0248761
0.0681578
-0.0226332
0.150891
-0.0242824
0.022247
-0.0265323
-0.0290248
0.160216
0
0
0.0368299
-0.049865
-0.109213
0.172616
0.0289871
-0.0467076
0.0660079
0.0153471
-0.211336
-0.0321231
0.147603
-0.122297
-0.171255
0.0705679
0.0986513
-0.374269
-0.178562
0.14094
-0.0398939
-0.0012781
-0.392403
-0.106991
-0.256653
-0.435276
0.984657
-0.10351
0.123136
-0.000940604
-0.482238
0.00538975
0.235764
-0.296128
-0.192334
0.0178858
-0.0619979
-0.276511
0.166736
0.345763
-0.0202544
-0.0145474
-0.0141082
-0.0176632
0.122917
-0.310641
-0.0929277
-0.0759009
0.180922
0.201578
0.112712
0.169684
0.121637
0.00894199
0.0344787
0.0325701
0.113528
-0.0808819
-0.151064
-0.222359
-0.0609341
0.148816
-0.430037
0.0662035
-0.214739
0.0147193
-0.0577713
0.278637
0.213701
0.120851
0.0552771
0.0182215
0.189914
0.00500315
-0.132863
-0.213903
-0.0417029
-0.0278228
0.0464799
0.279039
0.0181104
0.0878398
0.0950223
-0.0115619
-0.047762
-0.0392716
0.287675
-0.0113452
0.0216511
-0.0203387
-0.142893
0.170981
-0.0968502
-0.274664
-0.0121579
-0.0446444
-0.0386165
0.144963
-0.0330385
-0.198538
-0.116715
0.063565
-0.175537
-0.104347
0.0750443
0.0895898
-0.0525262
0.0243534
0.345918
-0.000294634
0.113671
0.0268008
-0.0964837
0.0939049
0.106734
-0.00729844
0.0883013
0.00502537
-0.0432437
-0.0349527
-0.098305
0.162952
-0.0290144
-0.150634
-0.0515719
0.195763
-0.0589686
-0.00616111
-0.0792792
-0.017489
-0.0547001
-0.117375
0.210793
0.0774212
0.0247176
-0.0052043
0.0153897
-0.0502025
0.230767
-0.015643
0.0195147
0.0318672
-0.0470812
0.0498872
0.107329
-0.029708
-0.00786741
-0.0529699
-0.0945884
0.056776
-0.00189789
-0.0290757
0.0852273
-0.107461
0.188224
-0.0287145
-0.027786
0.0787696
-0.15588
-0.0518219
-0.031095
0.0917677
-0.236876
0.0749582
0.185692
-0.0332575
-0.121334
-0.259653
0.0678506
0.0254569
-0.102109
-0.247843
-0.0713034
0.26386
0.216317
0.00359468
-0.0447739
0.117646
0.0576697
0.0768955
-0.00415475
0.0556289
0.0220394
-0.0690086
0.0133268
-0.0847285
0.0616502
0.132152
-0.0256151
-0.017823
-0.0090108
-0.12457
-0.00782189
0.0597651
-0.121065
-0.0507871
0.165515
0.0166796
-0.0367389
0.00878312
-0.0991419
-0.17012
0.128549
0.290768
0.126013
0.016381
-0.0335104
0.119498
-0.0744886
0.0125103
0.14629
0.0285733
-0.0716883
0.0337521
0.0737557
-0.119856
-0.00169269
0.178448
0.0195697
-0.0572886
0.0256723
0.0927693
0.0372756
-0.0358242
-0.0196127
-0.00433054
-0.0198254
0.0399416
0.103277
0.00855306
0.0112841
-0.183087
-0.0967706
-0.0956855
-0.0196137
0.120962
0.0935968
-0.0994612
-0.0823623
0.0352225
-0.0677886
-0.0604022
0.0476447
-0.0350649
-0.0868464
-0.0893755
-0.110637
-0.240985
-0.228729
0.235766
0.0231234
0.241282
-0.0210652
0.0399929
0.150799
0.00532544
0.0117746
-0.0131487
0.0872535
-0.0873222
0.177095
-0.0239239
-0.0165233
0.069296
-0.0262503
0.0705072
-0.0338298
-0.143055
0.0600106
-0.109959
0.00455732
-0.246553
0.0338266
0.220876
0.0507706
0
0
0.0647019
0.0749378
0.0927313
0.019679
-0.00784035
-0.0282896
-0.162526
-0.0866884
0.089669
-0.172498
0.125382
0.0115958
-0.0866294
-0.077259
-0.0460188
-0.110664
0.0619219
0.0809327
-0.127496
-0.211472
0.0250557
0.055428
-0.0606056
0.0696897
-0.0179632
0.16765
-0.120432
-0.160746
0.0234759
-0.0856257
0.0331057
-0.0812083
0.0942472
-0.165429
0.0051587
0.166819
-0.175784
-0.00322219
0.14362
-0.0801363
0.194529
-0.0247273
-0.232406
-0.0550055
0.0295966
0.0970339
0.187506
0.162734
0.0948262
-0.0190746
-0.068803
-0.0629232
0.0418521
-0.19317
-0.294426
-0.0577864
0.0795777
-0.0730456
-0.0741438
-0.200168
0.132923
0.180121
0.21061
0.0334542
-0.108427
-0.0111266
-0.169107
-0.00352736
-0.0834965
-0.292704
-0.188592
-0.186651
-0.348459
-0.155159
-0.37859
0.0320007
-0.631818
0.282357
0.406355
0.0740535
-0.00348526
0.0320101
-0.548914
-0.217798
0.112011
0.0756955
0.174471
-0.0987574
-0.119172
0.220609
-0.000714535
0.277212
0.0159294
-0.375745
-0.524382
-0.129773
0.335913
0.0567383
-0.423611
-0.386709
0.206523
0.226902
0.340868
0.0169645
-0.296964
0.209189
-0.197794
-0.501981
0.150583
0.27899
0.517629
-0.0795763
0.163136
-0.149271
-0.191858
-0.222976
0.413733
0.313291
0.0903509
0.22489
-0.0208335
0.239681
-0.168475
0.097953
-0.169505
-0.0392845
0.10037
-0.253433
0.28527
0.134112
-0.106557
-0.0380422
0.589783
-0.0589561
-0.318289
-0.54046
0.141315
0.241615
-0.243448
-0.0680917
0.119151
-0.236404
0.0245543
0.305238
-0.158204
-0.151115
0.0617433
-0.111646
-0.0272354
-0.347548
-0.109238
-0.189065
-0.0312393
0.100012
0.510147
0.0557012
0.42183
-0.0714432
0.123103
0.114138
-0.0536596
-0.0501529
-0.245514
0.235572
-0.317152
-0.0374357
-0.246582
0.0856735
-0.100145
0.00104411
0.266244
-0.0800583
0.126934
0.0760403
0
-0.00026197
-0.155239
0.163837
0.105321
0.228953
0.0828137
-0.168872
-0.146349
-0.0741162
-0.053216
0.263378
-0.0339665
0.027063
-0.0334767
0.100223
0.147412
-0.0250247
0.184021
-0.0332374
0.0594858
-0.0384528
-0.045125
0.160937
-0.0971211
-0.132199
0.0499453
0.221515
0.0297438
0.148201
-0.0289068
0.0248108
-0.00477418
0.0374162
-0.166221
0.0433603
-0.0130527
0.0227608
-0.0185018
0.123603
0.118212
-0.0340935
-0.0893181
-0.0434448
0.062046
-0.0422098
0.0264665
-0.0302475
0.144447
-0.00981389
-0.0642238
-0.347243
0.0703469
0.214883
0.0068785
-0.00389591
0.165034
0.0700368
0.0742154
0.0550915
0.000460059
-0.122701
-0.0351076
-0.146576
-0.0189491
0.0570155
-0.0578867
-0.113624
-0.177561
0.0995542
0.0960144
-0.17016
-0.249198
-0.024713
0
0
-0.301291
0.0850551
0.0463611
-0.261571
0.0421539
0.282181
-0.167037
-0.187192
0.115756
-0.291674
0.173335
0.168574
-0.000947133
0.0914141
-0.161665
0.00112722
-0.0712642
-0.0140254
-0.170925
0.153376
-0.20792
-0.0469773
0.0972507
0.0318087
-0.236026
-0.106287
-0.0152962
-0.131554
-0.0103458
0.0254724
0.196598
-0.271805
0.104742
0.0247778
-0.0647366
0.057518
-0.206392
0.0130339
-0.240149
0.0496671
0.0400839
0.238684
0.0249953
0.00382554
-0.0289612
0.0265354
0.000559848
0.0219493
0.15254
-0.118013
0.194647
0.0430372
-0.0366243
-0.0574983
-0.259886
-0.0129618
0.17543
-0.0369631
0.484454
0.120086
0.122928
-0.0346224
-0.119593
-0.218616
-0.0340546
0.0623749
0.0195184
-0.0814444
0.138533
-0.0316113
-0.00537454
0.149712
0.0773905
-0.286906
-0.262749
-0.128244
0.0350297
0.417099
0.22047
0.168396
-0.0625373
0.0328819
-0.304674
0.471275
0.112074
0.16911
-0.0326731
0.019551
-0.0568695
-0.0300051
0.0673648
-0.00781462
0.10698
0.0608761
-0.0211023
0.0966398
-0.151894
-0.0965205
0.0208085
0.112704
-0.080344
-0.0323603
-0.125797
0.152382
0.0916016
-0.108701
0.0216057
0.334817
0.0539149
-0.0397464
0.114508
0.0279163
-0.0844951
0.19986
-0.0424478
-0.117464
0.0557307
-0.0571798
0.0937609
-0.0747428
0.0413158
-0.276157
0.0301324
-0.208865
0.179893
-0.0209118
-0.0044524
-0.0270377
0.18123
-0.139719
-0.0960493
-0.0636672
0.123555
-0.0725967
0.0647129
0.249485
0.0857026
0.0169517
-0.124893
-0.0439159
-0.212345
0.0509612
-0.0287495
0.0508884
-0.069388
0.148757
-0.0492069
0.120021
0.0522731
-0.116412
0.0723051
-0.226688
0.000121011
0.00278285
-0.0254374
0.0790072
-0.0817567
-0.0448668
-0.140928
0.275851
0.0575845
0.0400056
0.0609723
0.0861729
-0.0569071
0.00365712
0.0133195
0.135908
-0.0249761
0.0275709
0.0327458
0.00486212
0.0435762
-0.00783895
-0.0205873
0.107318
0.0240181
-0.010194
0.0109543
-0.00962243
0.0587689
0.0422409
0.0135893
-0.0271594
-0.00966107
0
0
0.0430256
-0.125219
0.0345065
0
0.281737
-0.0370626
0.0300523
-0.0510278
-0.0152589
0.0553556
0.00694411
0.03509
-0.00968167
-0.0501039
0.00351583
0.0604635
-0.0344109
0.0626908
-0.0364851
-0.0310416
0.0540578
0.0776278
0.00116604
0.0173651
-0.0625756
-0.10723
0.0262329
-0.318325
0.0987048
-0.128538
-0.0745123
0.123868
-0.029279
0.0994803
0.0302694
-0.0812897
-0.0765248
0.00531355
0.173218
-0.0830522
-0.232151
0.193065
0.0825842
-0.311531
0.159659
0.0825865
-0.0639966
0.0115726
0.238527
-0.0116728
0.0408138
0.139975
-0.0369712
-0.0252644
-0.0262897
0.146697
-0.0693917
-0.0745696
-0.124634
0.137304
-0.0926424
-0.00838678
-0.121518
-0.0308484
-0.109108
0.0441519
0
0
0.210347
-0.153383
-0.0668388
-0.138862
0.0153444
0.0226835
0.252983
0.0476392
-0.153965
-0.0333195
-0.0588843
-0.216209
0.00786848
0.0766377
0.0327985
0.302167
0.146025
0.0087303
-0.0778795
0.125724
-0.0198181
-0.000958748
0.0263689
0.163357
-0.0477314
0.0672515
0.0559628
-0.0412395
0.0434658
-0.0282241
0.0654585
0.0497752
-0.0102559
0.0401445
0.0230749
-0.0100954
0.0472364
-0.207535
-0.0450816
0.110483
0.145167
-0.175481
0.0453298
-0.106163
-0.0793859
0.0289274
-0.169701
-0.122998
0.177291
-0.0171949
-0.134012
-0.0623586
-0.0180548
0.0210545
0.131734
-0.00651415
-0.0629539
-0.370145
-0.143969
-0.148778
0.124784
0.231017
0.0652925
-0.0661378
0.0766672
-0.0743236
-0.125399
0.290516
-0.192775
0.209047
0.0500096
-0.0166421
0.0809212
-0.0240843
0.0440917
-0.0787703
0.0608512
0.133746
-0.00669837
0.0339241
-0.00917718
0.107213
-0.04355
0.00609239
-0.000838851
0.063553
0.0323482
0.145212
0.00839912
-0.00683264
-0.065359
0.013106
0.0799816
0.0309792
0.00541328
0.0510166
0.0367776
-0.0570331
0.0647088
-0.10892
-0.126068
-0.0481793
0.135104
0.0487021
-0.0162904
-0.259155
-0.024254
0.0570815
-0.134827
0.191873
-0.0750441
0.0179257
0.0575149
0.104777
-0.0182444
0.187944
0.042136
-0.0047856
0.0175941
0.095562
-0.0127558
0.0619671
0.0933435
-0.0307331
-0.0714492
0.0568854
0.0151104
-0.0149051
-0.012495
-0.0901169
0.136867
-0.0502793
-0.0556318
0.0898396
-0.0180129
-0.0675893
0.004752
0.220228
0.0163871
0.0114584
0.089833
0.0360136
-0.0166285
0.0758479
-0.0153746
0.0563677
-0.0943775
0.0719936
-0.0146869
-0.0411457
0.094193
-0.0326694
0.0892512
-0.051666
0.0295748
-0.0828595
0.0672324
-0.0440045
-0.0265553
0.0588726
-0.0596305
-0.0446181
0.107065
0.00275039
0.0872585
-0.104822
-0.00606907
-0.00978387
0.038162
0.054726
-0.0330217
0.0651886
0.0316434
-0.0187084
-0.0305328
-0.208016
-0.0736644
-0.129827
0.09024
0.0292531
-0.0934871
-0.0458688
-0.0653231
-0.0211964
0.192695
-0.125024
0.112662
0.186348
0.0601936
0.0704548
0.00641298
0
0
0.124479
-0.0336108
0.0259906
0
-0.159091
0.0472748
-0.0171561
0.135275
-0.000964379
-0.0657969
0.044847
0.025064
0.0243602
0.15658
-0.058744
0.0123725
-0.00294898
-0.000285431
-0.00574207
-0.109089
-0.289283
-0.044946
0.079231
-0.0897519
0.0524944
-0.044163
-0.167286
-0.00496081
6.75105e-05
0.161656
0.0915818
-0.0196343
0.145838
0.0577127
0.00988238
0.0679107
-0.000480926
-0.0047143
0.0107723
0.00253108
0.0322392
0.0815399
0.000538419
-0.0294656
-0.0421765
0.0454794
-0.30709
0.266044
-0.0011479
0.027259
-0.157764
-0.00814467
-0.000776028
-0.0879835
-0.150931
-0.0494674
0.147182
0.0802233
0.00848765
0.0406796
0.0245417
-0.14174
0.142224
0.107697
0.0114305
0.122675
-0.0341963
0.0779469
0.00348301
0.0603986
0.0732322
-0.138275
-0.0261172
0.0161309
-0.0944819
-0.115866
0.0481106
-0.128716
0.153242
0.052581
0
0
0.138087
-0.0744083
0.0434826
-0.133846
0.0584171
0.134412
-0.0321208
0.000844139
-0.0651452
-0.0207901
-0.0680266
0.0313181
0.140261
-0.0632712
0.0716003
0.0149873
-0.00423531
-0.148113
0.0299877
-0.00889222
-0.0188512
0.0729021
0.00172557
0.0489759
0.115184
0.0119975
0.00603958
-0.00486835
-0.000184921
0.00985768
-0.0208358
-0.00960029
0.089532
0.0830019
0.0332751
0.0258043
-0.0748464
-0.0146348
-0.00438548
-0.0654622
0.0425594
0.0118086
0.107978
-0.0375993
-0.0600767
0.00679113
-0.099433
-0.0589625
-0.0165299
0.00120816
0.0939431
-0.0198435
0.114645
-0.0587787
-0.121668
-0.145093
0.0586148
-0.165294
0.0204831
0.0908422
-0.1013
0.154769
-0.141872
0.020215
-0.0861736
0.164903
0.0122525
0.0840147
-0.140986
-0.0108406
0.0596975
-0.0670153
-0.170958
-0.138785
-0.00686957
0.0056653
-0.0713102
-0.123665
-0.0201006
0.134549
-0.0783687
0.106581
0.0065093
-0.0808977
0.13077
0.0572954
-0.0246493
0.132282
-0.0837535
0.213834
0.100802
-0.00966835
-0.0943882
0.0258479
0.00762483
0.0164901
0.120487
0.179836
-0.00610454
-0.0235679
-0.0678956
-0.00391396
-0.0197472
-0.00831167
-0.0104225
-0.0308983
0.0486441
0.10426
0.00574518
-0.0482948
-0.159517
0.11808
-0.129378
0.0537849
-0.101866
0.121569
-0.0960915
-0.281412
0.0863816
0.0169004
-0.18188
-0.0938493
-0.0356314
-0.168882
0.022772
0.00890102
-0.368038
-0.0620754
0.300148
-0.118652
0.216811
0.0569002
0.118194
-0.0458627
-0.104592
0.123647
-0.0453243
0.0445009
0.251818
-0.100071
-0.157216
0.187084
0.0340028
-0.120482
0.0963719
0.03223
-0.186257
0.0311266
0.0104303
0.0807194
0.11484
0.00864894
-0.0671774
0.292282
0.0545747
0.0448908
-0.000216979
0.0582292
0.0185041
-0.0555845
0.0168128
0.0288927
-0.175405
0.266316
-0.0900798
-0.265881
-0.0374423
0.0258635
-0.294861
-0.279082
0.222423
0.00655525
0.328047
-0.039682
0.0432961
0.118349
-0.0244938
0
0
0.0016013
-0.155735
0.0333632
0
-0.0222404
-0.377484
-0.0505054
0.0625717
0.35152
-0.298437
0.134748
0.159797
-0.142012
0.216719
0.141143
0.0581026
0.0742987
0.0761672
0.160552
0.178672
0.0933677
-0.122886
-0.0404663
0.0382422
-0.0606552
0.0555528
0.12992
0.00395332
-0.0192542
-0.0317315
-0.149456
0.105128
-0.0266084
0.12801
0.0873396
-0.0415354
0.0149598
0.0792561
0.0640796
0.00702146
0.0828808
0.077887
-0.0150094
0.0931897
0.0670764
-0.0220025
-0.117589
0.0962637
0.096562
-0.00163077
-0.0203102
-0.119903
0.228061
-0.0225488
0.0408084
0.137284
-0.0937544
-0.00991734
0.00602241
0.149635
-0.0728073
0.0869677
-0.127601
-0.0387554
0.0251469
0.131691
-0.0819379
0.0472461
0.00102286
0
0
0.142841
-0.0694685
0.104089
0.0920445
0.0314432
-0.116245
0.0501314
-0.137204
-0.209198
0.119021
0.0036034
0.0137294
-0.0717025
0.0433901
0.153609
-0.149678
-0.268164
-0.00420313
0
0.0478719
-0.240641
0.032289
-0.0051165
0.258893
-0.0689318
-0.14258
-0.0552305
0.136398
-0.0812515
0.0450974
0.223984
0.0352462
0.0142156
-0.0260049
-0.0647077
-0.0992763
0.174117
-0.0877067
-0.221376
0.0119231
-0.0368506
0.0613797
-0.076861
-0.131243
-0.119514
-0.0332703
0.199598
0.0718528
-0.139314
-0.186438
0.0464877
-0.0736036
0.0630598
0.0154932
0.397876
0.0828026
-0.0415094
-0.000110775
0.0289259
-0.430149
-0.129405
0.208025
-0.0949209
-0.0622449
-0.224956
-0.213271
0.10061
0.274281
0.313114
0.173113
0.046571
0.0461344
0.143942
-0.0165243
0.044149
-0.105311
-0.0339945
-0.00258589
-0.0957622
-0.24435
0.116058
0.0600874
0.0230748
0.0470459
0.0959365
-0.0443575
0.157458
-0.0225453
-0.0839558
0.101577
-0.191374
-0.341007
0.0906791
-0.0716982
0.0196597
-0.00720692
-0.189285
-0.22515
-0.32187
-0.550304
0.45982
-0.148013
0.341194
0.0176935
-0.0517372
-0.250541
0.0317178
0.22023
-0.278577
0.0555642
0.111541
0.111136
-0.150485
-0.103604
-0.0387205
0.100201
0.136826
0.0122934
-0.307177
0.0864714
-0.347181
0.0128004
-0.198881
0.306
-0.23965
-0.0315687
0.231018
-0.102501
0.0621385
0.325612
0.0926614
0.0195766
-0.00446418
0.0782983
-0.00917256
-0.0805432
-0.0926584
0.14693
0.0803234
0.0217532
-0.0500019
0.0505826
0.244166
0.214497
-0.0327758
-0.0988587
0.117847
-0.0225328
0.0141694
0.0474848
0.0237888
-0.0102298
0.0241917
0.0599218
-0.144777
0.0205735
0.066979
-0.177649
-0.0801682
0.00470037
0.263319
-0.0581652
0.0494417
0.0102009
-0.0208475
-0.104044
0.152688
0.105048
-0.0275631
0.0499183
-0.0767529
-0.0316049
-0.36798
-0.037728
0.0880597
-0.18851
-0.0616002
-0.0221164
-0.206274
-0.201727
0.320585
0.0162447
0.182174
-0.139331
-0.147398
0.00407634
0.222621
-0.00672637
0
-0.0855537
0.175905
-0.0796701
-0.0624211
0
-0.319541
0.0417799
-0.12249
-0.175583
-0.167407
-0.0197329
0.122027
0.0272416
-0.160803
-0.23935
-0.0580517
0.152474
-0.333985
0.210528
0.265772
-0.0711373
0.10294
0.0349884
-0.212697
0.218018
-0.0793924
-0.231591
-0.188841
0.0298866
-0.0895819
-0.332696
-0.176292
0.190213
-0.397537
0.27891
0.278049
-0.0445967
0.267406
-0.00887298
-0.0835911
0.216582
-0.159865
-0.235275
0.200721
0.178216
0.0564776
0.170448
0.0855696
-0.0307208
0.0809231
-0.0536773
-0.0633563
0.0470907
-0.151666
0.3409
0.0589708
-0.0804331
-0.0168373
-0.0620789
0.0546302
-0.0360152
0.00806557
-0.0289154
-0.184741
0
0
0.0605516
0.12971
-0.12951
-0.173379
0.0304283
-0.245816
0.0655552
-0.130742
0.139743
0.0419794
0.0608901
0.324708
0.0710489
-0.0213239
0.0316751
0.158526
0.0944135
0.0291379
-0.0335939
-0.0750953
0.0117649
0.02924
-0.015985
-0.316002
0.0144865
-0.194452
-0.119908
0.00544301
-0.0119445
0.0644532
0.0779811
-0.0750044
-0.0721299
0.0718594
-0.0177386
-0.0451654
0.0622275
-0.12666
0.146023
-0.0991681
0.25978
0.169577
0.0313397
0.0236435
0.0373836
-0.086228
-0.080987
-0.0161709
-0.120404
0.0145013
0.12839
-0.0690711
-0.102284
-0.264145
-0.199811
-0.199416
0.117709
-0.0389409
0.105391
0.32361
0.0827723
0.036901
0.197973
-0.901099
-0.287403
0.224455
0.262981
0.114309
0.0637463
-0.0725818
-0.173852
-0.184819
0.0675996
0.206162
0.165327
0.1654
-0.0249165
0.125417
-0.0149281
-0.0320931
-0.06146
0.121567
0.00518917
0.0125911
0.00333028
0.0190856
0.0688484
-0.11191
0.0827958
-0.0787172
-0.205411
0.0140253
0.0728346
0.140096
0.0309236
0.153893
-0.0354519
0.100767
-0.0134231
0.0056143
-0.100482
-0.1189
0.049399
-0.0908869
-0.0264145
0.112058
0.0495143
-0.0697102
0.0755916
-0.0394751
0.10698
-0.025174
-0.0186736
0.204198
-0.0067561
-0.0243989
0.0697849
-0.0262988
-0.0988807
-0.132938
-0.127196
-0.033335
0.029872
-0.130379
0.112001
-0.0116295
0.0582476
0.23041
-0.0637083
-0.187849
-0.0169505
0.0679981
0.0015712
0.03557
-0.0124651
0.102854
-0.0106345
-0.0155427
-0.069776
0.116595
-0.0497652
-0.041999
-0.110279
0.167164
-0.0545916
0.126395
0.0293302
0.067476
0.00331477
0.0525318
-0.0208695
-0.0208482
0.0135903
-0.0192395
-0.0782139
-0.105621
-0.14319
-0.02244
-0.0639676
0.183613
0.046911
0.108098
-0.0317883
-0.0545371
0.032225
0.0325806
-0.0768921
0.0508558
-0.0691453
0.0401071
0.0373851
-0.040122
0.0278622
0.0255544
-0.104136
0.0714098
0.0433168
-0.0678332
-0.0524305
0.123999
0.156044
0.132887
0.137644
0.0368147
0.00490882
0.116847
-0.0775388
0.117715
0.0291905
-0.00426571
0.0659606
-0.0264421
-0.0037919
0.0136319
0
0.0139184
0.000579511
-0.0212504
0.0571754
0.0550069
0.0191736
0.00753859
-0.00316552
0.0141617
-0.0368017
-0.00834444
0.00523121
-0.0644162
0.113871
-0.0900764
-0.0288469
0.027238
-0.0111477
0.0276489
-0.0803354
0.0259056
0.135057
-0.0211278
-0.0477165
-0.123698
-0.0986856
0.0870321
-0.016307
0.0597545
-0.10689
-0.0080321
0.0071983
0.122012
-0.0212564
0.104623
0.0110672
0.0446884
-0.0381929
-0.00673731
0.0108138
0.081002
-0.000179678
-0.0159143
-0.0899969
0.0157559
0.0311062
0.210416
-0.0162069
0.0550376
-0.0469162
-0.00691022
0.0132846
0.0596221
0.0186928
-0.00228345
-0.047132
0.0290509
0.0894699
0.0245341
-0.0317461
-0.0228918
-0.0260426
0.0916071
-0.0232878
-0.0203741
0.080931
0.0293934
0.0181404
0.0554243
-0.0802715
0.0250769
-0.0261136
0.0488069
0.0178373
-0.0440353
-0.029926
-0.00441014
-0.0585535
0
0
-0.11222
0.0328221
0.0555021
0.000697644
0.390807
0.016144
-0.0124269
-0.0431812
-0.0103891
0
0.0521731
0.0224441
0.115414
0.0848404
-0.0456931
0.019119
-0.00915718
-0.0610515
0.0384792
0.011979
2.74583e-05
-0.157917
-0.0632711
0.0693504
-0.0292593
0.0515928
-0.0234208
-0.00577312
-0.0154392
-0.000195586
-0.0496628
-0.0186346
0.0349079
0.0692852
-0.0342194
-0.0711272
-0.0150359
0.0422905
0.0620706
-0.11815
0.0392013
-0.0301759
-0.0613354
0.0521125
0.100233
-0.0529955
-0.0177372
0.00396618
-0.0340309
0.0508907
-0.0660277
-0.00740739
-0.183735
-0.0851997
0.144024
-0.0354024
-0.00304691
-0.0471151
0.00514013
0.0409687
-0.0391212
0.145424
0.0357799
-0.00535884
-0.0272355
-0.107706
0.0619005
-0.00225722
-0.137475
0.00422889
0.058816
0.0506841
0.00558393
-0.0730084
-0.0531149
0.0809331
-0.0520997
0.020359
0.117699
-0.00459134
0.028
-0.135109
-0.10116
-0.079534
0.129271
0.0325494
0.0652419
-0.0650686
-0.0461495
-0.0655066
0.0932103
-0.0492007
0.0177239
-0.0179566
-0.051082
-0.0963697
0.045613
0.0520427
0.0652846
-0.0404431
-0.0266245
0.0377554
0.0402822
8.70152e-05
0.136833
0.0495738
0.0300752
0.00947569
-0.0310422
0.0317795
0.0125816
-0.0159564
0.0397445
0.00516875
-0.0101989
-0.00404287
0.0529928
0.0237961
0.0871977
0.0217852
0.00843458
-0.0300529
0.0516895
-0.0283226
0.0199062
-0.0324859
0.0238684
-0.00512968
-0.00274615
0.00477061
0.00415856
0.0328748
-0.0486588
0.00835279
0.0104797
0.00504186
-0.0534008
0.126553
0.0412379
0.0272066
0.0320878
0.0636249
-0.0232867
0.00314416
-0.0206177
-0.0642683
-0.0101999
-0.11707
-0.0520105
-0.0536811
-0.0508773
-0.0300193
0.0536671
-0.048761
0.0392468
0.050163
-0.0466819
0.0264061
0.0256106
-0.048172
0.0544806
0.0178995
-0.0558114
-0.119424
0.137028
-0.0158113
-0.0252379
0.032405
0.0511406
-0.0257609
0.0505113
-0.0517956
-0.0715332
0.0121123
0.136377
-0.0756437
-0.0828892
0.0509026
-0.0488198
0
0
-0.00906588
-0.0731082
-0.0579091
0
-0.0393758
0.0562567
0.1667
0.107992
0.0244183
0.0177365
-0.0360585
-0.0404993
0.0481975
-0.00221471
0.0282009
-0.0255156
0.0224782
0.0774697
0.0443239
0.0191071
-0.0794754
-0.0359394
0.0474336
-0.0119883
-0.100114
0.00703987
-0.0888877
-0.152299
-0.127136
-0.243986
0.174033
-0.226069
-0.153092
0.126259
-0.0814411
0.0861309
0.0585847
0.109061
-0.0556289
0.0797623
-0.0143331
0.00533361
0.0275553
0.0629144
-0.0148818
-0.0552996
-0.116408
-0.221339
0.0915266
0.0075672
0.0579047
0.105794
0.0212473
0.0261021
-0.0941293
-0.0187675
0.0680374
0.0679267
-0.124735
0.0508017
-0.0324081
-0.156614
-0.150825
-0.0588435
0.115926
0.0430192
0.0903969
0
0
-0.043438
-0.0196792
0.264701
-0.0639073
0.0197862
0.0698319
-0.0556101
0.0706912
0.0116948
-0.020206
0.106578
0.0372518
-0.0122967
0.021774
0.05383
-0.00620734
-0.0716054
0.0577816
0.0363
0.0502885
-0.000735213
0.0494497
-0.0696609
0.0606524
0.0382303
-0.0177196
0.033279
-8.40401e-05
-0.0117445
0.000617002
-0.0040673
-0.00404089
0.0819847
-0.05141
-0.00333038
0.0410067
-0.127452
-0.0567985
-0.0181893
-0.0935131
-0.157728
0.037995
-0.100879
0.136704
0.0463088
-0.0369025
0.0116514
-0.00303442
-0.036108
0.0950419
-0.0133414
0.0114448
0.13573
-0.0628261
-0.110075
-0.0908445
0.0125093
-0.105479
0.111292
-0.212582
-0.00145445
0.0839811
-0.0934847
0.0889799
-0.0691216
0.100701
0.0166902
0.0843146
0.0219758
0.0345929
0.0371228
-0.147806
0.0673868
0.0262318
-0.0158178
0.0243826
0.0794521
-0.0386389
-0.0334985
-0.017298
0.0843554
-0.0427518
0.116974
0.050935
-0.0422474
0.0374549
-0.0462279
-0.114697
0.0379481
0.00258409
0.0603064
-0.0307804
0.00151694
-0.196093
-0.0485668
-0.000703903
-0.148809
0.0548643
-0.0136879
0.0612716
0.0528704
0.024942
-0.00269028
0.0238947
0.0830112
-0.0244511
0.0247983
-0.0730062
-0.111638
0.00615803
-0.105503
-0.131058
-0.0595019
-0.00786122
0.0482232
0.00718931
0.0450119
0.0212604
0.0327928
0.00442402
0.0368406
0.0300282
0.102073
0.0810373
-0.0595507
0.0273491
0.0390199
0.0483515
-0.147732
0.0439138
-0.0739955
0.0485396
-0.0896687
-0.0879988
-0.107556
0.036402
-0.166623
-0.17823
-0.0461616
0.0498379
0.145247
-0.0438742
-0.0975735
-0.00239785
-0.0647723
-0.15527
-0.0338369
0.10825
-0.0936938
0.0637222
-0.0247538
0.158815
0.0209319
0.0317826
0.0092043
-0.0309738
0.120059
-0.0264044
-0.0250808
-0.110251
0.0957804
-0.0605273
-0.0470632
-0.0300422
-0.0643742
-0.141039
0.120704
-0.0867441
0.0336533
0.112522
-0.019845
0.00590398
0.0185102
-0.00324548
0.131058
-0.0803847
-0.122976
-0.336786
0.0412485
-0.136748
0.126247
0.170854
0.0135045
-0.0630807
-0.0940515
-0.0770674
0.0369367
-0.169617
0.00183313
-0.0898173
0
0
-0.123227
0.16601
0.0497333
0
-0.0274914
-0.129528
0.290823
-0.0270266
0.0699673
0.0499578
0.0178654
-0.0185168
-0.0485208
0.0420367
0.0298441
-0.0256078
0.211378
-0.0314697
-0.0393404
-0.00215263
0.0454602
0.117434
-0.0824382
0.0513458
0.0263493
-0.00730877
0.0369321
-0.0186859
0.156236
-0.00712531
-0.194836
-0.0481677
0.0951885
0.0791023
0.0363516
-0.0617384
0.182417
0.0109158
-0.0165942
0.0617953
0.0129078
0.0209665
0.028883
0.0283439
-0.0199328
0.0470748
0.0418737
0.0151451
0.0303117
-0.00757683
-0.0476972
-0.0766032
0.0632664
-0.00148296
0.0588468
0.0557501
0.130945
0.00549157
0.0619693
-0.108003
-0.0147779
-0.184836
-0.0158941
0.0575529
0.00755845
-0.00526924
0.0941853
0.099955
0.0304377
0.1167
0.0185242
0.0160827
-0.0273327
-0.0608
0.0217192
0.0311663
0.0362915
0.00762508
0.0373166
0.0414057
0.0616316
0
0
0.0131942
-0.00348249
-0.0306239
0.0242838
0.00436996
0.0361431
0
-0.0733631
0.0387619
-0.113505
-0.180043
0.0472251
-0.196668
0.0308116
-0.120537
0.13044
0.0634061
0.154685
-0.0376446
-0.164409
0.0495243
0.000620088
-0.177308
0.0703817
0.0397335
-0.0452264
-0.153614
0.0614879
-0.114329
0.0601462
0.100307
0.0193603
-0.00461191
0.119017
0.0238587
0.0431673
-0.0426358
0.0114208
-0.0334137
0.0118893
0.203866
0.00524061
0.038655
-0.00334535
-0.0327917
-0.0324931
-0.00409449
-0.00165569
0.0905434
0.0685673
0.0296621
0.092643
0.00993679
-0.0457289
-0.0119687
-0.0398379
-0.0234765
-0.0136891
0.0025735
0.0131146
0.0545023
-0.0563298
-0.0536911
-0.00761165
0.027948
0.122318
8.49164e-05
-0.0646029
0.040713
-0.00252552
-0.173856
0.0115445
0.0666393
-0.331832
-0.19498
-0.0583712
0.0555317
0.195627
-0.124131
-0.0215907
0.0915965
-0.20603
-0.0180173
0.140054
0.119764
-0.0564336
0.132424
-0.0627019
-0.117534
0.0436625
0.0643818
-0.0151132
0.135614
0.0451296
0.016853
-0.0344361
0.0875788
0.0976718
0.0300578
-0.000486395
0.0113526
0.0508282
0.0624747
0.0317395
-0.0895804
0.00798328
0.019236
0.0695133
0.0526107
-0.0968445
-0.0139199
-0.0539953
0.0543633
0.0387112
0.0662516
-0.144478
-0.302812
0.0118875
0.085489
0.0709173
-0.111473
0.0851363
0.0915753
0.215074
-0.0383376
0.118493
0.00166715
-0.0295776
-0.0256975
0.0575809
0.0131577
0.00574066
0.040065
0.00913601
0.00278606
-0.00993408
-0.00497074
-0.0439604
0.0534855
0.11379
0.0308102
0.0331828
0.0485166
-0.0189838
-0.0076523
0.041517
-0.0342702
-0.0289376
0.0616183
-0.0180408
-0.0225901
-0.0343611
-0.0114619
0.0207955
0.0550644
-0.00574648
0.0196808
-0.0225688
-0.00242979
-0.209878
-0.0433014
0.134866
-0.032539
0.120457
-0.0547491
-0.00108933
0.042586
0.051124
0.0664749
0.111065
-0.0730515
-0.0167818
0.000454657
0.0994988
0.000264788
-0.00601241
0.0208558
-0.089766
-0.00886087
0.127589
-0.0525203
-0.0554089
0.0179186
0.0353435
0.0616245
-0.0167691
-0.0260001
-0.0127076
-0.0156949
0.0137344
0.0899985
-0.0242662
-0.0261197
-0.0511451
-0.0877629
0.112588
-0.271761
0.111883
0.0459791
-0.122741
-0.136042
0.0557643
0.192092
0.121331
0.0730023
-0.0184902
-0.013989
0.0857333
0.0744509
-0.019971
-0.015011
0.031972
-0.0435122
0.0743733
-0.10978
-0.0592916
-0.409275
-0.209052
0.0144612
-0.346258
-0.372696
0.0280131
0.098767
0.143071
-0.167984
-0.398831
-0.882478
-0.167151
-0.0153381
-1.32405
0.15899
-0.53881
0.321779
-0.58874
0.282091
0.37753
-0.25015
0.883425
0.308369
0.168703
-0.427328
0.134579
0.0766503
-0.390011
0.0305097
-0.0953015
0.487295
0.218275
-0.022421
0.144569
0.0858791
-0.382656
0.0147672
0.266477
0.0731315
-0.414595
0.154849
0.0617512
-0.153283
0.256623
0.171895
0.215995
-0.230091
-0.388078
0.208813
-0.11242
0.128715
0.0950478
-0.0841186
0.00156035
-0.258674
-0.180662
0.0378599
0.496989
-0.0319892
0.136222
-0.127957
0.00168662
0.224212
0.0933586
0.171434
0.14121
-0.144095
0.0904688
0.260078
0.344027
-0.0242526
0.369048
-0.0533289
-0.136326
-0.0816403
-0.463374
0.0291189
-0.055134
0.333153
0.0756082
-0.0532749
0.0589049
-0.0841992
0.174731
-0.316303
0.0710522
-0.0458971
0.0865424
0.00634077
-0.0173926
0.279897
-0.077739
0.167513
-0.0853475
-0.107361
-0.0761238
0.106903
0.16184
-0.0857698
0.169626
-0.0381401
0.000742837
0.0673387
0.050076
-0.102095
0.00290693
-0.182119
-0.0243433
0.0021797
-0.0102972
-0.282609
-0.106166
0.230322
0.018485
0.0432032
-0.0860076
0.0377636
0.0216819
0.219705
0.0927822
-0.0606322
-0.113721
0.00242025
-0.0491549
0.0846952
-0.132413
-0.0435586
0.218442
-0.00609477
0.0809101
-0.0769166
-0.0466406
-0.130632
0.0154807
0.181976
-0.101025
-0.132923
0.162689
-0.141917
0.174332
-0.0363385
0.0091724
0.0029551
0.046533
0.0197269
-0.0669232
-0.0996333
-0.380952
0.0100552
0.0503765
-0.0645769
-0.0717204
0.270855
-0.0276195
-0.0645767
0.00150289
-0.00989817
0.0913727
0.0405361
0.000402058
0.0688224
0.0531792
0.0760895
-0.0575617
-0.018039
-0.249287
0.163964
-0.00912457
-0.0452524
-0.147212
-0.0292501
0.0861821
-0.297003
-0.112212
-0.354885
-0.011851
-0.00615048
0.205201
0.258846
0.199215
0.170909
-0.0358589
0.616836
0.101336
0.0714338
-0.113409
0.0112824
0.098982
0.0065468
0.0393921
-0.0871058
0.0451763
-0.013159
0.128936
0.0111683
-0.00273394
0.047878
-0.100423
0.0931925
-0.011126
-0.0119913
0.062837
-0.0259996
-0.0119332
0.00892998
-0.0190319
-0.10408
0.0518471
0.0499328
0.0608679
0.0503107
-0.0425801
-0.277553
0.14054
0.118721
0.0113519
0.09027
0.0166555
-0.0273453
-0.0531989
0.0330194
-0.0465115
0.176651
0.0313541
0.0622777
-0.067248
-0.0234766
0.0121185
0.0685051
-0.115511
0.008664
-0.0201442
0.0792861
-0.015713
-0.0441505
-0.137713
0.111085
-0.158366
0.0582513
-0.214827
0.140926
0.167417
0.0535819
0.0892741
0.0374081
0.0266074
-0.0119564
-0.0349135
0.0636883
0.0649631
0.10388
-0.0209099
-0.0715034
-0.0509696
0.0876874
-0.0367178
-0.0290975
0.045679
-0.0560392
-0.133413
0.191152
0.00296722
0.0136379
-0.0213815
-0.0957646
0.25214
0.0604297
0.0890622
0.0671056
-0.0319834
-0.00918676
0.0549944
-0.00316854
0.0461303
-0.0792262
-0.00829112
-0.0178048
0.0144395
5.21844e-05
0.0886066
0.0417831
0.110975
-0.0178193
0.0680217
0.0617961
-0.0344385
0.0530841
0.00253875
-0.0426661
0.0128391
0.0233909
0.043038
0.0985753
-0.0324852
-0.19962
0.0908193
0.0960813
-0.00363721
0.0186454
-0.0222091
0.00777382
-0.0452576
-0.0555972
0.0639752
-0.190415
0.196762
-0.00837267
0.0866606
-0.0270552
-0.193973
0.00347121
0.0127091
0.163092
-0.0264198
-0.0037443
-0.172755
0.159189
0.0644682
0.0243135
0.0011398
-0.0108333
0.0186845
0.0773145
-0.0766956
0.0796186
0.0410527
-0.0226746
0.0248267
0.0202027
-0.0040031
0.00205057
-0.00190408
0.0745008
0.0144563
0.0262198
0.0198667
0.0153552
-0.181452
0.0706715
0.0262281
-0.115112
0.113414
-0.00429451
-0.0749038
0.0429404
-0.105755
0.0358337
0.0132791
0.00748928
-0.0852581
0.0636071
-0.215294
0.189664
0.0619743
0.00288229
0.0120575
-0.105716
-0.050963
-0.269318
0.0705405
0.176229
0.0800674
0.122551
-0.0158554
-0.0924656
0.093538
0.0334315
-0.0669507
0.0665863
0.00323028
0.065232
0.0389599
0.0322952
0.00625023
0.0255112
0.0441022
0.0474347
0.00797064
-0.0646576
-0.0143829
-0.0166472
-0.155666
0.0551003
0.0694868
0.00397391
0.00727342
-0.0269429
0.0504974
0.0186417
-0.00569372
0.07327
0.0114193
-0.0714248
0.104521
-0.0498635
-0.113924
-9.57595e-05
-0.0161965
0.0458859
0.00510667
-0.109697
0.0575532
-0.0940408
-0.21338
0.132367
0.127746
0.107202
-0.0871743
0.0167468
-0.259392
0.0525862
-0.0790821
-0.0316205
-0.0968419
0.171231
-0.130676
0.211301
-0.0613099
-0.00189054
-0.0428909
0.069277
0.159812
0.0812537
-0.0756155
0.0370993
0.0128073
-0.0394818
0.0792858
-0.00119373
0.0847813
-0.00731807
0.0307283
0.0393427
0.0701208
0.0367275
0.0311185
0.0549119
0.0683045
-0.0241178
-0.0181669
0.00963944
0.0210869
0.0282528
0.0362245
0.0348215
-0.00154505
-0.038955
-0.0623102
-0.0408964
-0.127273
-0.0176868
0.0396524
-0.485994
0.0486152
-0.113674
0.281715
-0.171667
-0.0680741
0.138637
0.330673
-0.101325
-0.0587346
-0.0217426
-0.0384625
-0.0925369
0.0365358
0.100915
-0.0969012
-0.131151
0.163875
0.100262
0.115056
-0.0254669
0.0771865
0.0556984
-0.0630472
0.0494478
-0.0178047
0.0774259
0.0823046
0.0560062
-0.154506
-0.0439829
-0.155199
0.098627
0.0810665
-0.00113527
-0.101793
0.06986
-0.103553
0.0245364
0.0731339
-0.164264
-0.423051
0.0587758
0.209498
0.048793
-0.115504
0.0906941
0.118705
-0.00568283
-0.193787
-0.132337
0.0828064
0.0210672
0.179621
-0.016712
-0.100189
-0.220893
0.193131
-0.0156746
-0.0582518
-0.0950484
-0.219786
-0.000602169
-0.0303058
-0.369453
0.362605
-0.117697
-0.411966
0.144313
-0.208434
-0.509223
-0.123908
-0.0197506
0.717455
-0.309108
0.0964553
0.146262
-0.0079955
0.397493
-0.0112411
0.0439665
-0.0530303
0.113527
-0.145987
-0.015079
0.0112274
0.0499561
0.291758
-0.108124
-0.144043
0.0413236
0.0824422
-0.0845605
-0.240656
-0.0594754
0.147149
-0.0487141
-0.0212486
-0.00916517
0.0539821
-0.0466702
0.170951
0.0797976
-0.226631
-0.216972
-0.096886
0.0356224
0.112839
0.0681808
-0.186912
0.0767322
-0.0967123
-0.0764257
-0.184176
-0.28596
0.0789085
0.258446
-0.0948598
0.245993
-0.0489393
0.151265
-0.136623
-0.136922
0.0451657
0.139465
-0.165394
0.0806595
0.170441
0.181614
0.0856422
-0.137366
-0.0786094
0.0942206
-0.0302687
0.14369
-0.0828764
-0.0468952
-0.171645
-0.342076
-0.272346
-0.0783072
0.163086
-0.300041
0.0307295
0.090819
0.0694161
-0.0843848
-0.0821633
0.278031
0.0161481
0.0293729
-0.0990153
-0.170641
-0.0189768
0.0119118
-0.271851
0.18288
0.192934
0.051608
-0.0999114
0.044146
-0.0953181
-0.167464
0.234495
0.0991844
0.21293
-0.00613439
0.0313851
-5.56096e-05
0.0213036
-0.0802286
0.0902675
0.122371
0.151899
-0.00399206
-0.059503
0.129189
0.0589279
-0.0781021
0.0850778
-0.112011
0.0910422
0.0205158
0.0524566
0.0338601
0.0410806
-0.130033
0.0566011
-0.125366
-0.195173
-0.0155935
0.0408198
0.0192863
-0.194724
-0.092471
-0.0240872
-0.126203
-0.173651
0.250489
-0.154586
0.0289837
0.00556965
0.0293394
0.162829
0.211937
-0.16683
-0.0520568
-0.0724964
-0.117521
-0.00262861
-0.0930162
0.0712178
-0.187113
-0.231837
-0.0180537
-0.0417016
0.0199581
-0.170119
0.118718
0.0719783
0.416985
-0.106057
-0.0414756
-0.17034
-0.0551964
-0.0493638
-0.0264393
0.0922335
0.0573241
0.175607
0.0642681
0.0213697
0.0620614
-0.0465459
0.146082
0.162486
0.0548751
-0.0022192
0.0235815
0.0125025
0.0921234
-0.0797746
-0.0799152
0.261362
0.0553459
0.0818471
-0.0301314
0.312993
0.0568759
0.0490201
0.0706947
-0.0828693
-0.0112354
0.118977
-0.0397237
0.0526077
0.0419993
0.0393252
0.00106002
-0.0681195
-0.0027192
0.0766668
0.049766
-0.0165779
-0.0538666
-0.0439226
-0.046539
0.000943616
0.054299
-0.0528965
0.164406
-0.0290627
-0.357382
-0.0829355
0.0189619
-0.0229848
0.181538
-0.126986
-0.0164391
0.0415169
-0.0629966
0.107719
-0.147706
0.16333
0.0677147
0.233404
-0.0365289
0.146293
0.125619
-0.0274671
0.103713
0.0654477
0.0582788
0.0149257
0.0416021
2.39559e-05
-0.193654
0.0623801
0.0747701
0.00529875
-0.0118297
0.0621721
0.0096504
-0.0464936
0.0115836
0.0191724
0.165661
0.0396748
-0.124136
0.00917436
-0.000380117
0.096912
-0.12358
0.1029
-0.00613199
0.0969158
0.040106
-0.0520757
-0.00875253
-0.0487704
-0.0177081
0.0359486
-0.188082
0.164217
-0.0226952
-0.0535361
0.058749
0.127026
0.0440956
-0.0810456
0.0221537
-0.00543467
-0.13291
-0.319482
0.200417
-0.35198
0.201334
-0.127086
0.133011
0.149816
0.0336624
0.0272289
-0.183556
0.0819752
0.00861652
0.150155
0.127164
0.0689035
-0.00927418
0.00989988
-0.0393793
0.0257673
