0.0287713
0.00396197
-0.0935237
0.1744
-0.038384
0.0137958
0.0216408
0.14341
-0.00678262
-0.0729611
-0.0499194
-0.111501
-0.0109208
-0.00298048
0.0297649
0.0868027
0.039208
-0.0539508
-0.000983623
0.0176904
-0.00491087
-0.0789037
0.100493
-0.0718189
0.0177567
0
0.0931973
-0.0342349
0.112049
0.0800969
0.110879
0.0028513
-0.111808
-0.0105764
0.0201816
-0.00672269
0.0708408
-0.0708408
-0.0259728
0.099675
0.0580043
0.0189448
-0.0874447
-0.0728182
0.0479663
0.136871
0.128502
-0.0111899
0.0836203
-0.0277958
0.0739512
0.0450265
-0.0247854
0.0330336
-0.0183385
-0.0718434
0.0110865
0.0147629
-0.0536194
0.0545414
0.0524115
-0.14317
-0.0260829
0
0.0111867
0.0399833
0.0231728
0.00647878
0.064558
-0.0460703
-0.0314495
-0.0669272
0.0409531
-0.0102226
0.0454567
-0.0231664
0.0166852
0.0903565
-0.000917894
-0.0137785
-0.0257708
0.0174946
0.0284783
-0.0238795
0.0742067
-0.0356604
-0.0606397
0.0184145
-0.0720092
-0.050158
0.0621956
-0.00370233
0.00740329
-0.0203723
0
-0.028777
0.0139347
0.0278113
0.0388063
0.0331431
-0.0137963
0.000920344
0.0339933
-0.00825802
-0.00642762
-0.0110284
0.0495323
0.0529295
0.0100068
0.00727141
-0.0546649
-0.00182732
-0.0448739
0.0293282
0.0164594
-0.0568079
0.045838
0.00914244
0.0891563
0.0217136
0.00632425
0.030661
-0.0469315
0.0361207
0.0297017
0.034093
0.0321917
0.0897664
-0.087981
0.0178364
0.0231399
0.0788068
-0.000882029
0.0229075
0.0210989
-0.0882073
-0.0221739
0.0266028
-0.00354296
0.105746
0.0271371
0.0113582
0.0348675
0.0165196
0.0225616
-0.0425625
0.0295524
-0.0312935
-0.054125
0.0497709
0.0564556
0.0621656
0.0300804
0.0128639
0.124352
0.192813
0.0637287
-0.0537702
0.00829119
-0.00497389
0.0182255
0.117663
-0.0870857
0.158811
-0.0553792
0.00489876
0.0325972
0.0162588
0.189087
-0.00637857
-0.0696309
-0.0620344
-0.0113205
0.0966191
0.0288046
0.0175621
0.023103
0.00238692
-0.063847
-0.0409163
0.0168682
-0.0870552
-0.0291876
-0.0309019
-0.0195663
-0.00979752
-0.0384663
0.0466316
-0.135587
-0.0331483
0.0727817
0.0402978
-0.0287675
-0.0296761
0.00660229
-0.0123829
0.100272
-0.00408981
-0.0286756
0.0335832
0.029395
0.0512342
0.112121
0.0798918
-0.00636791
0.113219
-0.123576
-0.0487397
-0.0112197
0.00481
0.0774424
0.0650022
-0.0102771
0.0607186
0.100126
0.0380657
0.030194
-0.0527051
-0.0600181
0.0288848
0.0435595
0.0170609
0.0208986
-0.00464037
-0.0690862
-0.186333
-0.0222452
0.0420652
-0.0245827
-0.000793997
0.0126964
0.0372027
0.0039496
0.0535603
0.0485856
-0.0399484
-0.177374
-0.00959156
0.0063954
0.0843551
0.0253265
0.0252625
0.0581763
0.161733
0.0415641
0.0520954
0.0137447
-0.0053429
0.0881733
0.0377672
-0.062772
0.0227342
-0.0447598
-0.00608458
0.079567
0.0684496
0.0746829
0.0185839
0.0614521
0.0845251
0.0255839
0.0495195
-0.0196328
0.0312489
0
0.0152257
0.0325486
0.00649702
-0.0419439
0.0664502
0.0760187
0.0249741
0.00712403
-0.0757742
-0.063346
0.0683677
0.033652
0.0541775
0.0969267
-0.0494072
-0.00353845
-0.00283166
-0.00141613
0.00778623
0.000707539
0.0768232
0.140135
-0.0395408
0.0561429
-0.069358
-0.0160206
-0.160925
0.063555
-0.0685152
-0.0426167
-0.0692835
-0.0589463
0.0431655
0.0594068
0.0413047
-0.0605911
-0.102049
-0.0419834
0.0701149
-0.189789
-0.0205761
0.0762132
-0.109371
-0.147215
0.0642081
0.0992307
0.123761
-0.0510764
-0.0697378
-0.0117933
-0.11199
0.123047
0.0865552
-0.041717
0.0197824
-0.0668309
-0.0851006
-0.0141301
-0.0178771
-0.11925
-0.0499207
0.0642457
-0.0392542
-0.0934693
-0.0122231
0.0419544
-0.0266779
0.069215
0.110057
0.0269522
0.0276254
0.072063
0.0561011
-0.0509207
-0.0496942
0.0644805
-0.041457
-0.0976563
-0.0337673
-0.0316194
0.108742
-0.0793774
0.120317
0.0607274
-0.0199549
-0.0318625
0.0133501
-0.0572343
-0.0823358
0.0307681
0.0127298
-0.0939821
0.107443
0.0134429
0.02162
0.0171137
0.00520272
0.0230081
-0.0237512
-0.0148732
-0.0537275
-0.0442429
-0.0890774
-0.155125
-0.0277628
-0.0798609
-0.00233563
-0.0515224
-0.0572978
0.0612103
0.0740484
0.0603904
-0.0340215
0.0771549
-0.0439053
0.0300613
-0.134043
-0.0289029
-0.0297713
-0.0819354
-0.0714516
-0.24601
-0.052399
0.0907054
0.0697149
-0.145655
-0.0361308
0.0770306
0.0942483
-0.0869041
0.00978394
0.0706487
-0.0641314
-0.00407282
0.00570149
0.021961
0.0283964
-0.0821644
0.100781
0.0917659
0.0750383
0.0333466
0.096238
-0.00628239
0.0407652
0.0849146
-0.0217442
0.0101014
-0.0936336
0.018797
0.06629
0.0263934
0.143932
0.0152718
-0.00152614
0.0152509
0.00152381
-0.0695695
-0.0685119
-0.00463571
-0.115815
-0.0086035
0.0335898
0.0575429
-0.04741
-0.00155824
-0.0727276
0.0203858
0.0842373
0.0835336
0.099633
0.0691571
-0.0295802
0.0197299
-0.0661725
-0.0190964
-0.0444445
-0.103444
0.0232522
-0.00464612
-0.0808776
0.00390335
-0.0297038
-0.0762253
0.0793561
-0.0588676
-0.0268012
-0.0840208
-0.0470739
-0.0200136
0.0495605
-0.0607856
-0.00481464
0.0775539
-0.125828
0.00806192
-0.105315
0.0219646
-0.15395
0.0575991
-0.00410324
0.146666
0.103803
0.0479158
0.0864639
-0.0356055
-0.0198358
-0.0757368
-0.0417001
0.0296891
-0.115236
0.00162088
-0.0936298
0.00327145
0.0505711
0.143783
0.0981613
-0.036598
-0.0407333
0.0542742
0.00159185
-0.0903392
0.02967
0.125718
-0.00158153
-0.0356507
0.0427656
0.0794998
-0.0039208
-0.0408677
-0.00866654
0.00472813
-0.121271
-0.147008
0.0725693
0.00642519
0.0472587
-0.00319693
0.0661278
-0.0581374
-0.00559262
0.0279319
-0.0727858
-0.0104413
-0.00562678
-0.0920847
-0.0839348
-0.0139213
0.0588285
0.0260353
0.0591406
0.0338683
0.0313467
0.0408442
0.0534057
0.0150931
0.00714144
0.0142676
0.015829
-0.149792
0.0392582
-0.017607
0.00400432
0.00560336
-0.0626156
0.0425892
-0.0635485
-0.0177692
-0.0145619
0.00728362
0.0145513
0.0876669
-0.0369034
0.000803697
-0.033811
-0.0915394
-0.111294
0.0271192
0.0131223
0.0702388
0.00813537
-0.049729
-0.0360243
0.114175
0.0186333
0.0581069
0.070564
0.000799009
-0.0328118
0.0806359
0.0198594
-0.0517167
-0.0223607
0.000799456
-0.0980085
-0.0315343
-0.0984749
0.0293998
-0.0236764
0.0781636
-0.0341214
-0.0644979
-0.0221393
0.0736079
0.0146568
-0.0530289
-0.117663
-0.0589385
-0.0878042
-0.0572778
0.052237
-0.039574
0.0982252
-0.0292826
0.0543139
0.0623055
0.0396728
0.02307
0.00658165
-0.098352
0.0744728
0.0263461
-0.0751045
-0.0132637
0.153932
-0.0943829
0
0.0951997
0.0244738
0.0301021
-0.0105661
0.00650354
-0.0317448
0.0276806
-0.000813041
0.0113766
-0.0121897
-0.0750901
0.0278164
0.0358833
0.0705742
-0.020229
0.0846882
0.0488724
0.0271371
-0.0167524
0.0541446
0.0720025
0.0259832
0.033756
-0.05501
-0.0165622
0.0535308
0.0688525
0.114739
0.0376996
-0.0438682
0.0492422
0.00920598
-0.0638488
-0.0836955
0.0728855
-0.00540937
0.0816017
-0.0184176
-0.154034
-0.0132693
0.0545258
0.0418605
0.0985305
-0.0130303
0.0428594
0.0122119
0.00457561
-0.0366637
-0.082988
-0.015444
0.00231812
-0.00695598
0.0324199
-0.0293278
0.0531896
-0.0138483
-0.00153988
0.0927387
-0.0527786
-0.0878145
-0.034877
-0.0763779
0.0195397
-0.0148467
0.0468093
0.0945084
0.026949
-0.0169309
0.190729
0.0392187
0.0383157
0.0119904
-0.00449472
-0.0593697
0.0421212
-0.0165264
-0.105813
-0.0312013
0.0274014
0.0644015
0.0557314
0.0120093
0.00449978
-0.00374967
-0.0277914
-0.00752445
0.156837
-0.0594576
0.0305162
0.013368
-0.0215461
-0.0424851
0.0268537
-0.0119261
-0.0605949
0.0844328
0.031943
0.00889614
0.0554223
0.0573152
-0.0220054
-0.00661108
-0.0375456
0.00884695
-0.0517179
-0.0155677
0.0200111
-0.0541967
0.0341855
0.0532743
0.0405053
0.0630085
-0.0146177
0.0197289
-0.0138793
0.0219058
0.100153
-0.0173461
0.0281721
-0.0825733
0.0565711
-0.0253449
-0.0210488
-0.192941
0.0118448
0.0597501
-0.108701
-0.0484443
0.106269
0.0354192
0.0110428
0.0220491
-0.00220272
-0.038995
-0.0561841
-0.125328
0.0553977
0.0573195
0.0813193
-0.0346646
-0.00369481
0.0339409
-0.0472535
-0.0951822
-0.129345
0.0355106
0.0691472
-0.0427848
-0.0876403
0.122932
0.0821145
0.00966004
0.0585035
0.000738362
-0.0414324
0.0310904
0.0199358
0.0294616
-0.0590103
-0.0348316
0.0178015
0.0192493
0.082499
-0.013213
0.0578608
-0.0270577
0.0467564
-0.0270044
0.0408432
0.0537167
-0.0551726
0.0152755
0.0196057
0.0318679
-0.046387
0.0384295
0.0390033
-0.039727
0.0115732
0.0375208
0.0545861
-0.0150532
0.051517
-0.0543869
-0.0987929
-0.0472162
0.0703794
0.0490445
0.0973731
0.0135284
0.0468518
0.0141543
-0.0169875
0.0374757
0.0471749
0.122872
-0.0424157
-0.043996
-0.00910269
-0.0301681
-0.0910541
-0.0404988
0.112564
-0.0105652
0.111428
-0.013948
0.06816
0.0559877
-0.0041365
-0.0428444
0.0861926
-0.00137325
0.0102948
0.00137184
0.0178168
0.0709513
0.0257995
0.0331698
-0.0964288
0.03542
-0.00884324
-0.0463848
-0.00683948
0.00957396
0.0633668
-0.0251624
0.0122491
-0.00680318
-0.0950467
-0.0994277
0.0429304
0.0880517
0.0655337
-0.0723849
0.0116442
0.0797741
0.0135731
0.0702848
0.0221991
-0.0796064
0
0.0648125
-0.0994158
-0.0942372
-0.0027448
0.0178278
0.0621481
-0.048456
0.102097
0.0520078
0.00875391
0.0282296
0.0120741
-0.0342478
-0.0384162
0.0592475
-0.0504729
0.0538287
0.0468636
-0.00868665
-0.00200568
0.0407034
-0.00399627
0.00732528
-0.00599301
0.0392223
-0.0498854
0.0213149
0.0577212
0.0462017
-0.0501717
0.0587286
0.0812533
0.04298
-0.0136554
-0.0162808
0.0318855
0.0317842
-0.0636697
0.0130268
-0.0188944
-0.0274277
-0.0833967
0.0144966
-0.0237326
-0.0363673
0.0211752
0.0599732
-0.0236827
0.0663015
0.0391799
-0.035909
0.0287375
0.0188956
0.0201593
-0.0677925
-0.00588832
-0.00130899
-0.00130916
0.0424601
0.00651636
-0.052905
0.0392157
-0.0411806
0.0516122
0.0273313
-0.0260281
-0.0850623
0.0511242
0.0339382
0.00976849
-0.0254179
-0.0287544
0.000654429
0.0143866
-0.0111151
-0.0386721
0.00590881
0.0275284
-0.0189996
0.018345
-0.0485565
0.0786219
0.0228154
0.00911162
-0.0188833
0.0578393
-0.0637069
-0.0470651
0.0287883
0.0150155
-0.0372537
-0.0775656
-0.0648794
-0.251543
0.0475641
0.0594757
0.0222125
-0.126528
0.0583884
-0.139062
0.0609069
-0.0102393
0.0122859
-0.0266385
0.0572872
0.0630446
0.0928237
0.0447577
0.0179802
0.0305587
0.0172311
-0.0371501
-0.0146325
0.0299073
0.0225375
-0.00463592
0.0535132
-0.0118671
0.0657508
-0.0486139
0.0872051
0.0032636
-0.0176361
0.00522876
0.00653211
-0.0701159
-0.0501023
0.0165087
-0.0509345
0.0337648
0.0329924
0.00329327
0.0826343
0.0566611
-0.0299187
0.0545668
0.0922141
0.0198788
-0.024373
-0.0244326
0.0147953
0.0077106
-0.0981096
-0.00908501
0.0969125
0.0327375
0.058149
0.0286305
0.0462714
0.0705781
-0.00502481
0.0476341
-0.0125133
0.0100119
-0.0350856
-0.035839
0.0439948
0.0225507
0.102712
-0.0745947
0.0274161
0.0558453
0.0123678
0.0154383
-0.131054
-0.0438597
0.0482351
0.0355573
-0.115239
-0.00819233
0.0207828
-0.0201524
-0.0107225
0.0860855
0.0536629
-0.0174401
0.00996947
-0.0480695
0.0940495
0.00805577
0.0599045
0.0619957
-0.0263472
0.0514046
-0.0342403
0.00979492
0.0907574
0.0109084
0.0784318
-0.0590683
0.0614719
0.0867412
0.0309248
-0.0261609
-0.0310059
0.0101471
-0.22321
0.135125
0.0576128
-0.154986
0.0230681
-0.0736394
0.121427
-0.0344567
0.105413
0.0698615
0.0646484
0.0242095
0.00589588
-0.0129755
0.0147436
0.0581722
0.05434
-0.0174968
-0.14701
0.120707
0.0280538
-0.00817423
0.0773867
0.0364489
-0.0161831
0.139011
0.10498
0.00338639
0.0758921
0.0564042
0.0044541
-0.00891017
0.0854327
0.045744
-0.0855957
0.00554447
0.0447972
-0.0703273
0.0515479
0.0858752
0.0224479
0.0196689
0.111812
-0.000539767
0.0688545
0.0715777
0.014892
0.0514194
0.0221823
0.0489436
0.0167856
-0.0309703
0.0503436
-0.0656015
-0.0237223
-0.028012
0.076451
-0.00577928
0.0152291
-0.0673935
-0.014274
0.13557
0.0453043
0.121871
-0.0107844
0.0548284
0.0280663
-0.124601
-0.0216942
0.0103365
-0.104892
-0.134534
0.0280016
-0.14508
0.0496597
-0.0159923
0.11616
0.119517
0.0150998
0.0223475
-0.00467326
-0.264717
-0.0256315
-0.0913101
0.0543494
0.163938
0.0147711
0.0876485
-0.00261308
-0.0261684
-0.0746939
0.130611
0.0145811
0.0207933
-0.0562414
0.0338869
0.0244315
0.0811814
0.0257162
-0.0365368
-0.0082521
0.107771
0.054976
0.0278813
0.0237644
0.0944968
0.0688008
-0.0308519
0
0.0308519
0.118046
0.0215813
0.0639791
0.00535371
0.00340541
0.00875146
-0.165131
0.192794
-0.0705204
0.0535437
0.00727926
0.0290642
-0.064053
-0.0258341
-0.104009
0.0619471
0.0401096
0.0190202
0.0476353
0.0936345
0.025908
0.0267968
0.00812057
0.107806
0.0982405
-0.0497047
-0.0887678
0.0180061
0.0340281
0.0136731
-0.00282739
0.0324668
0.112579
0.0366292
0.00323917
-0.0924964
0.165791
0.0823313
0.160864
0.0107522
0.0722766
-0.0204699
0.0612845
-0.0884942
0.130466
0.0737946
-0.00700464
0.151255
-0.0185661
-0.132251
-0.124707
0.216685
0.156711
-0.0634215
0.0171807
-0.00386308
-0.0460424
0.105966
-0.0123834
-0.00726635
-0.0971048
0.0632682
0.113478
0.0739601
-0.145907
-0.00854884
0.0392643
-0.231827
-0.0410624
-0.17709
-0.0312375
0.16006
0.130224
-0.0469995
-0.190683
-0.026266
-0.140509
0.0234805
-0.106099
-0.0488931
0.106617
0.223631
0.010188
-0.0141775
0.0380565
-0.0181252
-0.0137262
-0.141454
-0.153518
-0.0494077
0.0612657
0.151542
0.111169
0.105555
-0.0241923
0.154263
0.00130087
0.0186272
-0.0186272
0.0768836
-0.00172124
0.0763101
0.12056
0.00506222
0.0651578
-0.0285331
0.00378112
-0.0492664
-0.200821
-0.0250108
0.148284
0.0136037
-0.0558078
-0.0282353
-0.0661941
-0.0185613
0.153067
-0.0541845
-0.344697
0.0410969
-0.290835
-0.503236
0.449063
-0.195443
0.0912825
0.212216
-0.0679658
0.0390236
-0.0490308
-0.255827
0.0721084
-0.0227394
-0.1126
0.0258089
0.0262099
0.22828
0.0136968
-0.0196378
0.179859
0.107182
-0.178376
-0.0176515
0.103203
0.0433957
0.00847817
0.193915
0.040166
-0.0261769
0.0869911
0.0681919
0.0916259
0.00298298
-0.13685
-0.224522
0.0713094
0.0205937
0.161518
0.0451216
-0.0102956
-0.212552
0.0048215
0.0280063
-0.00218517
-0.00174848
0.00262261
0.221727
0.0494628
0.0293062
0.107147
0.183346
-0.0359052
-0.0227654
-0.101207
-0.141649
-0.229767
0.151338
0.0183835
0.0795563
0.137614
0.0936005
0.0347208
-0.0637472
-0.0495391
-0.0552395
0.0823291
0.0671979
0.165639
0.083818
0.0458624
0.132378
0.04111
-0.0150014
0.0209168
0.0636644
-0.00744587
-0.0172644
0.0696594
-0.104672
0.0479636
0.0555383
0.131354
0.010388
-0.0335112
0.0185028
-0.0100181
-0.0254758
0.184573
0.0492034
0.0346751
0.129343
-0.0241712
-0.111193
-0.0445233
0.180631
0.0640446
0.0478575
0.0410483
-0.0260021
0.0719809
0.0374294
0.0906291
-0.00467382
0.0738064
0.0718481
0.0466729
0.0829064
0.0714625
-0.0987878
0.0706124
-0.00348396
0.0327014
0.0898976
0.0781736
0.0606083
0.137887
-0.098586
-0.112896
0.0436771
0.0577153
0.00473821
-0.0754003
-0.0293626
0.0552393
-0.0214457
-0.0628997
-0.0902521
-0.123953
-0.288247
0.192496
-0.0382748
0.229911
0.212182
-0.129246
0.00653651
-0.135034
0.0998933
0.149014
-0.0785121
0.0232765
-0.0315047
-0.00754846
-0.144862
0.127686
0.0729693
0.0537855
0.0895654
0.0516832
-0.193669
-0.00648652
0.0354538
0.00850384
0.0508717
-0.052912
0.140816
0.100758
-0.0342506
-0.00633091
-0.105885
-0.189413
-0.138968
0.0378716
0.181789
-0.0697129
-0.0968289
-0.0201033
0.112816
0.0574695
0.128785
0.013124
0.0680355
-0.0626562
0.148793
0.0350402
0.107329
0.0296644
-0.022811
0.0553081
-0.0344503
-0.0568091
0.0320356
0.102928
0.0643979
-0.0269966
0.0992707
0.037212
-0.0470948
-0.173414
-0.0230688
-0.0691999
-0.158471
-0.0259905
-0.0187016
0.115324
-0.0952878
-0.11576
-0.0460035
-0.21487
-0.121281
0.146882
-0.179896
-0.300321
0.131093
-0.0606508
0.134441
-0.0313034
0.301453
0.0369214
-0.103169
-0.360687
0.00360711
0.203484
-0.23491
-0.372242
-0.17768
-0.0825198
-0.170247
0.229806
-0.26043
0.0989933
0.181721
0.14688
-0.121296
-0.44887
-0.0628191
0.302826
-0.0774016
0.0719484
-0.410396
-0.131987
-0.348225
0.22364
0.254136
-0.0987481
-0.147061
0.129002
-0.0498323
-0.265667
-0.494072
-0.259931
-0.267337
0.472774
-0.130738
-0.383915
0.187786
0.557099
0.079779
0.219034
0.0292689
0.146743
-0.0259122
0.318363
-0.140839
-0.020577
-0.00783037
0.099687
0.212039
-0.161957
0.0449821
0.173165
0.196359
-0.0277046
0.227542
-0.201785
0.029188
-0.0237331
-0.10888
0.0561546
-0.0133229
-0.00470644
0.131337
-0.0360724
-0.010886
0.220068
0.191839
0.210184
-0.0954942
-0.0144031
0.171483
0.0853717
-0.231386
-0.386709
-0.078474
0.113282
0.0403933
0.00456256
0.0083593
0.0662467
-0.0742259
-0.151283
-0.0185407
0.0643585
0.135828
0.102174
-0.0105085
0.267503
0.00694381
0.143637
0.063898
0.0435606
-0.0528686
0
0.303722
0.123964
0.227657
-0.120138
0.0501203
-0.140153
-0.138323
-0.385235
0.00397004
0.184836
0.238023
-0.0610647
0.131724
-0.12581
-0.260039
0.0324323
0.0188408
0.0340366
0.132904
0.0696115
0.157608
-0.0647384
-0.114398
0.0125056
-0.0316417
-0.073053
-0.203065
-0.0696967
0.133576
0.0934752
0.0639361
0.0401895
-0.103421
0.0228797
0.0550483
0.125093
0.10887
0.103642
-0.160849
-0.0388952
-0.121092
0.022316
-0.0670979
0.101173
0.198305
-0.055623
0.041661
-0.0187601
0.16658
0.00570652
-0.0474293
0.0198737
-0.0722732
-0.0353129
0.130443
-0.0616298
-0.177225
-0.0991767
0.154043
-0.0106068
0.139045
-0.0314471
0.0634687
-0.00504923
0.12381
0.0719058
0.023415
0.0542042
-0.0305153
0.101683
-0.0273625
-0.0638102
-0.020374
0.13851
-0.228386
0.0404121
0.102285
-0.00163621
0.067516
0.155787
-0.0041614
-0.064563
0.0652033
0.0444026
-0.0035067
-0.177246
-0.0178661
-0.0446422
-0.0166697
0.0411335
-0.0391709
0.084353
-0.166785
-0.181025
0.0732702
0.103136
0.117421
0.0117317
-0.179427
0.0274839
-0.1007
0.0233544
0.0379179
0.00929121
0.0641388
0.0800897
0.0674456
0.0959821
-0.020283
0.021891
-0.104737
0.0921874
-0.0219185
0.007419
0.101377
0.0356859
0.0349251
0.107813
-0.0525002
-0.102649
-0.0911729
-0.067716
0.0293999
-0.00161314
0.091536
0.1176
0.0460264
0.153561
-0.0260514
-0.0557417
-0.0250133
0.024701
0.0374042
-0.158679
0.0450998
0.106421
-0.0249384
-0.0187447
-0.229641
-0.131407
-0.0552667
-0.112447
-0.134422
0.0808697
0.0284646
-0.214811
0.172415
0.0135994
-0.0328691
-0.0456645
-0.226718
0.036159
0.090167
-0.148221
0.0658829
0.19475
0.162508
0.0386645
0.0163383
-0.00293892
-0.106711
0.0857867
0.142976
0.0186952
0.121947
0.00636051
0.0152487
-0.0139771
-0.189009
0.0510535
-0.165084
0.230938
0.0940111
-0.0410012
-0.0114723
0.0885678
0.0129495
-0.0677754
-0.0727183
-0.0343098
-0.0638012
0.029051
0.0488731
-0.13498
-0.0609808
0.0911702
-0.113765
0.141602
-0.130134
-0.0736216
0.0253686
-0.0799476
0.142598
0.0655099
0.0356703
0.0850932
0.0256435
0.0249393
-0.113366
-0.102259
-0.0881612
-0.176008
-0.0864757
0.204048
0.0195167
-0.0520187
0.188232
-0.0503302
0.109487
-0.0243353
0.136482
0.165897
0.0210954
0.00754575
0.0551622
0.0626278
0.0430815
0.0262536
0.0526082
0.0480586
0.129852
-0.0123663
0.0988041
0.0414524
-0.00863417
0.0907318
-0.0357793
-0.105418
0.0662392
0.018718
0.204781
0.0359963
0.0176604
-0.104095
0.0861447
0.0332692
0.200155
-0.0593423
0.0383714
-0.0201622
0.0612125
-0.0115903
0.0443097
0.0317706
-0.0916493
0.0457887
0.0811677
0.0694089
-0.0370139
0.101253
0.14468
0.0548021
0.0345713
0.0390189
0.054372
0.135836
-0.0475449
-0.404977
-0.250139
-0.0433459
0.211818
0.155559
-0.067553
-0.000275539
0.0524907
0.238345
0.068815
-0.212497
-0.0468104
-0.0256754
-0.027661
0.0497895
-0.172582
0.113189
0.130364
-0.0184422
-0.20431
0.158873
0.125467
0.13242
0.0286602
-0.0843572
0.216245
-0.000784591
-0.0193727
-0.00524233
-0.0596938
-0.208952
0.128979
0.101314
-0.0313691
-0.113644
-0.0728991
0.139437
0.0209341
0.198405
-0.09989
0.117262
0.12921
0.20127
0.089577
0.0725188
-0.0712768
-0.106622
0.0183088
0.0793675
-0.236453
0.0180563
-0.21081
0.129427
0.0857017
0.0922737
-0.0461568
0.0194472
-0.0589629
0.209963
0.000248531
0.0295311
-0.0123974
-0.286913
0.0621057
-0.182058
0.00929824
-0.257051
0.277683
0.134096
-0.0129726
-0.203648
0
-0.000259771
-0.287507
-0.158723
0.128735
0.158292
0.0655067
0.0960341
0.0938343
-0.0697101
0.170826
0.20271
-0.129624
-0.0192347
0.0151883
-0.0614013
-0.168106
-0.203152
0.156196
0.114795
-0.115055
0.221937
-0.146033
-0.00258111
-0.304023
-0.191019
0.0551815
-0.114761
0.205792
-0.113986
0.0992731
0.146954
0.0305537
0.138683
0.237844
-0.0875079
-0.0635655
-0.067078
-0.00155328
0.0131952
-0.00413779
-0.0277156
0.0973124
-0.0375737
-0.0607763
-0.0225942
0.090072
-0.0814958
-0.0252299
-0.0143339
-0.00600029
-0.0596767
0.0152147
-0.231224
0.105669
0.135249
-0.000523752
-0.0556739
0.0231475
0.162618
-0.0264016
-0.000259185
0.0738544
0.0513243
0.0278612
0.0694421
-0.080935
0.00408789
0.0720297
-0.135066
0.00565364
-0.0383532
-0.0297024
-0.121009
-0.0548695
0.072657
0.00757625
0.0169604
-0.122498
0.093779
0.0773532
0.0220284
0.0930191
-0.0328829
0.0169688
0.0719253
-0.0199132
0.0357134
-0.0500346
0.0076746
0.0148209
0.0229545
-0.0124909
-0.0488386
0.0404175
0.032624
-0.0249682
-0.00995368
0.0849251
0.147779
0.0854536
-0.0538202
-0.0204133
-0.00224302
-0.143851
-0.0156899
-0.0469633
-0.110018
0.0860705
-0.094049
-0.042315
0.00568681
-0.127172
-0.133053
-0.0223042
0.0965578
-0.0848684
0.0381609
-0.0325867
0.0159092
0.0654909
0.0687252
-0.0511054
0.0518896
-0.0555688
-0.208493
0.0187693
-0.204323
0.067577
0.0708993
0.0687934
-0.100122
-0.0673093
0.217119
0.059248
0.0788933
0.199062
-0.0856442
-0.0905787
0.0833001
0.0192248
0.0708636
-0.00953989
-0.0312617
0.0018112
-0.0137215
0.0222556
-0.0315866
-0.0956247
-0.112686
-0.142667
0.227826
0.0505402
-0.0345387
-0.0296623
-0.150446
0.0712674
-0.265558
0.10314
0.123923
0.0406154
-0.153502
-0.0377339
-0.192762
0.101888
-0.12366
0.251191
-0.0620734
-0.0203249
0.0743237
0.185939
-0.0524699
-0.0212783
-0.192756
-0.184371
0.0801381
0.0898361
-0.307785
-0.102848
0.00141605
0.151486
0.0694911
-0.0338513
-0.138817
-0.0977054
0.145782
-0.04047
-0.0409172
-0.0817699
-0.0554604
0.0938733
0.0490107
0.0600145
-0.139744
0.237584
-0.0415349
-0.022372
-0.000559942
-0.00840289
0.103423
0.0384749
-0.0168664
0.0306702
-0.02735
0.0234868
-0.102921
-0.0491978
-0.00869066
0.0573308
-0.122611
0.0217137
-0.133564
0.0671468
0.0418801
-0.114738
0.130257
-0.208255
-0.0444317
-0.0641093
-0.0791788
-0.0249644
-0.184003
0.0710345
0.0169378
-0.0532874
-0.0905526
0.0114392
0.107132
0.119241
-0.00353014
-0.0374372
-0.114654
-0.221104
-0.094514
-0.167894
0.176215
-0.242591
-0.0836745
0.129964
-0.166314
-0.404494
0.213901
0.316296
0.210074
-0.127766
0.0153185
0.0492351
-0.048298
-0.317981
0.0334782
0.207367
-0.0318426
0.148569
0.241294
0.0427306
-0.0281635
-0.0227704
0.231346
-0.0148611
-0.089333
-0.0692649
0.0419174
-0.0198813
0.0508295
0.160113
0.0972493
-0.0319204
-0.0476303
-0.172413
0.0794413
0.0593174
0.00266103
-0.0518696
0.17819
-0.0468166
-0.164711
0.107061
0.0153275
0.0935175
0.0981425
0.046987
0.0864765
-0.0815887
-0.00517539
-0.0493002
0.0118427
-0.0468751
-0.115517
0.0333919
-0.0117038
0.0423612
0.0818749
-0.0710941
-0.0119469
-0.035634
-0.0819713
-0.191515
0.0757931
-0.150347
-0.0662657
-0.0909919
0.049122
-0.0352821
0.00921602
0.0162609
-0.00766695
-0.158949
0.0267713
0.146281
0.0896676
0.13391
-0.146975
-0.0536521
-0.0579374
-0.214414
-0.0160319
-0.0748405
-0.150417
0.149466
0.0540602
-0.0667481
-0.100164
-0.114464
0.162119
-0.0932834
0.0225189
-0.150875
-0.141268
0.0777804
0.175729
0.118011
0.103707
0.0296138
0.000943678
-0.0871933
-0.00920591
0.0161841
-0.124431
-0.195818
-0.0739369
0.0391725
0.125369
-0.0811145
-0.113486
-0.145287
0.00302049
0.119746
-0.0365388
0.0159606
0.15266
0.0120996
-0.0922604
-0.0217937
-0.196962
0.0353375
-0.0996007
0.167568
-0.135723
-0.242386
-0.259782
-0.0839306
-0.641321
0.18452
0.0863476
-0.515519
0.217463
-0.0940023
-0.246084
-0.394064
-0.268924
0.504239
0.120194
0.123881
0.135956
0.32751
-0.243275
0.0659638
0.0670504
0.310282
-0.0427903
-0.0203527
-0.0237354
0.245731
0.149946
-0.0691202
-0.1762
0.0728866
0.232569
-0.165258
-0.15081
0.129508
0.251976
0.0176069
-0.177838
0.229073
-0.209037
-0.235799
0.150728
0.0593026
0.0461201
0.231995
-0.00557783
0.0826508
0.171443
-0.0959887
-0.218614
0.330229
-0.017666
0.0275047
0.0665802
0.096211
-0.117455
-0.00337621
0.0703269
-0.0500867
0.000673968
-0.117619
-0.129375
-0.0110589
-0.00864828
-0.0374467
0.122565
0.283834
0.0269807
-0.0851865
-0.151782
0.00238407
-0.10785
-0.150525
-0.0856326
0.230993
-0.00378925
-0.0882466
-0.0564698
0.18426
0.017487
0.176912
0.0543771
-0.170154
0.182197
0.0493614
-0.093593
-0.0812643
-0.00406366
-0.089821
0.0684596
-0.221019
0.0949773
-0.103309
0.114989
-0.0347372
-0.0559703
-0.000692953
0.0838442
0.119881
-0.0353706
0.0885307
-0.14148
-0.111941
0.12871
0.0344763
-0.118949
-0.166207
-0.101492
0.0849988
-0.0140578
0.0910243
-0.00348566
0.0708681
0.097145
-0.0687997
-0.0588542
-0.187511
-0.0638866
0.0992036
-0.0977795
0.140347
0.0703132
0.138473
-0.0354739
0.106388
0.19271
-0.0432894
0.0120996
0.054936
0.0669211
-0.060576
-0.0730444
-0.00235433
-0.00134558
0.083419
0.0548967
0.0294863
-0.0940628
-0.0260817
0.0550929
-0.0691651
0.0174199
0.0250715
0.116836
-0.0595752
-0.0149494
-0.0931886
0
-0.125278
0.011886
0.0834817
-0.162533
0.0505017
0.0671667
0.153658
-0.00366294
-0.0664987
0.00938338
-0.0668809
-0.0303952
-0.0413504
-0.102758
-0.0529848
-0.0307496
0.056933
-0.0317045
0.00793555
-0.0834651
-0.0215855
-0.107223
0.212963
-0.0335078
-0.109945
0.0759771
0.129702
0.0379702
-0.0434553
-0.0812565
-0.0582486
-0.0034779
-0.144704
0.0222093
0.0105585
0.0042203
-0.1096
-0.0384671
-0.130387
0.0878304
-0.073018
-0.188774
-0.0582963
-0.0448756
-0.127562
0.0210606
0.095716
-0.218185
-0.117444
-0.256069
0.320127
-0.0617487
-0.166813
-0.217103
-0.0396564
-0.239243
0.211913
-0.195483
0.113447
0.303732
0.0322264
-0.28496
-0.284593
0.195379
0.372605
-0.0432612
-0.116951
-0.299944
-0.348712
-0.00681025
-0.516385
-0.0192977
0.319621
0.143415
-0.466181
-0.455533
-0.181767
-0.164662
0.360998
0.100926
0.549037
-0.0502935
0.0674412
-0.424928
-0.015597
-0.300116
0.39288
-0.115286
0.370363
0.133456
-0.225663
0.0979701
-0.23041
0.288295
0.0426459
0.275626
-0.14184
0.0913524
0.191607
-0.129602
-0.0765992
0.173325
-0.365897
-0.167811
0.100584
-0.181067
-0.406817
0.0582766
-0.063889
0.298199
-0.128881
0.251188
0.180481
-0.353321
-0.185638
-0.0116303
-0.0799163
-0.365067
-0.191624
0.0336767
-0.345564
-0.157849
0.159896
0.429668
0.00881921
-0.472829
0.141731
0.277574
-0.137824
-0.19559
-0.137884
-0.151333
-0.0789104
0.21423
0.468583
-0.0971555
0.564082
-0.147497
0.322965
-0.0514808
0.0116179
-0.0909797
-0.291998
0.243606
-0.0595184
0.11728
-0.402252
0.238433
0.138031
-0.11996
0.334532
0.0348608
-0.101711
-0.18535
-0.110404
-0.0635712
0.131948
-0.079341
0.181505
0.0513924
0.0987697
-0.0527413
-0.0190366
0.30528
0.0207142
-0.0654408
-0.210024
0.2358
0.0661703
-0.0188612
-0.000899038
-0.206661
-0.0649188
-0.0965429
-0.0561247
-0.204698
0.0234299
0.109249
-0.159043
-0.130929
0.266324
-0.138275
-0.18511
-0.0318417
0.0908476
0.022341
-0.3104
0.0941359
0.368403
0.0519457
0.019944
-0.0704564
-0.143874
0.0555812
0.0163737
-0.00962835
0.0461317
-0.136122
-0.00729271
-0.230246
-0.131756
-0.102388
-0.176295
-0.0744272
-0.094479
-0.336797
0.0179832
0.0369546
0.235873
0.0132363
0.163732
-0.316211
0.192083
-0.2303
-0.0899248
-0.0463608
0.216853
-0.177024
-0.0682969
0.157201
0.177062
0.0976132
-0.232667
-0.069029
0.0684916
-0.101557
-0.287512
-0.0875525
0.0808448
0.161406
0.0181403
-0.198575
-0.0928669
-0.0897427
-0.201713
-0.230261
0.00833681
-0.327323
0.560302
0.385584
0.306903
0.0352084
0.124666
-0.048714
0.322098
-0.423495
0.122304
-0.00535647
-0.178938
-0.0338761
-0.350894
0.141279
0.304939
0.10194
0.104629
0.338325
-0.160947
-0.0156633
-0.169152
0.07729
0.0955187
0.159083
-0.106986
0.0652582
0.0458397
0.137286
-0.167135
-0.12447
0.233144
-0.0541896
-0.0102575
0.0143575
0.0536578
0.137172
-0.100036
-0.260289
0.0913059
-0.00619899
0.0412542
0.010287
0.146971
0.00557089
-0.326261
0.0438437
-0.099446
0.137912
-0.0770797
-0.038239
0.05913
0.218802
0.0163207
0.0157853
0.194993
-0.0816658
0.107081
-0.0548986
0.227108
-0.129002
0.0518994
0.121522
0.0616642
-0.145789
0.162716
0.101924
0.0719685
-0.165198
0.0764739
-0.16376
-0.0458873
0.0298019
-0.00683193
0.00439249
-0.0980688
-0.20259
0.180885
0.0635017
-0.026041
0.23725
-0.017311
-0.073908
-0.0954847
0.11486
0.136495
-0.0641703
-0.0544357
-0.089765
-0.000487413
-0.0836989
0.0431606
-0.0195954
0.1721
-0.0813052
0.115949
-0.037054
0.0639164
0.11242
-0.111462
-0.0788655
0.0707193
-0.14097
0.0286443
0.0835209
0.0278458
0.0645148
0.0176094
0.133672
0.018282
0.0987985
0.0166806
-0.0343181
0.101683
0.0316797
-0.0745379
-0.087669
0.0710293
0.0378613
-0.106096
0.137844
0.0449192
0.158348
-0.02524
-0.0642885
0.0566138
-0.134126
-0.0804251
0.0262667
-0.0595446
0.0351234
0.108744
0.0277987
0.0770664
-0.093007
-0.173797
-0.036242
-0.0027933
-0.0729009
-0.0724914
-0.0578036
-0.172059
0.139218
0.0546748
0.244486
-0.0524205
-0.0840734
-0.000469054
0.192792
-0.0586052
0.174795
-0.0296054
0.097141
-0.030312
-0.0258603
-0.00408933
0.012263
-0.170295
-0.0727512
-0.0167567
0.0904312
0.106535
0.0360196
0.0779766
0.00406348
0.155424
-0.0436507
-0.0568527
0.0461336
0.0973882
-0.0826524
-0.0469621
0.0295448
0.0272291
0.0422589
-0.184124
-0.00949947
-0.0617398
-0.0200565
0.0273399
0.191993
0.00535523
-0.0411302
0.0482661
-0.0446828
0.155083
-0.0521663
0.0504024
-0.0136808
-0.0686862
-0.0459054
0.0725496
-0.0810406
0.0575086
-0.0128995
0.0168994
-0.0485514
0.00624916
0.094156
0.025165
-0.0397632
0.0503401
0.0505262
0.0349987
0.0144014
0.105844
0.0503584
-0.00386473
-0.0482198
0.0987726
-0.0505528
-0.0116032
0.0184728
0.0910049
0.00467737
0.107821
0.0243626
-0.0508928
0.0466966
0.00251794
-0.0180593
-0.028204
0.0151643
0.0491257
-0.0756783
-0.0482275
0.0152549
-0.0241643
-0.0289042
-0.0144835
0.0544173
0.125973
0.00544127
0.0217355
-0.0100259
-0.0196632
0.0296891
0.088956
-0.00372524
0.128747
-0.0594374
0.0176631
-0.0989862
0.0492031
0.012366
-0.00659332
0.104159
0.0597891
-0.0320871
0.0511282
-0.0385248
0.0377152
-0.104163
-0.0278517
-0.270219
0.0277731
-0.190482
0.0491338
0.151009
-0.157404
0.0451045
-0.193332
0.0341364
-0.0228887
0.127593
0.0183388
0.110175
-0.00337197
-0.0261714
0.115147
0.166163
0.0679857
-0.0490999
-0.0172421
0.045504
0.0847152
-0.154491
-0.00741656
0.0563104
0.0208815
0.0692919
-0.100425
0.0572763
0.0431491
0.035681
-0.006073
-0.144404
-0.0879027
-0.0916101
0.0558987
0.0394412
0.0434127
-0.13248
0.00626894
-0.269314
0.108428
-0.102421
0.102421
-0.0634625
-0.148074
0.0730198
0.164806
-0.0628692
-0.00767329
0.0527414
-0.055727
0.0887611
0.0510302
-0.0332877
-0.0499282
0.0364129
0.0358597
0.0717541
0.0679212
0.0273711
0.00496853
0.0148908
-0.0119936
-0.143797
0.0736159
0.0991072
0.0156675
0.0111173
-0.0119413
-0.10437
0.0344964
0.0409913
0.00123954
0.0642453
-0.046083
-0.0670338
-0.0324365
-0.0685449
-0.00587322
-0.0513275
-0.0143514
0.0295247
-0.00505519
-0.0418031
0.0156438
-0.0198761
-0.103399
0.0222165
-0.0504857
0.0167142
0.0971585
-0.154273
0.0258065
-0.0901821
0.0845963
0.0334678
0.112452
0.013122
-0.0110044
0.0283328
-0.0809824
0.016589
-0.228699
-0.0855938
0.0607772
-0.0713086
-0.0184567
-0.0343673
0.0953204
0.0139799
0.00436472
0.021795
-0.0248501
0.133549
-0.0124987
0.0292826
0.0809409
0.0760589
-0.0148264
-0.0962693
0.0674006
0.0381907
0.0776277
0.0352394
-0.0050266
-0.00293335
-0.0613783
0.0340988
0.0857836
-0.0342252
-0.0200887
0.0438918
0.0565655
-0.0353159
0.0460936
-0.0565044
-0.0748597
0.0301786
-0.0659237
0.0479113
0.034739
-0.067075
0.171401
0.0958796
0.00859652
-0.00818699
-0.0016382
-0.0443332
-0.00576132
-0.0776896
0.0227909
-0.0676955
-0.0200225
-0.0301092
0.0950364
-0.100063
0.0589085
-0.00791782
-0.164772
0.0296234
0.118876
0.0607803
-0.026598
0.0824721
0.0907995
0.0322588
-0.0298051
0.0546427
-0.0122075
-0.00325786
0.0215636
0.0918347
0.0353755
-0.0124476
-0.0665151
0.0889897
0.00200421
-0.0760399
-0.0522342
0.0158205
-0.0125733
0.0715776
-0.0157274
-0.0100947
-0.0412923
0.112143
0.0412322
-0.0231972
-0.0481658
0.0361461
-0.01886
-0.0717514
0.0399702
0.0746662
0.0107924
-0.00519491
0.0363078
-0.0783659
0.046454
-0.0207975
0.0455381
0.00278946
-0.00557969
0.00996155
-0.00238987
-0.000398367
0.0607663
0.0395179
-0.0672737
0.0491148
0.0641975
-0.00392665
-0.0745051
-0.0770579
0.0374115
0.0499288
0.0410241
0.00983652
0.0176814
-0.0409111
-0.0106486
-0.00552595
0.0653263
0.00352962
0.042649
-0.0383367
0.0667984
0.0779512
0.0312422
-0.00500761
0.0912828
0.0533091
0.0185912
-0.0159332
-0.00987617
0.0904196
0.0146774
0.0397839
-0.0608658
0.010923
0.0139189
-0.0131661
-0.0721561
-0.055128
-0.00610175
0.113793
-0.03211
0.0738873
-0.00338085
-0.000375721
0.0659104
-0.00858866
-0.0550677
-0.0610401
-0.0812087
0.0228354
-0.0148371
0.0807664
-0.13957
0
0.0218053
-0.0241033
0.018752
-0.0340859
0.0577627
0.0274255
-0.0304774
0.00381476
0.0471825
-0.044513
0.0839145
0.0396234
0.0297088
0.0217554
-0.02138
-0.0338512
0.0462346
-0.0240303
-0.157621
-0.176068
0.0685611
-0.0538021
-0.014759
0.07705
0.0454091
-0.0357713
-0.136954
-0.0140729
0.0168071
0.030026
0.0439015
0.0514259
0.0569167
0.0432396
-0.0340403
-0.0730604
-0.0216358
0.0609241
0.000768817
-0.0419869
0.0100313
0.113879
0.046785
0.00872418
0.0412419
-0.00793246
-0.0056699
0.0697051
-0.00863963
0.0476129
-0.00299256
0.133048
-0.00147683
-0.0214386
-0.0315019
0.116982
-0.0238756
0.00220629
0.0604829
0.0397557
0.0138227
-0.0404306
0.0553232
0.0130581
-0.00326294
0.0477501
0.0115415
0.0420856
-0.0818155
-0.0974624
0.0847879
0.0296693
-0.0314813
0.0776191
0.0247832
-0.0222661
0.05879
-0.183604
0.136671
0.0522924
-0.0382971
0.0572125
0.0455355
-0.0181182
-0.0234959
0.0391292
-0.02168
0.0142217
0.00710328
0.0414534
0.00600887
0.0278763
0.0495616
-0.00596251
0.0094682
0.0747288
-0.0121839
-0.0755222
-0.0379761
0.0621633
0.0607353
0.0831721
-0.0314547
-0.0225284
-0.00416464
-0.0236325
-0.0257813
-0.0317954
0.0950846
0.00693049
-0.0573207
-0.0488947
-0.0685042
-0.0657827
0.0279929
-0.00247722
0.0803727
0.0706717
-0.00453317
0.0563441
0.0828934
0.0377644
-0.00959923
0.0308219
0.0228837
-0.0694958
0.0329252
0.00273888
0.0597261
0.0244698
0.0111954
-0.10361
-0.0360373
0.0469943
0.120418
-0.0318342
0.0851155
-0.0340268
0.0363808
0.0787076
0.0286495
-0.103323
-0.138764
-0.0461153
0.0273532
0.0228509
-0.0717976
-0.103471
0.0162813
-0.00276941
-0.0197543
-0.174976
0.0457892
-0.0450832
0.116866
-0.0293512
0.0398129
-0.133331
0.0144715
0.235978
0.00551021
0.0378007
0.147424
-0.0125129
0.0391773
0.00471793
-0.00977534
0.00674263
0.104934
0.0020008
-0.0297197
-0.0765413
0.0433782
0.0615489
0.0283055
0.00797766
0.0407859
-0.0251814
0.0291516
-0.0673761
0.0222877
-0.0492989
0.160327
0.0775794
-0.0388781
0.0525638
-0.0104255
0.00456249
-0.0019551
-0.00195548
0.0136803
-0.0296644
-0.0209157
0.0700911
-0.0120272
0.0370106
0.0513924
-0.0203314
0.00484457
0.0270863
-0.0138564
0.056273
-0.058853
0.0373459
0.0592732
0.0985418
-0.0348554
0.0651757
0.0192184
-0.0634662
0.0584289
0.0355218
-0.0569587
0.0220667
-0.0739574
-0.0866606
0.0587055
-0.0603055
-0.0243527
-0.0224827
0.111594
0.0965152
0.115225
-0.00467079
-0.000934419
0.106582
-0.0903975
0.00652853
0.0111819
-0.0320259
-0.0168313
0.115995
-0.0373809
0.0497076
-0.0178786
0.0120253
0.0562343
0.0296795
0.0234975
0.0334723
0.0566471
-0.0181406
0.0314228
0.0298206
-0.13932
0.0868488
-0.0908145
-0.00488296
0.0554035
-0.0563193
-0.0809225
0.0790906
0.0790758
0.0757499
0.0195233
0.0221803
0.00478927
0.00747865
0.0215073
0.0104383
0.0285748
-0.00802843
0.0501462
-0.0781475
-0.0601393
0.0227818
0.07933
-0.0655662
0.0821873
-0.0490525
0.0356984
0.0234321
-0.0451334
0.0483917
-0.116476
-0.0197955
0.0383556
-0.00957511
0.114301
0.02483
0.0700188
-0.0529102
-0.00707589
0.0188579
-0.0549046
-0.040337
0.100833
-0.0794581
0.0461567
0.0984043
0.00759701
0.0428441
-0.0554115
-0.0339818
-0.210547
-0.147328
0.0148916
-0.283679
-0.0454041
0.00439285
-0.291241
0.251636
-0.141144
0.12223
0.195607
-0.00804854
-0.221062
0.0948472
0.0388131
0.0268306
-0.0631351
-0.201746
0.0539222
-0.271586
0.16763
-0.0794116
-0.225833
0.0195393
0.240912
-0.0667555
0.0719218
0.0521589
0.00224766
0.040052
0.0143795
-0.0278191
-0.0677925
0.016428
0.176104
0.139432
0.047911
0.0207729
-0.121214
0.0923679
-0.0183432
0.0329316
-0.0922326
0.0265729
-0.146557
-0.126253
-0.0411523
-0.018703
0.222792
0.0220716
-0.0930298
0.184266
0.011541
0.0413757
0.100699
0.0597529
-0.0391821
-0.0779005
0.101183
-0.0823455
0.115034
-0.11164
0.00647479
0.0666618
-0.0789983
0.0126448
0.0892904
0.0839574
0.039604
0.012363
-0.0259497
-0.0087657
0.0314
-0.04744
0.0272224
0.0105665
0.0415538
0.0243101
0.0570909
-0.0232753
0.0506587
0.040639
-0.0341019
-0.109614
-0.0938379
0.0408417
-0.0547963
0.127594
0.0302264
0.000298815
0.0304323
0.00357419
-0.0546458
0.106032
0.0434571
-0.115413
-0.00537281
0.136113
0.0546337
0.00732054
-0.005856
-0.00117161
-0.0255166
0.0728574
0.0575583
0.0162192
0.01128
0.0668398
0.00889744
0.0814302
0.0272805
0.0198452
-0.10878
0.0948928
-0.00028362
0.0303018
0.0335926
0.00169076
0.0312276
-0.015461
-0.0256335
-0.0322052
-0.0019809
0.0355963
-0.0398424
0.0322253
0.110582
0.043726
-0.00778427
-0.0178154
-0.0125455
0.0209004
-0.0275978
0.0559524
0.0221828
-0.0775769
0.0342748
0.0138993
-0.0119522
-0.0239474
-0.0758396
-0.152286
-0.0302797
0.133284
-0.0694044
-0.070462
0.0650594
0.0657692
0.00339012
0.0563334
0.00870334
0.0584805
0.0353697
0.0634624
0.0603166
0.0542215
-0.00601011
-0.067176
0.0293936
-0.0112528
-0.0467934
0.102112
0.00409562
-0.0289784
0.125151
-0.00054076
-0.0292445
-0.0836005
-0.00848072
0.0226903
-0.0649273
0.17059
0.047442
0.0616607
-0.057359
-0.00779832
-0.004036
0.071064
-0.038285
-0.00509787
0.0911004
-0.0306303
-0.0666446
0.0257469
0.0336926
-0.0503132
0.112851
0.0537088
0.00659448
0.0344842
0.0283405
-0.0873782
0.051151
-0.0574972
0.0174423
0.0783781
-0.0107472
-0.0125968
0.036173
-0.0314474
-0.0666274
0.0327108
0.0218355
0.0430052
-0.308502
-0.150358
-0.0891561
-0.0310052
-0.119097
0.0918885
0.0543434
0.134308
0.0220742
-0.0507615
-0.108109
-0.269957
0.199458
0.00194956
0.14734
0.0768131
0.0413055
0.146715
0.0474554
-0.0835976
-0.0104654
-0.0635641
0.112577
-0.00187038
0.034945
0.104899
0.0131669
0.00710293
0.0589957
-0.0083693
-0.0366983
0.0664819
0.113872
0.0036102
-0.0511801
-0.0386878
0.126155
-0.0107953
-0.089638
0.0625988
0.0154599
-0.0593933
0.0214739
0.0440967
0.0277507
0.0769382
0.00381869
-0.0789609
0.0202468
-0.0734938
0.0529905
-0.0210597
0.0320855
-0.0189822
0.023594
0.0907776
-0.0149877
0.000762631
0.0759709
-0.0719045
-0.00177884
0.0231003
-0.0187808
0.0781896
0.0895809
-0.0322771
-0.0605811
-0.166272
-0.118888
-0.00960353
0.0979374
-0.0536305
0.0366443
0.155145
0.125512
-0.0351256
-0.0365106
0.0360079
-0.104859
-0.0323102
-0.0124941
-0.0619355
-0.0470916
0.100349
0.0537369
-0.037662
0.0883322
0.0451331
-0.064864
0.0590762
0.0314153
-0.11356
-0.0330478
0.116954
0.042192
0.0172774
-0.0481506
-0.117584
0.0961935
-0.110193
0.0609464
-0.154354
-0.088839
-0.287892
-0.0500503
-0.0177248
0.21381
-0.156719
0.0737598
-0.13085
-0.0915394
0.134187
0.196914
-0.179531
-0.312084
0.221904
-0.123976
-0.026787
-0.362014
0.213667
0.0650692
0.00165581
0.170453
0.0192425
0.0321687
0.015372
-0.174792
0.0587859
0.113311
0.132544
0.0278911
0.0655688
-0.181091
0.0316142
-0.223428
-0.0920576
0.169171
0.0222331
0.0803846
-0.120549
-0.15262
0.150445
0.264642
-0.0685735
0.0476261
-0.00504454
-0.110823
0.0703748
0.0778235
-0.00264613
0.079081
0.0502856
0.0211386
0.0153692
0.0713261
-0.0276919
0.0511827
0.0100506
0.0565075
0.00512125
-0.0946533
-0.0757481
0.0672162
-0.084678
-0.0649013
-0.133741
0.104818
-0.0615403
0.115374
0.0553685
0.0687823
-0.0440701
0.0912941
-0.152013
-0.0695094
-0.0686707
0.0349225
-0.0811439
-0.0560704
-0.159507
0.00326415
0.0225479
0.0525049
-0.126041
-0.0851022
-0.223588
0.110746
-0.267594
0.0764582
0.165731
-0.054939
-0.0425323
0.273418
0.0446692
0.126075
-0.041939
-0.149426
0.171094
0.00703197
0.0810506
0.0582936
-0.0403415
0.0320727
-0.246919
0.0444839
-0.176087
-0.0113692
-0.0467213
0.0200501
0.138962
0.0164478
-0.0191918
0.00685843
-0.125843
-0.0314313
-0.195519
-0.0207602
0.0613029
-0.132728
-0.0976742
-0.0490517
0.0316644
-0.25974
-0.0954112
-0.0506162
-0.107502
-0.58983
0.217205
-0.30634
0.511168
0.00465614
-0.110154
0.174496
-0.0655841
-0.000931171
0.19245
0.0215953
-0.321085
0.050698
-0.195754
0.0431994
-0.0926625
0.328528
0.00835487
0.011129
-0.196568
0.192551
0.0194538
-0.118855
0.0653434
-0.0794013
0.168019
0.143751
-0.018805
-0.185381
-0.136701
-0.141775
-0.134462
0.170966
-0.133648
-0.111076
-0.125138
0.119942
0.118199
-0.136408
-0.101733
-0.467439
0.349036
-0.103337
-0.0218741
0.324822
-0.0654388
0.122349
-0.0549532
-0.0238309
0.325093
0.112942
-0.0530089
0.0370417
0.0892139
-0.102069
-0.069577
-0.0408377
-0.143777
-0.0801297
0.0427296
0.171974
-0.0566772
0.237288
-0.116993
-0.046169
0.0603563
0.00755834
0.126693
0.0595055
-0.0915743
0.0751837
0.0154636
0.172186
-0.0282894
-0.0485519
0.0810931
-0.00212562
-0.135449
0.0338046
-0.011665
0.0499411
0.0369122
0.0449644
0.0899276
-0.209467
-0.086578
0.0386059
-0.167544
-0.0235372
-0.0339912
0.0928867
0.0237107
0.0376344
-0.114901
0.081628
-0.124743
-0.0145184
-0.201634
-0.0510502
-0.0682574
-0.172378
0.0901785
0.0524763
-0.0262037
0.0471174
-0.151299
-0.0498356
-0.173356
-0.00915425
-0.0772967
0.120958
-0.260715
-0.0395958
0.0710908
-0.223284
-0.0819604
0.0847869
-0.126199
0.129378
-0.149432
0.175178
-0.211808
-0.276868
0.0777411
-0.221167
0.0743915
0.285277
0.158722
0.05932
-0.0518412
0.206818
-0.16029
-0.0159583
-0.108121
0.0325949
0.154712
-0.00845428
-0.124824
-0.0950117
0.263791
0.0925496
-0.0268036
0.0829621
0.129823
-0.0417166
-0.256834
0.0515474
0.0467584
-0.0104493
-0.255546
0.0374686
-0.0829762
0.191376
-0.0590139
0.020889
0.0180215
0.138838
0.0337163
-0.0347609
0.100476
-0.156345
-0.262538
-0.215844
0.327377
-0.0606171
-0.0807976
-0.0611202
0.170846
-0.353155
-0.267322
-0.210905
-0.0493387
0.800876
-0.211804
-0.18679
-0.0619174
0.199384
-0.189602
-0.560309
0.182081
0.0661738
-0.137114
0.278879
-0.792971
-0.0323504
-0.617287
-0.202198
-0.78042
0.940996
0.299417
-0.670047
-0.508644
0.374209
0.354855
-0.0501232
-0.526523
-0.0406417
-0.485937
-0.191952
0.223088
0.691533
0.117222
0.266037
0.0588171
0.443077
-0.232664
-0.571404
0.190324
0.0617398
-0.405938
-0.333053
-0.055705
0.0722589
-0.256222
0.0770631
-0.411502
-0.369011
-0.250501
0.810685
0.0635916
0.00402394
0.237047
0.128335
-0.616949
0.168243
0.0551216
-0.0449848
-0.390505
0.651013
0.133355
0.00194789
-0.0772318
-0.277125
-0.0358831
0.0756586
-0.0756586
-0.0101312
-0.0446996
-0.159593
-0.0139762
-0.0326874
0.0539029
0.176252
0.0738758
0
0.302888
0.204775
0.198318
-0.12099
-0.0734947
-0.0456085
-0.159577
-0.141316
-0.445667
-0.088533
0.0931983
-0.169336
-0.214168
-0.0637461
-0.0909171
-0.0197077
0.300657
0.0132848
0.314167
-0.183329
0.0230355
-0.260113
0.183999
0.254403
-0.00873654
0.205081
0.0412185
-0.281322
-0.0356636
-0.129767
0.0329921
-0.136866
-0.251724
-0.0343016
0.00218138
-0.358609
-0.0931243
-0.139597
-0.0318684
0.21984
-0.184501
-0.51135
-0.181801
0.381856
-0.366372
-0.12893
-0.0976416
0.495224
0.0150498
0.0671465
0.0720391
0.270382
-0.0660413
-0.0752607
0.0647932
0.0412252
0.294046
0.0269709
0.0341708
0.0167626
-0.109462
-0.386677
0.346522
0.15743
0.481896
-0.103667
-0.0625036
-0.0841322
0.0304779
0.217166
0
0
0.1546
-0.0246389
0.171727
0.160708
-0.363451
0.0142057
0.113964
-0.0463699
0.223603
0.0361922
-0.151759
0.189848
0.148427
0.0124779
0.162774
0.0635948
0.142828
-0.0835128
0.154885
-0.140353
-0.0198658
-0.268387
0.0487054
0.0603037
0.239086
0.140945
0.045914
-0.199377
-0.0270153
0.0168931
0.0768643
0.0691516
-0.118565
0.013457
0.288764
-0.00326683
-0.202751
-0.0224124
0.0613951
-0.069992
0.0476668
0.117242
0.0949559
-0.0209717
-0.251803
-0.0105309
-0.201734
0.049236
0.127563
-0.282422
-0.0490136
0.237371
-0.0812676
-0.009288
0.17261
-0.106317
0.174822
-0.258247
-0.00195982
-0.117306
-0.0746458
-0.108983
0.0694447
-0.10891
0.178374
0.133566
0.270509
0.0372369
0.0385229
0.120316
0.0840655
0.0292568
0.190158
-0.00546125
0.0417935
-0.0933671
0.0833889
0.219029
-0.0151057
0.156608
-0.0293699
-0.0404699
0.0448589
0.121684
-0.0486704
-0.14082
0.1011
0.0797164
-0.0744696
-0.200448
0.132904
-0.0343855
0.140322
0.223906
0.084378
0.0421337
-0.0586141
-0.051305
0.0960346
-0.0637792
-0.18561
-0.0462954
0.00390227
0.136484
0.142238
0.0290471
0.0920547
0.0158149
0.0526743
-0.0335633
0.0178316
0.142337
0.0521471
-0.0480633
-0.0799365
0.0513148
0.0212696
-0.196408
-0.0430126
0.176298
0.0160233
-0.0460849
-0.160057
-0.19124
0.0846471
0.21289
-0.0361394
0.129824
-0.0292079
0.0661098
-0.0987094
0.206176
0.0121394
-0.0689854
0.151947
-0.0438112
0.0377935
-0.119496
-0.0545693
-0.125328
0.0177646
-0.205591
0.183277
-0.200567
0.0299218
-0.11597
0.178474
0.0579591
0.0224262
0.192282
-0.0175135
0.036215
0.0166393
0.0481383
0.141846
-0.0390672
-0.0283995
-0.166815
-0.0776878
0.19793
-0.0650021
0.0436505
-0.332537
0.114003
-0.142394
0.264482
0.0483397
-0.0178463
0.109013
-0.0462861
-0.157356
-0.106711
0.101791
0.0507138
0.0776158
0.00526092
0.127037
-0.126632
-0.0401322
0.136358
0.0631093
0.0298181
0.000396975
0
0.0498932
0.0362734
-0.0366684
0.028794
0
0.14701
-0.00232901
0.0143536
0.00310078
0.0429243
-0.0131284
-0.0943348
0.0225971
0.0728968
-0.0931539
0.0687849
0.0790792
-0.153325
-0.139082
-0.113396
-0.0650344
0.0450071
-0.0845552
-0.109775
0.0956127
0.0589448
0.0953495
-0.0559778
-0.272319
-0.218269
0.0608772
0.011713
0.071652
0.0343935
-0.0298285
0.0372718
0.101173
0.134536
0.0583702
0.0464521
-0.0252015
-0.118049
0.0194348
-0.160245
0.10264
0.116889
0.078504
0.0774967
0.0158228
0.160367
-0.00856098
-0.00545171
0.0586444
-0.0248139
0.0310078
-0.0679548
0.092306
0.0887836
-0.00535844
-0.0383583
-0.00307503
0.0662876
0.0129761
0.0986763
-0.0454219
0.0113748
-0.00075792
-0.0113757
0.152491
0
0
0.0651784
-0.0282539
-0.0871213
0.129101
-0.0140976
-0.0249048
0.0649196
0.0626638
-0.156282
-0.0670352
0.135478
-0.0568785
-0.109082
0.0788381
0.099718
-0.317845
-0.131183
0.134623
-0.0701623
0.0234422
-0.294483
-0.0957287
-0.146751
-0.40164
0.690659
-0.0477253
0.144057
0.0249105
-0.347276
-0.0149028
0.128559
-0.306685
-0.225325
-0.0492228
0.0383054
-0.251433
0.239662
0.292231
-0.0319149
0.0392655
0.0150925
0.00244529
0.142019
-0.177534
-0.0747069
-0.109784
0.187353
0.156576
0.0401671
0.122315
0.0690597
0.00746929
0.016099
0.0242956
0.104346
-0.0489226
-0.096997
-0.184845
-0.0582202
0.121277
-0.304559
-0.020528
-0.250523
-0.0012643
-0.0248972
0.253643
0.135021
0.102698
0.0597567
0.0434896
0.189686
-0.00273486
-0.11594
-0.193987
-0.0780922
0.00690313
0.11663
0.203736
0.0627035
0.0448265
0.0384295
-0.0349298
-0.0370032
-0.035574
0.260528
-0.00114471
0.00419663
-0.0263535
-0.106501
0.136286
-0.0892401
-0.204045
0.00981143
0.0246822
0.0019563
0.111268
-0.0337164
-0.144675
-0.0691634
0.0636479
-0.171304
-0.0768631
0.0848775
0.0634872
-0.00318471
0.00597051
0.270085
-0.000387319
0.0856189
0.0207159
-0.0453237
0.0984513
0.104661
-0.0147228
0.065895
-0.0018767
-0.0323345
-0.0782598
-0.0231794
0.127015
-0.0455547
-0.145194
-0.00459541
0.110469
-0.0398566
-0.021322
-0.0512057
-0.0499291
-0.0242864
-0.0522417
0.132585
0.0507935
-0.00762166
-0.00152503
0.0353969
-0.0273931
0.142608
-0.0214314
0.0056443
0.0304243
-0.0526436
0.0334983
0.0558315
-0.0325617
0.0250857
-0.0187147
-0.0748335
0.0365466
0.00225623
0.0165302
0.0412063
-0.037078
0.160796
0.0420045
-0.00220637
0.0568423
-0.0726689
-0.00331571
-0.044685
0.0803632
-0.237036
0.0498792
0.142631
-0.0610378
-0.0655203
-0.155077
0.100773
0.0535572
-0.0419225
-0.167944
-0.0125957
0.199651
0.167067
-0.0246982
0.0162266
0.0927953
0.0389878
0.0344884
0.00941824
0.0289237
0.0237992
-0.0404201
0.0382589
-0.0422376
0.0706564
0.0975897
0.0120876
0.0110083
-0.011719
-0.0802701
0.0218259
0.0299775
-0.129474
-0.0437748
0.0798083
0.0845277
0.00356595
0.035945
-0.0167108
-0.090796
0.124899
0.134211
-0.061422
-0.00951022
0.0102143
0.0925089
-0.139794
-0.118484
0.0667085
0.025921
-0.0672493
0.0842567
0.0145043
-0.0862732
-0.014273
0.147101
0.0137133
0.0143963
0.0315292
0.0988453
-0.00623593
-0.0420205
-0.0198561
0.0421039
0.0388148
0.0114078
0.0441258
0.0151234
-0.00412229
-0.133515
-0.0628757
-0.105679
-0.0646608
0.126091
0.0823713
-0.0644373
-0.0659161
0.0289579
-0.0594187
-0.0419467
0.0387535
-0.0227362
-0.117701
-0.0889216
-0.106219
-0.229767
-0.156673
0.185169
0.0205719
0.174091
-0.0194806
0.0480814
0.0969254
0.00906142
0.00796726
0.00976934
0.0735059
-0.095591
0.148225
0.00856715
0.0231659
0.0234675
-0.0280964
0.0320023
-0.0245259
-0.17049
0.0724994
-0.0446638
0.0277583
-0.171745
0.0500485
0.16767
0.0503995
0
0
0.0270607
0.0315967
0.0325572
0.0261106
0.00528439
-0.05297
-0.139409
-0.0262444
0.126629
-0.0320422
0.0884003
0.0285891
-0.0682548
-0.0462387
-0.0131994
-0.10226
0.0320461
0.0655717
-0.0125078
-0.17568
0.022175
0.0716408
-0.00829561
0.0686818
-0.00824565
0.0800176
-0.0958108
-0.134167
-0.0364738
-0.0553287
-0.0106612
-0.105755
0.101708
-0.134474
0.0216079
0.0782166
-0.10654
-0.0456349
0.0164825
-0.0529151
0.143086
-0.0565415
-0.141255
-0.0124931
0.00113639
0.0461039
0.170836
0.112779
0.075213
0.0225266
0.00290297
-0.0301594
0.0414004
-0.078954
-0.142003
-0.064677
0.0661589
-0.0840747
-0.0288071
-0.181854
0.0828304
0.129699
0.102191
0.0567743
-0.027241
-0.0443329
-0.112823
0.00112332
-0.0687546
-0.122519
-0.194226
-0.197676
-0.35511
-0.177583
-0.423267
0.139644
-0.381877
0.247908
0.359233
0.0151471
-0.0122
0.0206051
-0.488532
-0.15873
0.079013
0.0766287
0.138471
-0.119075
-0.0684949
0.121641
0.102851
0.290148
0.0629778
-0.246602
-0.423228
-0.0660039
0.304358
0.0709763
-0.258442
-0.255245
0.0882225
0.148304
0.199627
0.0640734
-0.228521
0.18236
-0.165926
-0.474397
0.0603138
0.187418
0.427885
-0.110213
0.0661862
-0.119541
-0.11383
-0.279333
0.303005
0.269371
0.0744173
0.168833
-0.0280124
0.163565
-0.110577
0.0833619
-0.0964766
-0.0377479
0.0584698
-0.154969
0.248318
0.128911
-0.0721516
0.0212019
0.351715
-0.0168533
-0.224181
-0.35194
0.0914718
0.207759
-0.101254
-0.0552072
0.0860238
-0.174486
-0.0419768
0.236402
-0.104704
-0.060568
0.000421879
-0.13036
-0.0772304
-0.324367
-0.0665136
-0.133462
-0.0149901
0.0706653
0.368238
0.0793019
0.356151
-0.0664482
0.0934859
0.0835613
-0.0342501
-0.019861
-0.155696
0.117102
-0.18718
0.0528152
-0.20693
0.0980379
-0.0435489
0.00171138
0.201591
-0.0512822
0.104388
0.0863721
0
0.0020671
-0.0709385
0.0936484
0.0854215
0.106165
0.156965
-0.0575219
-0.0897372
0.00565748
-0.0449439
0.176982
-0.0355467
-0.0172196
-0.0128339
0.0775539
0.085252
0.00828811
0.121166
-0.028102
0.0452366
-0.0378131
-0.0426623
0.113494
-0.0958586
-0.113405
0.0745669
0.198481
0.0230938
0.171146
-0.0124794
-0.027282
-0.0205105
0.0239248
-0.0914501
0.0736069
-0.0232058
0.0607535
0.00567677
0.0611046
0.083507
-0.0515947
-0.0824289
-0.0192937
0.0260944
-0.0344287
0.0177966
-0.000378322
0.103129
0.00561514
-0.0619406
-0.270999
0.0636368
0.154504
0.0483385
-0.0214969
0.175519
0.0263046
0.0262356
0.0522656
-0.0121219
-0.114595
-0.0111599
-0.119067
0.00602478
0.0925499
-0.0448565
-0.106212
-0.128041
0.0984628
0.144777
-0.108007
-0.21146
0.011973
0
0
-0.254099
0.0733731
0.114501
-0.155066
0.033881
0.202066
-0.0672908
-0.0466727
0.0497765
-0.237088
0.103534
0.101305
0.00933562
0.0743728
-0.0712629
0.0422768
-0.0380022
0.00543774
-0.177467
0.0720717
-0.168184
-0.033979
0.0547093
0.0345877
-0.181823
-0.0677226
-0.0554922
-0.113986
-0.114463
0.0538567
0.189311
-0.21683
0.0997059
0.0239472
-0.00082481
0.0751899
-0.154274
-0.0345625
-0.195449
-0.0520301
0.030739
0.225913
0.111483
-0.0293044
-0.000413351
0.0626341
-0.036214
-0.0297275
0.0975216
0.00614037
0.158743
0.0562318
-0.050997
-0.0735387
-0.153661
-0.00947653
0.134302
-0.0489258
0.262196
0.144274
0.10035
-0.00233136
-0.0155563
-0.0989584
-0.0370181
0.084077
-0.000391244
-0.1062
0.132379
0.0183239
-0.02496
0.110288
0.112523
-0.141917
-0.251818
-0.0469821
-0.0071862
0.244208
0.125101
0.157712
-0.0974652
0.0454243
-0.126092
0.240076
0.045832
0.0746829
0.0148699
0.0396686
-0.0144404
-0.0430747
0.0675002
-0.00702546
0.0321288
0.0591859
-0.0488675
0.0397001
-0.122176
-0.05885
0.0115739
0.0446762
-0.0700816
-0.0116033
-0.076695
0.0474398
0.0837858
-0.11388
0.00226023
0.230109
0.0231631
-0.0224269
0.0327044
0.0120992
-0.0179708
0.128747
-0.0341223
-0.0440955
0.0400948
-0.0145613
0.0465219
-0.0392385
0.0392385
-0.185184
0.034294
-0.11738
0.142381
-0.0261054
-0.00920827
-0.00147411
0.101937
-0.0982521
-0.0454185
-0.0552969
0.0789551
-0.0521962
0.0507192
0.131335
0.0465422
0.018846
-0.0763279
-0.0413141
-0.168102
0.0416419
0.0263085
0.0103562
-0.0388911
0.0849937
-0.0538687
0.125002
0.0419288
-0.0598476
0.0558447
-0.135588
-0.0169861
-0.0114634
-0.0274176
0.0396201
-0.0913248
-0.0981906
-0.100686
0.215273
0.0338246
0.02298
0.0586923
0.0598134
-0.0487779
0.0315678
0.0106225
0.115023
-0.0191998
0.0126832
0.00398284
0.0242249
0.0687387
0.012545
0.0136025
0.0335691
0.00534635
-0.0360541
-0.00822854
-0.00787712
0.0457438
0.0423405
0.0056792
-0.0305637
-0.0160299
0
0
0.00356443
-0.0650723
0.0322315
0
0.200003
0.052433
0.0348032
-0.0417784
-0.0132663
0.0685852
-0.0270993
-0.0125322
-0.0373415
-0.00139865
0.0020979
0.0460428
-0.0111425
0.0260956
-0.00417072
0.0194485
0.0232192
0.0286895
-0.0124335
0.0324328
-0.0576928
-0.0489712
0.0340621
-0.150326
0.058301
-0.0364861
-0.0225194
0.121146
-0.0600393
0.0506383
0.0417145
-0.0166649
-0.0156486
-0.0202055
0.112698
-0.0324653
-0.14671
0.129399
-0.00589285
-0.132637
0.0898969
0.0959963
-0.0317812
-0.00449897
0.179079
-0.0248515
-0.00647834
0.0801716
-0.00981703
0.00372484
-0.00169294
0.107774
-0.0362441
-0.0212032
-0.0425418
0.0320919
-0.0687009
-0.0146132
-0.0269032
0.0173762
-0.0450359
0.0457167
0
0
0.126503
-0.0918429
-0.10537
-0.158251
0.0177462
0.0149381
0.176174
0.0601889
-0.0875123
-0.0672594
-0.078467
-0.154928
0
0.0520267
0.0164655
0.240367
0.0681132
0.0760768
-0.0334025
0.0505665
-0.0225548
0.00707488
0.031943
0.105524
-0.00232554
0.0255513
0.0637587
0.00230487
0.0410692
-0.0173927
0.0393366
0.078212
-0.00292194
0.0243234
0.0339537
0.00709952
0.0193368
-0.214789
-0.0210755
0.0325824
0.127008
-0.18765
0.0346506
-0.0883483
-0.0764012
0.0334348
-0.150328
-0.116905
0.126388
-0.00609529
-0.118578
-0.0363999
-0.00585007
0.021319
0.0725558
-0.00784621
-0.0225495
-0.301391
-0.116297
-0.170489
0.145136
0.17192
0.0658542
-0.0489991
0.114076
-0.0403184
-0.0583316
0.231655
-0.132311
0.139838
0.0753049
0.00882223
0.0574928
-0.0114721
0.0397588
-0.0698513
0.0584116
0.0911534
0.00300195
0.0149963
-0.0286791
0.0552837
-0.0489406
-0.0240586
0.00501697
0.0123645
0.00500826
0.123079
0.0283156
0.0193795
-0.0407734
-0.0227606
0.0448121
0.0573687
0.00522876
0.0557123
0.0269301
-0.106848
0.0333497
-0.0520349
-0.083029
-0.0544075
0.097326
0.0381416
-0.00755101
-0.181284
-0.0375273
0.0749142
-0.0940671
0.187258
-0.0383649
0.0185394
0.073159
0.0504373
-0.00849757
0.128648
0.0348006
-0.00450436
0.0231437
0.0627323
-0.0470123
0.0425444
0.05634
-0.0270163
-0.0504133
0.0185357
-0.00574878
0
-0.0268714
-0.0552488
0.0770074
-0.0663836
-0.0399781
0.0109777
-0.0229376
-0.0759719
-0.0558852
0.167694
0.0424506
0.0195566
0.0829298
0.023161
0.0136177
0.0784936
0.0335418
0.044652
-0.0618791
0.0434804
-0.00905585
-0.0187623
0.0399838
0.000935206
0.0488208
-0.0270241
0.0310559
-0.0189326
0.0424708
-0.000928089
-0.0157907
0.026304
-0.0585821
-0.0579893
0.0812772
0.0176626
0.0524936
-0.0661251
0.0108448
-0.015186
0.0108495
0.0435892
-0.0600231
0.0557036
0.0354266
-0.00092258
-0.0326526
-0.154536
-0.0593996
-0.0896072
0.0662537
0.0205161
-0.0708796
-0.0512569
-0.0981501
-0.0158067
0.124803
-0.0745663
0.0857194
0.172083
0.053077
0.0701278
0.0250151
0
0
0.106461
-0.0167988
0.0344833
0
-0.074609
0.0557036
-0.0201644
0.0737381
0.0106197
-0.0407196
0.046783
0.0233097
0.015409
0.0985378
-0.0155572
0.0546425
-0.00953346
0.00774663
0.00893096
-0.100786
-0.241555
-0.08442
0.0680864
-0.056603
0.0288055
-0.024774
-0.134536
-0.0198179
0.0144741
0.147628
0.0716207
0.00645766
0.128892
0.0749792
-0.0156749
0.0553551
0.0371325
0.00119553
0.0101562
-0.00477812
0.0390538
0.0622889
0.00591209
-0.0204115
-0.0145205
0.0239918
-0.229221
0.20345
-0.00266979
0.0065249
-0.125908
-0.0499655
0.00271538
-0.107365
-0.105448
-0.0705078
0.111102
0.064244
-0.00915248
0.00122081
0.00732176
-0.107927
0.128034
0.0715697
0.0141923
0.0709607
0.0164653
0.0608358
0.0172291
0.00949301
0.0570644
-0.125198
-0.0319952
0.0379643
-0.0523507
-0.140145
0.0309767
-0.0978115
0.128995
0.0485489
0
0
0.137426
-0.0589217
0.0321822
-0.0785512
0.0188727
0.118707
-0.00680463
0.0180369
-0.0218851
-0.0257912
-0.0252627
-0.000297588
0.104502
-0.0300841
0.0712291
0.0272388
-0.0087786
-0.090871
0.0144652
-0.0141697
-0.00561441
0.0595292
0.0199601
0.0216761
0.0563135
0.0226692
-0.00522678
0.00638792
-0.00784029
0.0243719
-0.0464739
0.00232883
0.0415366
0.0667353
0.0376486
0.0315042
-0.0564917
0.00258781
-0.0218737
-0.0447596
0.0260138
-0.00837485
0.0581899
-0.00172354
-0.0512674
-0.021391
-0.105599
-0.00233987
0.00321717
-0.00321717
0.0882423
0.0228797
0.0930052
-0.0275522
-0.0909425
-0.140483
-0.000882418
-0.106162
0.0160409
0.0851195
-0.0404005
0.133553
-0.0946236
-0.00235502
-0.0504716
0.131985
0.0122574
0.042783
-0.0693597
-0.0178548
0.0272085
-0.05361
-0.131575
-0.122175
-0.022924
0.0286468
-0.0880104
-0.0679725
-0.0628962
0.136032
-0.0188421
0.0388609
0.0308596
-0.039954
0.116989
0.0564948
-0.00566496
0.0656949
-0.0225432
0.109568
0.0731618
0.0107826
-0.0666299
0.0278164
0.0251146
-0.00320882
0.0645614
0.112992
-0.037906
-0.0426723
-0.0353132
-0.00493061
-0.0124824
0
-0.0104624
-0.0311613
0.0451087
0.0979536
0.0212552
-0.0526461
-0.13942
0.0716953
-0.0848661
0.0251558
-0.0383439
0.061105
-0.0837119
-0.243069
0.0941198
0.0241362
-0.154461
-0.0865149
-0.0406312
-0.155798
-0.00186573
-0.000932995
-0.321411
-0.0428073
0.275184
-0.0525415
0.210074
0.0729402
0.0657123
-0.0332606
-0.0634709
0.0964269
0.0161332
0.0585302
0.182474
-0.0760007
-0.101334
0.164262
0.0213828
-0.0544377
0.0731102
0.0360606
-0.113944
0.0229525
-0.00685044
0.0481513
0.0606018
-0.00442184
-0.0256853
0.203659
0.0138937
0.016185
0
0.0348819
-0.00690906
-0.0464721
0.0499272
0.0565517
-0.129651
0.176202
-0.0674693
-0.235974
-0.0341277
-0.000294711
-0.261865
-0.221779
0.171432
0.0139771
0.290569
0.0367999
0.0489543
0.0609305
-0.00494222
0
0
0.0110439
-0.0948511
0.0444731
0
-0.0353869
-0.217387
-0.0715147
0.0478333
0.270907
-0.129948
0.0572442
0.143143
-0.14903
0.255202
0.112721
0.0221095
0.0784052
0.0604976
0.164231
0.172113
0.0543919
-0.0995839
0.0103012
-0.00867397
-0.0464795
0.00626421
0.0813498
0.0490316
0.0110125
0.0214529
-0.0742079
0.0642916
-0.0241617
0.0747121
0.0595826
-0.0138001
0.012474
0.0884623
0.0273045
0.0225225
0.0732394
0.0561937
-0.0126613
0.101101
0.03883
-0.0234844
-0.0926872
0.0752936
0.0808276
0.0101528
-0.025147
-0.0901839
0.148257
-0.00303475
0.0315669
0.0896102
-0.0714728
0.0331667
0.0545356
0.0790223
-0.0687988
0.031105
-0.113439
-0.0860584
0.0253139
0.108125
-0.063728
0.0306602
-0.0180832
0
0
0.163067
0.007911
0.110346
0.0919625
0.0169377
-0.0467693
0.0571596
-0.0758801
-0.177756
0.0784647
0.0551479
-0.00317806
-0.0443536
0.0304071
0.0974619
-0.149997
-0.223509
-0.038079
-0.0285913
0.0545814
-0.147496
-0.0597675
0.00771545
0.283365
0.0294448
-0.131675
-0.0159181
0.0637724
-0.0387695
0.0412818
0.166656
0.040434
0.0356139
-0.0031878
-0.028982
-0.0728245
0.129726
-0.0502631
-0.172559
0.0174904
-0.103386
-0.013125
-0.083188
-0.0933929
-0.0932354
-0.0395185
0.178408
0.0566487
-0.0925388
-0.164685
0.0642805
-0.0455001
0.0125007
0.0355932
0.222106
0.1155
-0.0379326
-0.0234343
0.011598
-0.272807
-0.12665
0.149929
-0.0416813
-0.0530643
-0.124395
-0.158104
0.00375526
0.217002
0.201082
0.195101
0.0463034
0.0433405
0.134087
0.00616439
0.0275699
-0.102291
-0.0592823
-0.0546107
-0.0872927
-0.223698
0.105938
0.101783
0.056438
0.0032803
0.0771545
-0.0172891
0.129069
-0.0802858
-0.0910043
0.0690186
-0.156539
-0.273517
0.0961446
-0.011644
0.0263736
0.0224403
-0.177276
-0.208553
-0.331041
-0.548133
0.411015
-0.176084
0.340567
0.027841
-0.0134973
-0.276678
0.0274496
0.234056
-0.255274
0.0480281
0.1174
0.131994
-0.122528
-0.101251
-0.0589274
0.078867
0.151472
-0.0182552
-0.179898
0.0858832
-0.316847
0.00865002
-0.213815
0.280171
-0.223213
-0.0687429
0.24863
-0.0443805
0.0469681
0.296542
0.0578792
0.0144176
0.0188225
0.0334056
-0.0284291
-0.0921896
-0.0744809
0.144534
0.0591064
0.0307955
-0.0434712
-0.000827232
0.200654
0.197237
-0.0390309
-0.107253
0.105657
-0.00345961
-0.00612378
0.0340326
0.0426429
0.050617
-0.0400506
0.0313691
-0.107697
0.0103703
0.0646377
-0.163726
-0.0816617
0.0299931
0.246242
-0.0144887
0.0428784
0.0217634
-0.0372626
-0.125132
0.137481
0.0922629
-0.0182282
0.0457679
-0.0309224
-0.00182194
-0.318957
-0.0409318
0.0508701
-0.182333
-0.0427433
-0.0269453
-0.206405
-0.177227
0.283187
0.0236108
0.123256
-0.101085
-0.11359
-0.00784292
0.263268
-0.00300272
0
-0.0489895
0.141387
-0.0537038
-0.0515332
0
-0.253311
0.0620512
-0.127029
-0.223734
-0.150033
-0.0328648
0.0874978
0.0409974
-0.152331
-0.286306
-0.0364476
0.129693
-0.324805
0.191155
0.295431
-0.0619601
0.086755
0.0306135
-0.158491
0.217978
-0.0193016
-0.207638
-0.15542
-0.0203589
-0.0873742
-0.360518
-0.159362
0.18573
-0.375305
0.286713
0.294895
-0.0432935
0.258818
0.00425739
-0.0775245
0.165609
-0.1225
-0.233032
0.19513
0.15196
0.0715298
0.142724
0.0662069
-0.0455622
0.0698749
-0.0254859
-0.101709
0.0490675
-0.167701
0.258402
0.070754
-0.110866
0.00410641
-0.00938857
0.030188
-0.0260795
-0.015269
-0.00676103
-0.147225
0
0
0.050306
0.129506
-0.107262
-0.130912
0.0401414
-0.191362
0.0758959
-0.0774197
0.113948
0.0303883
0.053033
0.2485
0.0270723
-0.0349457
0.0410487
0.145365
0.0431435
-0.0331268
-0.0323759
-0.0512128
0.0181559
0.0290384
0.0166375
-0.214962
-0.0070307
-0.167853
-0.112684
0.031896
-0.0358148
0.0466243
0.0902226
-0.0447108
-0.0488135
0.0470209
0.00149385
-0.000298753
0.0850816
-0.10931
0.12204
-0.0391286
0.218278
0.128199
0.0100363
0.0209004
0.0142902
-0.077123
-0.0963034
0.00668148
-0.0892603
0.0327629
0.111811
-0.049217
-0.0965289
-0.247131
-0.185539
-0.193725
0.0962501
-0.0725675
0.138782
0.358468
0.0699417
0.037572
0.146005
-0.729315
-0.419575
0.254231
0.304444
0.103296
0.0712865
-0.0743183
-0.171577
-0.168296
0.104857
0.161058
0.162714
0.105834
-0.0127959
0.0791901
-0.0171491
0.0230558
-0.0408273
0.102931
-0.00675091
-0.00734311
0.0176144
0.00967472
0.0432749
-0.0958656
0.0710347
-0.0595528
-0.130012
0.00327844
0.0671203
0.104238
0.00439297
0.0915191
-0.0200392
0.0776096
-0.0164562
-0.00115584
-0.0792032
-0.0833594
0.0714101
-0.0811072
0.00852227
0.0926867
0.0386331
-0.0847228
0.0495816
-0.01514
0.0450615
-0.0354507
0.00378352
0.195367
0.00513508
-0.0331391
0.0285747
-0.0325817
-0.109379
-0.095675
-0.103092
-0.0088608
0.0565739
-0.0743191
0.101607
-0.00791476
0.0427239
0.156452
-0.0727066
-0.155838
0.00558667
0.0697173
0.00437771
0.00583397
0.00903593
0.0832697
-0.0550487
-0.0401736
-0.0931929
0.0686602
-0.0530676
-0.0474416
-0.0872176
0.12819
-0.074701
0.148848
0.0338134
0.0188973
0
-0.000871396
-0.0346268
-0.0382577
-0.00146312
-0.0266663
-0.0538419
-0.107965
-0.113365
0.000301609
-0.0835913
0.152122
0.032
0.145248
-0.0274058
-0.0408055
0.0216063
0.0274583
-0.0203651
0.0627331
-0.0355888
0.0247197
0.0231927
-0.00733364
0.0313503
0.0178287
-0.0768017
0.0329035
0.0304566
-0.0330966
-0.0441034
0.0561246
0.0962331
0.0904278
0.121775
0.0967011
-0.0462546
0.105732
-0.0499146
0.0859335
0.0342233
-0.0119509
0.047995
-0.0210561
-0.0205447
0.00444568
0
0.01388
0.0290855
-0.0351903
0.0321472
0.0485786
0.0694209
-0.0123124
0.0103981
-0.00519772
-0.0488261
0.0109929
0.0227719
-0.0657128
0.0941733
-0.081492
-0.0151643
0.0179189
-0.00606127
-0.00744386
-0.0433948
0.0251753
0.128209
0.0247926
-0.0305227
-0.105087
-0.0672509
0.0851634
-0.0344757
0.0584008
-0.0680753
0.031477
0.0330269
0.0780046
0.0163448
0.0743034
0.00189105
0.0342471
-0.0369487
0.00324184
0.0221245
0.0634036
-0.000535633
-0.0142047
-0.0764616
-0.0132517
0.0194658
0.146129
-0.00212964
-0.010122
-0.0523715
-0.0268262
0.00832382
0.0083169
0.00911382
0.0377071
-0.0315466
0.0438175
0.06987
0.0156074
-0.0169312
-0.0533618
-0.0437509
0.0843954
-0.0183094
-0.0399192
0.0608793
0.032547
0.0508572
0.0178571
-0.0486568
0.0194911
0.0015787
0.0178745
0.0128604
-0.000262292
-0.00183623
0.0188709
-0.0346239
0
0
-0.111768
0.0236203
0.0217132
0.00158692
0.208589
0.021216
0.0469291
-0.0242106
-0.0180673
-0.011632
0.0744686
-0.00410836
0.0668077
0.0650971
-0.012681
0.0448187
0.0161563
-0.0520966
0.0313916
0.0085902
-0.00151538
-0.121214
-0.049979
0.059434
-0.00945506
0.0224731
0.00892413
-0.00586353
-0.0201662
-0.00255558
-0.0191877
-0.0130687
0.0427302
0.022698
-0.0130004
-0.0675678
-0.00565131
-0.000770881
0.0318137
-0.0970394
0.0549416
-0.0301418
-0.0395538
0.0658364
0.0855823
-0.0698972
-0.0182587
0.000772171
-0.0234491
0.0368239
-0.0792232
-0.00414615
-0.134644
-0.0339461
0.105929
-0.0289927
0.0180324
-0.0670669
-0.00657367
0.0383293
-0.0654585
0.150517
0.0321644
0.0181117
0.000516996
-0.111251
0.0770717
-0.0382012
-0.102326
-0.0244934
0.0405264
0.0516039
-0.0109795
-0.104647
-0.0129597
0.0635794
-0.0429575
0.00792017
0.0945559
-0.013603
0.0167395
-0.0737062
-0.10028
-0.10452
0.107445
0.00903462
0.068556
-0.0587334
-0.0710989
-0.0396295
0.0822962
-0.0501522
0.0157663
-0.0117556
-0.0476983
-0.104495
0.0700542
0.0770587
0.0602652
-0.0522445
-0.0125687
0.00642003
0.0267059
0.0149242
0.10385
0.05231
-0.00209765
0.0117935
-0.0283279
0.0325178
0.00444985
-0.00366444
0.0235337
0.00887613
0.0177287
0.00338573
0.0413175
0.0191715
0.0464805
0.0506239
0.0151117
-0.00819336
0.0161243
-0.0399744
0.0189822
-0.00128144
-0.000256308
0.0033315
0.0291672
-0.000255483
-0.024813
0.0286445
-0.0627668
0.0261794
0.0156236
-0.0361506
-0.0566676
0.106373
0.055053
0.012193
0.0332012
0.039142
-0.0462291
0.0283186
0.0133729
-0.0490371
-0.00506907
-0.111662
-0.035441
-0.0660801
-0.058962
-0.0496201
0.0774561
-0.0293992
0.0672564
0.0441582
-0.0268332
0.00155003
-0.0126656
-0.0456255
0.0557076
0.0242587
-0.032789
-0.0705891
0.09074
-0.0188579
-0.0108659
0.0023294
0.0732283
-0.00513941
0.0660965
-0.0237751
-0.0459205
-0.0185304
0.114492
-0.0418539
-0.0680022
0.0595591
-0.0104998
0
0
0.00665967
-0.0256384
-0.00924594
0
-0.0213497
0.0480369
0.0882771
0.0927911
0.0266412
0.0425788
-0.037811
-0.033926
0.031166
-0.0165763
0.0130624
-0.0095439
0.0190787
0.0537763
0.0306355
0.017393
-0.0502739
-0.0557955
0.0503048
-0.0192411
-0.0924723
-0.0166755
-0.0499399
-0.138699
-0.157651
-0.244054
0.19498
-0.161773
-0.145968
0.116516
-0.0632139
0.106026
0.052727
0.108569
-0.0627259
0.0598354
0.0154935
-0.0199622
0.0215364
0.049724
-0.0182906
-0.0716548
-0.126445
-0.210818
0.103808
0.0134727
0.0360177
0.104361
0.0429219
0.0253486
-0.0983193
-0.0146583
0.0516082
0.0219987
-0.107269
0.0504506
-0.0162552
-0.156163
-0.0906166
-0.0724283
0.120152
0.0458723
0.0435059
0
0
-0.0486527
-0.047257
0.236742
-0.0348892
0.012798
0.0827898
-0.0593694
0.0699341
0.0100261
-0.0385764
0.0798939
0.0285853
0.00235661
-0.00288037
0.0350318
-0.00182698
-0.0770363
0.0937278
0.0231653
0.0176633
-0.00752905
0.0623974
-0.0730516
0.0624638
0.0638733
0.012572
0.0623692
-0.0119835
0.0109642
-0.00535311
0.00458856
0.0213855
0.0653995
-0.0283379
0.030359
0.0269926
-0.110448
-0.0520994
0.0138175
-0.0322705
-0.138193
0.0264949
-0.0632362
0.100005
0.030967
-0.0314839
-0.000258475
-0.0243265
-0.0212694
0.0729571
-0.0105742
0.018562
0.122619
-0.0999791
-0.083093
-0.0702104
0.0281433
-0.0899188
0.108637
-0.205733
0.00212083
0.071842
-0.08192
0.0808672
-0.0840519
0.0808929
0.00631695
0.0404391
0.0201584
0.0581526
0.04307
-0.126361
0.0775694
0.0171562
-0.025485
0.0241863
0.0538833
-0.0227614
-0.0145115
-0.0192083
0.0853755
-0.0260528
0.0864092
0.0396111
-0.0296297
0.0176351
-0.0453005
-0.0824237
0.0649654
-0.0128564
0.0469744
-0.0205081
0.00923385
-0.108003
-0.0246507
0.000259798
-0.136541
0.0454588
-0.00970505
0.0567849
0.0239777
-0.00338467
-0.0166797
0.00469398
0.052267
-0.00285333
0.0290141
-0.0316087
-0.0807696
0.00653791
-0.0703101
-0.109861
-0.0590004
0.00802955
0.0464447
-0.00532751
0.0470502
-0.014862
0.0352612
0.0121667
0.0110958
0.0329507
0.0694985
0.0432901
-0.0561044
0.0456902
0.0299117
0.0347412
-0.0831649
0.0198144
-0.0522276
0.0496227
-0.10897
-0.0864982
-0.112208
0.0193252
-0.162196
-0.200398
-0.0194823
0.0100242
0.156844
-0.0398062
-0.0515714
-0.0118964
-0.0416101
-0.159152
-0.0223375
0.0508232
-0.0771833
0.0895676
0.000562556
0.169566
0.0405691
0.0275043
-0.0159433
-0.026169
0.105359
0.0188147
-0.0365711
-0.101956
0.0663485
-0.0597214
-0.106564
-0.0201078
-0.07295
-0.114705
0.113578
-0.0706577
0.0399123
0.122139
-0.0259875
-0.000279802
0.0198465
-0.0170489
0.102691
-0.0764307
-0.11674
-0.314255
0.0621409
-0.188773
0.151942
0.167684
-0.0165852
-0.0634485
-0.114416
-0.0819053
0.031086
-0.145704
0.0026736
-0.0425653
0
0
-0.170276
0.199763
0.0421441
0
-0.0130397
-0.0980444
0.279363
-0.0145717
0.0862462
0.0533488
0.0338798
0.009168
-0.0485138
0.0344719
0.0537682
0.00399247
0.178591
-0.0193437
-0.0357018
-0.00563396
0.0219545
0.0608262
-0.0971618
0.0801005
0.0357672
0.00446192
0.0289541
0.00583633
0.139882
0.0145104
-0.149948
-0.0559773
0.0848182
0.0458628
0.0601857
-0.0321089
0.140298
0.0227421
-0.0219289
0.0672585
-0.0283069
0.0221132
0.0255579
0.0391516
-0.0284099
0.00590303
0.0385522
0.0226869
0.0146524
-0.0042603
-0.0427032
-0.0889253
0.0779532
-0.00589244
0.0627631
0.0774416
0.067929
0.0264672
0.0568895
-0.0901814
-0.00393944
-0.123165
-0.0453117
0.0763779
0.00212067
-0.0116692
0.0595295
0.120092
0.0353845
0.100524
-0.0270344
0.00927716
-0.0185629
-0.0473364
0.0258947
0.0059463
0.0160116
0.0146977
0.0285601
0.0097586
0.0223063
0
0
0.0227677
-0.00945892
-0.0212513
0.0220185
0.00792504
0.000766607
-0.00664588
-0.0576976
0.0392706
-0.0879952
-0.138177
0.0154477
-0.166462
0.0324012
-0.121915
0.100681
0.0455992
0.126687
-0.0358456
-0.106725
0.0538999
-0.00817198
-0.143433
0.0560241
0.0217911
-0.0215251
-0.144427
0.0420157
-0.0812278
0.0386722
0.0586686
0.0377637
-0.00187143
0.0923505
0.0209064
0.0690239
-0.0302381
0.0155249
-0.0400454
-0.00924373
0.165614
-0.000259892
0.0360604
-0.0363203
-0.0252424
-0.010167
-0.031348
0.00026164
0.0693542
0.0776462
0.0365434
0.0841577
0.0091659
-0.0722818
-0.00538455
-0.0509116
-0.0198692
-0.0116302
0.00387822
0.0232378
0.0347558
-0.0370771
-0.022209
0.0116272
0.0126453
0.0975267
0.00485146
-0.0565762
0.0310157
0.0030707
-0.147948
0.0171233
0.0493892
-0.248893
-0.233297
-0.0466669
0.0241746
0.164403
-0.0844203
-0.0309986
0.0535805
-0.168981
-0.029265
0.123586
0.113789
-0.0687103
0.120467
-0.0402619
-0.0785896
-0.00215448
0.0628274
-0.0203622
0.103523
0.072466
0.031835
-0.0231427
0.0883372
0.0712524
0.0315629
-0.0279359
0.00983819
0.0842626
0.0197388
0.0334923
-0.057851
-0.00513571
0.0020546
0.0611873
0.0293087
-0.0804859
0.00102611
-0.0578832
0.0607045
0.0470746
0.0346524
-0.132117
-0.27356
-0.00158945
0.0728543
0.0704994
-0.110292
0.0418967
0.0644775
0.228583
-0.049149
0.110501
-0.0142226
-0.00966257
-0.0315956
0.0605554
0.00938122
0.0111446
0.0590613
0.0160929
0.0245922
-0.0155513
0.00828033
-0.0490289
0.0673217
0.0991488
0.0203061
0.0207587
0.0367163
-0.0280795
-0.00197346
0.0384123
-0.0255918
-0.0357906
0.0402246
-0.00123148
-0.0120766
-0.0415164
-0.0397003
0.0436617
0.101224
0.00979696
0.032262
-0.0136742
-0.0445708
-0.158828
-0.0632906
0.117506
-0.0131538
0.115802
-0.0235948
-0.0258707
0.0216866
0.0334235
0.108347
0.138113
-0.0679744
-0.013023
0.0166375
0.0799073
-0.00310756
0.0140958
0.0209874
-0.0854164
-0.0079326
0.0928725
-0.0331723
-0.0407206
0.0249311
0.0165066
0.0305489
-0.0119221
-0.0179098
0.0286403
0.000953266
0.0216623
0.0951374
-0.0136705
-0.0141616
-0.00803384
-0.071406
0.085579
-0.22849
0.083932
0.0442072
-0.10185
-0.107766
0.0245614
0.162617
0.122316
0.0440462
-0.0265929
0.006596
0.0900231
0.0623519
-0.00185563
-0.0129991
0.0338551
-0.0382693
0.0826174
-0.0858712
-0.0494024
-0.386032
-0.177846
0.000494303
-0.382129
-0.360776
0.00851494
0.136312
0.134737
-0.14445
-0.373525
-0.773428
-0.114348
-0.0738629
-1.21915
0.142405
-0.497885
0.223737
-0.399892
0.286912
0.180433
-0.43985
0.807036
0.303888
0.252077
-0.331529
0.127203
0.163169
-0.294554
0.0420648
-0.0972413
0.365964
0.186349
0.00183688
0.155819
0.0633912
-0.330334
0.0574093
0.259739
0.06665
-0.345181
0.17817
0.0934614
-0.110135
0.175936
0.167033
0.173513
-0.204638
-0.0779432
-0.268854
0.212678
-0.0346352
0.108283
0.0904237
-0.0396622
0.0255781
-0.195695
-0.219782
0.0467212
0.398661
-0.061667
0.0976104
-0.074955
-0.00264539
0.146205
0.107766
0.0237594
0.162222
-0.144797
0.109005
0.156032
0.251149
-0.0726366
0.244628
-0.0320239
-0.123176
-0.0376853
-0.418241
0.0280005
-0.0274341
0.285885
0.0737646
-0.071563
0.0562516
-0.0758079
0.128751
-0.282393
0.0716969
-0.0395511
0.0437199
0.012496
0.0235611
0.194665
-0.0779593
0.156932
-0.060797
-0.0674429
-0.0777958
0.0873416
0.0995492
-0.0840227
0.17457
-0.0466489
0.0155738
0.0748446
0.0316401
-0.0869177
0.00562181
-0.171678
-0.0310864
0.0416991
-0.0062574
-0.218174
-0.0891254
0.203071
-0.0068773
0.0485898
-0.0733873
0.0291995
0.0302115
0.16617
0.11051
-0.062884
-0.120444
0.0322787
-0.0564881
0.0651503
-0.10718
-0.0150534
0.156538
-0.0297057
0.0907298
-0.0645302
-0.0519257
-0.0622869
-0.0349851
0.164292
-0.141046
-0.114011
0.165506
-0.115346
0.160898
-0.0588772
0.0130534
0.0149361
0.0662639
0.0583264
-0.0510507
-0.0662156
-0.329688
0.0204376
0.0552241
-0.102883
-0.00955916
0.219233
-0.0524226
-0.0110714
0.0196434
0.024569
0.0807342
0.00683518
-0.0117594
0.077955
0.0552353
0.0712992
-0.0548418
-0.00916961
-0.210224
0.12514
-0.0182489
-0.0355036
-0.129976
-0.0144232
0.0617072
-0.182342
-0.0951272
-0.299699
-0.0119895
0.0175408
0.159373
0.231587
0.202976
0.104323
-0.0196314
0.390475
0.0896258
0.107119
-0.0878877
0.000519251
0.117691
-0.0236334
0.0441389
-0.0755652
0.0517236
-0.0197829
0.090883
-0.00764838
-0.0117389
0.0407717
-0.0989032
0.0650234
-0.00535995
0.000765882
0.0590513
-0.0305002
0.0203438
0.0319578
-0.0444135
-0.0773683
0.0442473
0.0252329
0.0821381
0.0302511
-0.0347967
-0.235383
0.117234
0.107788
0.012382
0.0654453
0.0757324
-0.0339212
-0.0305275
0.0664404
-0.0186886
0.135507
0.0510493
0.0653932
-0.0673518
0.00489584
0.0112513
0.0713706
-0.101239
0.0203299
-0.0186138
0.0713277
0.00121694
-0.0573571
-0.0838183
0.0632361
-0.116447
0.010169
-0.188685
0.123523
0.127684
0.0332026
0.0555822
0
0.0302321
-0.00876766
-0.0231739
0.0458079
0.0642154
0.13126
-0.00643877
-0.0742252
-0.0820468
0.0526839
-0.0439646
-0.0422136
0.0458444
-0.0358814
-0.165054
0.182284
0.019136
0.00459687
-0.0365915
-0.0787243
0.207531
0.0754486
0.0403552
0.0486837
-0.0257303
0
0.0880109
-0.04485
0.0394598
-0.076241
0.0193506
-0.0202955
0.00188969
-0.00732454
0.0905878
0.015915
0.0708413
-0.0244115
0.0608017
0.0700884
-0.0216196
0.0583119
0.00846595
-0.0456177
0.0117108
0.0188004
0.045251
0.0894403
-0.00700826
-0.191334
0.0652546
0.0682441
-0.0134294
0.0263864
-0.00795409
0.00159133
-0.0261753
-0.0315011
0.0576765
-0.143551
0.180535
-0.0120104
0.0882674
0.0103334
-0.1991
0.0301873
-0.0139389
0.118431
-0.00542483
0.0169428
-0.152383
0.126619
0.0573145
0.0141651
0.00292046
0.000449226
0.0273647
0.0567333
-0.0495681
0.0744824
0.0275116
-0.0121934
0.0394085
0.0218512
0.00991659
0.00946667
0.00264026
0.0646882
0.0176889
0.0106855
0.0228591
-0.0115319
-0.159761
0.0700999
0.0261065
-0.0730059
0.0865806
0.0129008
-0.0589546
0.0313834
-0.0776502
0.0614221
0.0258647
0.0338735
-0.0520595
0.0775528
-0.173853
0.133294
0.0688081
0.0028206
-0.00868131
-0.0951183
-0.0320548
-0.232483
0.0520823
0.163454
0.056233
0.108493
-0.00802038
-0.0541429
0.0662794
0.0462434
-0.045377
0.0585195
0.0200037
0.0608399
0.0370931
0.000212782
0.0150959
0.0347826
0.0422548
0.0109571
0.0208274
-0.0501434
0.00696769
0.0134993
-0.1525
0.0333319
0.0654848
-0.00190745
0.00105974
-0.0318411
0.0424323
0.00719562
-0.0381534
0.0474577
0.0312329
-0.0564167
0.0688405
-0.0489421
-0.1063
-0.00641409
-0.0263409
0.028907
-0.000855304
-0.0802958
0.0438776
-0.0885982
-0.16857
0.0999132
0.0980613
0.0924042
-0.0904614
-0.0187964
-0.220174
0.0590713
-0.00483602
-0.042084
-0.0471412
0.116014
-0.103598
0.159142
-0.0279519
0.00524693
-0.00699652
0.0693115
0.1194
0.0742003
-0.0501907
0.0329194
0.0317477
-0.00766137
0.0460923
0.00699086
0.0744768
-0.0357978
0.0235988
0.00736323
0.0704125
0.013773
0.0351809
0.041268
0.0047587
0.00351585
-0.0186274
0.0217286
0.0315773
0.0300399
0.0344552
0.0171832
0.0138886
-0.0460288
-0.0332724
-0.0127632
-0.128745
0.0091768
0.0422297
-0.373707
0.0685074
-0.0920239
0.169202
-0.115776
-0.0575302
0.127541
0.241768
-0.0589011
-0.00775397
-0.0300247
-0.0427779
-0.0841918
0.0255232
0.122452
-0.055973
-0.139179
0.141078
0.0917736
0.0967377
-0.0103571
0.0615704
0.0618078
-0.0106505
0.0149485
-0.0186378
0.044795
0.0819102
0.00667766
-0.126005
-0.0392033
-0.149388
0.0839817
0.0643779
-0.00308563
-0.101116
0.0693822
-0.0978956
0.0231084
0.0508168
-0.186059
-0.388532
0.0705282
0.166581
0.0644173
-0.102151
0.0712737
0.126732
0.0451743
-0.177239
-0.13924
0.0674986
0.00128946
0.170245
-0.0207258
-0.0590285
-0.185061
0.142164
0.00449039
-0.0690753
-0.0808338
-0.131061
0.00681371
-0.0277234
-0.333805
0.326531
-0.00926498
-0.239883
0.0891195
-0.203019
-0.362728
-0.110859
-0.0509531
0.457782
-0.170159
0.0943744
0.119422
-0.0282282
0.301753
0.0453869
0.0908203
0.00417863
0.0845162
-0.101241
-0.0211664
0.0105888
0.0136606
0.172881
-0.0412023
-0.094537
0.0542552
0.083648
0.0190217
-0.154512
-0.0208564
0.129916
-0.0589626
-0.0351948
0.00284641
0.0663323
-0.0772845
0.083372
0.0318986
-0.180575
-0.182548
-0.0904984
0.0725091
0.0619266
0.0739869
-0.146723
0.0532568
-0.108838
-0.0707118
-0.192365
-0.293872
0.0675622
0.172198
-0.0748839
0.211693
0.00438217
0.121472
-0.115018
-0.138295
0.0724025
0.125399
-0.114271
0.0630567
0.0779803
0.141103
0.0592927
-0.0723664
-0.104981
0.0570489
-0.0258703
0.0911554
-0.0279594
-0.0568357
-0.136956
-0.272334
-0.244017
-0.126856
0.140906
-0.250509
0.00917966
0.0960039
0.0353063
-0.0697517
-0.0826594
0.258315
0.0521728
0.0264652
-0.0667786
-0.151596
-0.0017192
0.0534027
-0.213097
0.164851
0.186544
0.0507133
-0.0504724
0.0485543
-0.101947
-0.154035
0.177505
0.0926144
0.137451
-0.0212786
0.0443973
0.0310552
0.0126767
-0.00281565
0.0465907
0.108029
0.126744
-0.0189552
-0.0318249
0.0507801
0.0175529
-0.0763624
0.0734011
-0.0674358
0.0890559
0.00636335
0.0161175
0.0335138
0.0162635
-0.0916002
0.0393276
-0.0774386
-0.0962639
-0.0421044
0.016215
0.0302747
-0.169182
-0.0810618
-0.0674219
-0.112346
-0.181341
0.201796
-0.0622168
0.0239197
-0.0573581
0.0503572
0.150519
0.174036
-0.155973
-0.0863308
-0.0656024
-0.15893
-0.00906741
-0.109703
0.0895783
-0.180717
-0.236925
-0.0423539
-0.0131276
0.0300907
-0.16885
0.128709
0.0765402
0.307383
-0.102752
-0.0643817
-0.11878
-0.0396526
-0.0557792
-0.0535003
0.0843843
0.0553521
0.181572
0.0340716
-0.0529108
0.0261143
-0.0623854
0.139077
0.142568
0.0660214
-0.00292505
0.0138864
0.0349957
0.0582965
-0.0294686
-0.0933246
0.179793
0.0325624
0.0778622
-0.0301681
0.27107
0.00856333
0.0138709
0.036435
-0.0987737
-0.0416983
0.114889
-0.00623276
0.0727042
0.059426
0.0459269
-0.00249555
-0.0655606
-0.012798
0.0626904
0.0886884
-0.0151028
-0.0411412
-0.057929
-0.0621631
-0.0167495
0.0836959
-0.0490807
0.12779
-0.00203365
-0.288872
-0.120987
0.0265692
-0.0397624
0.169706
-0.0973572
0.00444595
0.0128587
-0.0126248
0.0673811
-0.127685
0.0951005
0.121188
0.137473
-0.0195561
0.115192
0.0880412
-0.0590566
0.0380688
0.0626095
0.051398
0.0460774
0.0401717
0.0234138
-0.155954
0.0370055
0.0522828
-0.0244529
-0.0289359
0.0421611
0.0261783
-0.0169311
-0.0262227
-0.00264813
0.133951
0.0341316
-0.0786556
0.0225051
0.0276794
0.0618377
-0.0960668
0.0900084
0.00800493
0.042298
0.0189329
-0.0202251
0.00732017
-0.0187417
-0.0334777
0.00605589
-0.104326
0.106056
-0.0318289
-0.0746638
0.0509972
0.0917477
-0.00172332
-0.0774242
0.00846363
-0.0219334
-0.136146
-0.244502
0.151511
-0.295955
0.118212
-0.121421
0.0978443
0.132348
0.0154426
-0.0210437
-0.137874
0.104202
-0.00607308
0.128766
0.102316
0.0657407
-0.00262135
-0.00830547
-0.0164126
0.0513365
