0.0140112
0.0417042
0.0585169
-0.0758151
0.0602545
-0.127502
-0.0915775
-0.0701206
0.240039
0.211014
0.0680187
0.292422
0.0639261
0.0945376
-0.250472
-0.130856
0.108582
0.0864369
0.0321533
0.0125123
0.187647
0.199359
0.0262387
0.137984
-0.0553461
0.165783
0.1966
-0.104471
-0.0348969
-0.0540021
-0.255875
-0.0275978
-0.080001
0.208968
0.222416
-0.0359033
0.130237
0.00699674
-0.171394
0.00903036
0.03357
-0.0239404
-0.0268084
0.013109
0.0606858
-0.0741228
0.010489
0.0443625
-0.0758155
0.114785
-0.027933
0.0205507
0.175872
-0.0678183
-0.0296343
-0.0177582
0.111422
-0.0452088
-0.0257614
-0.0760169
0.01574
0.094015
-0.0205966
-0.102186
0.0885844
0.205437
0.222735
-0.0444174
0.068794
0.135057
-0.0088923
0.120263
-0.0268345
-0.246393
0.0116705
-0.14783
-0.0870813
-0.231612
0.186993
0.0794795
-0.283642
-0.109246
0.211002
0.0226551
-0.236553
-0.0914196
-0.102213
0.0832423
-0.196092
-0.480792
0.365534
0.177014
0.174687
-0.0909731
-0.111808
0.0752807
-0.406836
-0.226105
-0.36901
0.234402
-0.0462052
-0.0843471
-0.107011
0.191513
-0.0330307
-0.00653622
-0.120489
0.172143
0.0984774
-0.102247
-0.177622
0.147054
-0.0780586
0.0282046
-0.25969
0.00208357
-0.151246
-0.079988
0.158427
-0.0754562
-0.166966
0.0889144
0.102744
0.0942548
0.116384
0.223139
-0.0985178
0.0419614
-0.207123
-0.0561468
-0.0522166
-0.0909284
0.19642
-0.0225766
-0.205625
-0.297344
-0.75877
-0.0432731
-0.282309
0.161811
0.28555
0.249808
-0.0119524
-0.011149
0.230816
0.240217
-0.273431
-0.199705
-0.108187
-0.0427861
-0.206846
0.140322
0.0873186
-0.0682921
-0.0255958
0.038518
0.167422
0.010587
-0.0459386
0.0559888
0.00706415
0.0325124
-0.0846475
0.0860435
0.119162
0.071586
0.165311
0.174268
-0.095048
0.153017
-0.00175504
-0.054339
-0.00314397
0.0601702
-0.0197052
0.0254612
-0.159149
-0.0591985
-0.0377682
-0.0597771
0.0823541
0.219444
0.140437
-0.107399
0.0518847
-0.0668289
-0.0495906
0.0842073
0.0243186
0.057832
-0.0261866
-0.0412894
-0.100258
0.0363296
0.108746
0.0553631
0.0752724
-0.0565089
0.0822401
0.134949
-0.0846942
-0.0566145
-0.015462
0.0153551
-0.120476
-0.004871
-0.0735693
0.0253267
-0.0395706
-0.0906299
-0.130522
0
0.0182411
0.212955
-0.066289
0.00373392
0.0975745
0.0122795
-0.0281673
0.274882
0.0243928
0.0556526
0.062659
0.0402379
-0.0459845
0.114929
-0.0986902
0.144562
0.139257
-0.0181714
0.0896726
-0.161718
-0.0975984
-0.125786
0.154217
0.0320497
0.102047
0.120023
0.0364034
0.136159
-0.0398752
0.00649179
0.0175711
0.0616254
0.104678
-0.0540844
-0.149377
0.047538
0.225572
-0.0760703
0.00447647
-0.0609937
-0.0437045
-0.127441
0.0714402
-0.00850635
-0.0434853
0.0926922
-0.0383279
-0.0647056
0.0128753
-0.0246217
0.024721
-0.0134721
-0.0491703
0.0316942
-0.0828659
0.0981032
0.0803822
0.084392
-0.00195795
-0.0348667
-0.0413994
0.00665712
0.105086
-0.0820425
0.0229417
-0.0927281
-0.0313499
-0.173496
0.0410645
0.0342259
0.00712194
-0.0502627
-0.00216697
-0.247426
0.108214
0.00510937
0.0996201
-0.0684585
0.0422266
0.0782385
0.0823227
0.040188
-0.0384417
0.051107
0.281412
0.0116719
0.0154611
0.0414487
-0.0759198
0.0740983
0.00517596
-0.00603888
0.0734168
0.0382853
0.033746
0.0503359
0.0198197
-0.0102807
0.0328235
0.0512234
-0.0126763
-0.0496481
-0.15877
0.0200737
-0.0643114
0.00482936
0.116486
0.0310424
-0.0984591
0.0697316
0.0622093
0.105912
0.0179143
-0.0669481
-0.0568778
0.0420225
-0.0555522
0.00986722
0.084412
0.0749272
0.0345599
0.0144529
0.0554999
0.0235744
0.0519321
0.0939369
-0.070902
0.0542034
-0.0889574
-0.168947
0.0986625
0.0234527
0.154242
-0.00818684
0.0624461
0.104192
-0.0233065
0.0497375
-0.147631
0.06924
-0.0512925
0.0105476
-0.177611
-0.034754
0.0467963
-0.0184101
0.0305287
0.0578933
0.0443685
-0.0123998
0.0911111
0.0629687
0.0285558
-0.00949481
0.326299
0.123719
0.0103009
-0.0662969
0.0778517
0.0323162
0.0910827
0.0260677
-0.0398149
-0.121797
0.0541614
0.0972728
0.103043
0.128101
-0.0124355
0.0485975
-0.0990671
0.183087
-0.234429
0.0126037
-0.176161
0.0706961
-0.122652
0.135746
0.0762333
0.0751671
0.0407042
0.0818012
0.0560881
-0.0508114
0.135669
0.104647
0.28306
-0.0108592
0.0363549
0.170754
0.111793
-0.0345594
0.0727659
-0.0152207
0.0521049
-0.0999123
0.121405
0.222086
-0.180481
-0.106149
0.105637
-0.143385
0.0580434
0.234625
-0.0518422
0.0237161
0.0985619
-0.0764511
0.10972
0.0562547
0.054918
-0.0075801
0.0726379
0.0371163
-0.0110646
0.00837808
-0.0185459
0.148068
-0.104499
-0.0737485
0.177765
0.0898795
-0.031628
-0.0912023
-0.165102
0.183817
0.0830989
0.133145
0.0908335
-0.0372686
0.0941431
-0.101163
-0.0995157
0.0425682
-0.0564921
-0.174736
-0.134812
-0.192028
0.141072
-0.0675912
0.0906767
0.0101183
0
-0.224894
-0.14364
-0.0211902
-0.0167359
0.315025
0.0510414
0.127937
-0.0826991
-0.131887
-0.162815
0.102065
-0.0273739
0.0722138
0.0584958
0.0540355
-0.0386781
0.0826441
0.114261
-0.0229773
-0.065857
0.247464
0.0110158
0.131151
0.0840198
0.111038
-0.0961374
0.0153444
-0.0285442
0.0444961
0.0695248
0.0390667
0.0661663
-0.116253
0.019854
0.204056
-0.0180619
0.090017
-0.0464849
-0.0373894
-0.0898655
0.0159672
-0.15243
0.186171
0.0116753
-0.0263537
-0.0634422
0.059249
0.114434
-0.00536913
0.106775
-0.0130219
0.0148989
-0.0192008
-0.083375
0.00591193
0.0420536
0.100219
0.0645499
0.149398
-0.0505589
0.000124614
-0.00760428
0.0678906
0.0472969
0.154199
0.115864
0.0334824
0.00851742
0.177181
-0.107136
0.0392283
0.0962176
0.0216037
0.215509
0.0963336
-0.140271
-0.21421
0.0627676
0.10956
0.113903
0.0982662
-0.0385391
-0.0140898
0.175088
0.0800213
-0.0165514
0.0631521
-0.0778167
0.110492
0.112161
-0.208709
-0.0254914
0.0797249
-0.078864
-0.0691389
-0.183836
-0.171214
0.116664
0.191241
-0.00427151
-0.332127
-0.0381668
-0.141856
0.0679034
-0.0645017
-0.189949
0.058755
0.113641
0.118777
-0.0463947
0.133756
0.0184123
-0.0268324
-0.0222748
-0.128093
-0.0178261
-0.0732007
0.0688574
0.120583
0.124367
0.108102
0.137916
0.0339033
0.0459103
0.0247282
0.13804
0.085045
0.161201
0.0582416
0.0841693
0.122423
-0.00767458
-0.0162561
0.0744253
-0.267508
0.0235986
0.171001
-0.0271308
-0.0191353
0.0505542
-0.14941
0.0766565
0.242068
0.000334126
-0.296529
0.0522312
-0.583444
-0.805307
0.750828
-0.463757
0.124602
0.297775
-0.0792977
0.139972
-0.150803
-0.26137
0.169962
-0.134755
-0.300535
-0.0136211
0.00684286
0.280802
0.0770362
-0.0700375
0.194287
0.180425
-0.338107
-0.0666759
-0.0463339
0.0203067
-0.00938524
0.131207
-0.035394
-0.243732
0.153669
0.0380218
0.0968719
-0.102015
-0.22722
-0.395322
0.00942098
-0.161187
0.10162
0.206535
-0.0583561
-0.280545
0.170871
0.0301324
0.0930251
0.157183
0.185593
0.227643
0.0627679
-0.107644
-0.230112
-0.38917
0.201957
0.259081
0.13235
0.00693288
0.0724629
0.0583855
0.0855276
-0.153963
-0.0541993
0.0042942
0.064773
0.257267
0.119782
0.0367342
0.0913461
0.0436592
-0.0736924
0.178073
-0.00883826
0.0458468
0.00641643
0.110515
0.142005
0.188847
0.0296332
0.174456
0.0248854
0.0120656
0.0350266
0.210163
-0.104916
0.0803909
0.116577
0.0805264
0.0875769
-0.119608
-0.0779664
-0.120371
0.0901251
0.102544
0.0259579
0.136837
0.111102
0.119245
0.0691371
0.129817
-0.148843
0.191165
-0.0489761
-0.0319095
-0.0837276
0.162375
-0.0685435
0.0358663
-0.0463381
0.0296609
0.12605
0.117806
0.195999
0.168323
-0.130276
-0.0612974
0
0.213391
0.245936
-0.0280347
-0.0206709
0.282842
0.112881
-0.146057
-0.00166995
0.0328324
-0.398635
0.246935
-0.217806
0.349181
0.258667
-0.0538434
0.0354252
-0.131149
0.040473
0.194374
-0.0623903
-0.0120799
-0.0896414
-0.0503873
-0.13672
0.0878955
0.042236
-0.0136786
0.0527386
0.0595543
-0.217706
-0.142427
0.0800257
-0.192849
0.0580299
0.056025
0.0189389
0.181632
0.15406
-0.0979444
-0.00848892
-0.0706125
-0.23044
-0.302175
-0.0175374
0.277605
-0.0962983
-0.0460937
0.17946
0.149936
0.173736
-8.13203e-05
0.228821
0.0455183
0.0295669
0.139383
0.155368
0.0205638
0.0193582
-0.00272774
-0.0100208
-0.107538
0.0956522
0.137759
0.115794
-0.0388109
0.145204
0.14358
0.00559808
-0.223858
-0.00157958
0.143371
0.0556665
-0.232117
-0.102199
0.033588
0.0359639
-0.0353632
-0.0682491
-0.310124
-0.288594
0.273843
-0.181415
-0.565247
0.324013
-0.163696
0.0677667
-0.0761559
0.347967
0.140173
-0.174938
-0.422865
0.0198422
0.199136
-0.356713
-0.373151
-0.238148
-0.250601
-0.337402
0.358958
-0.24935
0.0714697
0.250555
0.42778
-0.00320906
-0.55594
0.0808501
0.415381
-0.21728
-0.102727
-0.567088
-0.114966
-0.529975
0.312703
0.511175
0.048899
-0.19883
0.372402
-0.102252
-0.280638
-0.464018
-0.384858
-0.174106
0.216085
-0.401738
-0.858571
0.217756
0.96962
-0.0969794
-0.103786
0.445631
0.438826
0.154855
0.373273
-0.0724341
0.187714
0.0577304
-0.0355418
0.282448
-0.29546
0.0983341
0.22327
0.208367
-0.0461569
0.0394011
-0.206589
0.0354597
0.0801277
-0.234153
0.147839
-0.144586
-0.0655336
0.0864717
-0.0203734
0.188224
0.302696
0.152386
0.19508
0.0649399
-0.173839
0.316473
0.169989
-0.20459
-0.219916
0.126028
0.150515
0.297118
0.179122
-0.0357124
-0.0335795
-0.165567
-0.0692684
-0.0753785
0.249776
0.229979
0.168617
0.121287
0.173264
0.0603491
0.187961
0.203727
0.138545
-0.41236
0.474829
0.126352
0.101435
0.200902
-0.058502
-0.000165139
-0.584245
0.259345
0.0875906
0.236269
0.179832
0.206096
-0.167515
-0.400815
0.0553351
-0.00841721
0.255932
0.0571129
0.0165683
-0.174412
-0.275944
0.0607472
0.0881143
-0.201902
0.129203
-0.266727
-0.192859
0.309186
0.194963
-0.10586
0.0956425
-0.262566
-0.0615039
0.165783
0.0687
0.239797
0.137278
-0.0768422
-0.0828295
-0.116226
0.134888
0.10522
0.0112857
0.2757
0.0590868
0.0693585
0.0255204
0.0360246
-0.0478216
-0.164265
0.0559576
-0.102088
-0.121072
0.22604
0.0200095
-0.128752
-0.199814
0.370163
0.0521459
0.113587
0.0882116
0.335827
0.14155
-0.00181243
-0.093433
0.289939
-0.226782
0.264636
-0.0406208
-0.268231
0.134201
-0.184976
-0.437273
0.279535
0.555844
-0.208902
-0.0941249
0.179224
-0.218124
-0.0324935
0.277383
-0.143112
-0.103058
-0.129078
-0.0536935
0.142828
0.127065
0.119531
0.0696498
-0.112844
-0.0622498
-0.0186705
-0.00373828
0.0762263
-0.00606053
-0.340106
-0.0126422
-0.0109435
-0.0169348
0.0524723
0.0519897
0.182851
-0.0716074
0.0524702
0.145752
0.211339
0.033768
0.0519828
-0.12631
0.372106
-0.117501
0.0751193
0.195962
0.0564804
0.081767
0.287041
0.0839317
-0.182514
-0.0624523
-0.0941707
0.208931
-0.0760462
0.263325
0.187601
0.242943
0.00594128
-0.0258648
-0.0770371
-0.00401787
-0.000197238
-0.13538
0.139941
0.229803
0.0715494
0.0555369
-0.297674
-0.236324
-0.241402
-0.202118
0.0286193
-0.0146529
-0.0667453
-0.237093
0.14129
-0.157688
-0.000243337
-0.164684
-0.293325
0.233348
0.173034
-0.414991
0.484865
0.0875576
0.158033
0.0460831
0.0884036
-0.0582521
-0.338302
0.088733
0.10491
-0.107603
0.225452
0.0608435
-0.116393
-0.0437706
-0.146536
-0.0223559
-0.230661
0.321934
0.194899
-0.0251816
-0.0856821
0.105487
0.18714
0.0646982
-0.10423
0.0504547
-0.135398
-0.0166066
0.215701
0.0115807
-0.161021
0.238655
-0.254972
0.131395
0.0234956
-0.025568
-0.120124
1.29485e-05
0.112778
0.204953
0.0255312
-0.00548158
0.101248
0.129391
-0.123221
-0.0269979
-0.0763647
-0.282437
-0.0763505
0.299624
0.00805285
0.075706
0.37679
-0.0199508
0.127452
0.119152
0.304161
0.313052
-0.0562278
-0.0361635
0.171328
0.0895254
0.128417
0.137416
-0.131015
-0.0131277
0.213615
-0.0265616
0.317492
-0.00131643
0.405758
0.492907
-0.272123
-0.0787884
0.232772
0.0346012
0.319267
0.340849
0.327286
-0.404325
0.0435293
0.0684513
0.642155
0.589549
0.0765818
-0.0061842
-0.130268
-7.80479e-05
-0.0757589
-0.474073
0.395406
0.275153
0.533733
-0.198049
0.0012079
0.222971
0.101604
0.0673152
0.114068
0.327742
0.502854
-0.776662
-0.863043
0.397673
0.231749
-0.113937
-0.0794586
0.341086
0.376071
0.152524
-0.224744
-0.141126
0.111712
-0.0347476
0.21836
-0.118504
0.068688
0.044999
0.378185
-0.191759
0.0498803
0.287979
0.00544742
0.358988
-0.00685418
0.152242
0.0814502
-0.163687
-0.0848186
-0.333145
-0.0825032
-0.0289862
0.0809907
0.295876
-0.186092
-0.0229328
0.078968
0.27969
0.23687
-0.241518
0.0798515
-0.0521522
0.33772
0.500872
0.356971
-0.174036
-0.394711
-0.0432803
0.300501
-0.362663
0.291199
-0.669523
-0.38203
0.297327
0.306539
-0.282311
0.313291
0.0788344
0.331402
0.0396217
0.0797143
0.00167494
-0.91084
0.26824
-0.391571
-0.210431
-0.291072
0.743663
0.286837
-0.134323
-0.76716
0.0647193
-0.312206
-0.484428
-0.0727686
0.462623
0.501543
0.107273
-0.298802
0.433968
0.462654
0.509048
0.315825
-0.33092
-0.0352386
0.0347473
-0.175072
-0.158897
-0.786063
0.340745
0.488377
-0.405193
0.58368
-0.220805
0.0537016
-0.818025
-0.940675
0.205404
-0.363539
0.698264
-0.327253
0.355232
0.127877
0.223824
0.958912
-0.235944
-0.248214
-0.152484
0.298458
0.0178386
0.122109
-0.196347
0.254976
-0.234188
0.0616656
-0.00958947
0.449819
-0.184903
-0.29374
-0.264619
-0.30161
-0.174768
-0.89718
0.624979
0.265832
0.223933
-0.308505
-0.152908
0.364612
0.207686
-0.23648
0.147483
0.345315
0.0668428
0.225159
-0.134237
-0.216839
0.00727206
-0.110407
0.0190382
-0.216589
0.0447489
-1.74037
0.254449
0.0726998
-0.0819629
-0.354786
-0.531317
0.455065
-0.439915
0.166736
0.224061
0.0994611
0.00257739
0.22676
-0.186233
-0.0963486
-0.0715857
0.270958
-0.039293
0.193831
-0.255526
0.0121723
0.0313791
0.030026
-0.0582971
0.1468
0.39262
0.493411
0.396106
-0.465799
-0.28555
0.168645
-0.27984
0.0715999
-0.00569935
-0.0436412
0.287832
-0.0697757
0.0127471
-0.224333
0.0136241
-0.433712
-0.227191
0.339641
-0.298958
-0.0758049
-0.304438
0.131926
0.000720631
0.260704
-0.231448
-0.00525254
-0.343499
-0.583272
-0.230413
-0.595886
-0.0699862
0.00876021
0.282886
-0.172615
-0.484295
1.45631
0.224887
0.194297
0.571634
-0.150613
-0.298693
0.101678
0.143628
0.218812
0.19744
0.0556935
0.0467809
-0.0690938
-0.296159
-0.0263771
-0.10857
-0.467654
-0.530946
0.734448
0.32157
-0.164149
0.0427939
-0.263405
0.178681
-0.168928
0.101013
0.527994
0.0713331
-0.170255
0.00992441
-0.28726
0.391978
-0.2299
0.713357
0.332933
0.0415915
0.294321
-0.105522
-0.260685
-0.131243
-0.45794
-0.0422117
0.172916
-0.73235
-0.37534
0.140608
0.0370968
0.132767
0.0368031
-0.282389
-0.737375
0.860162
0.0346392
-0.269832
-0.691956
-0.126936
0.424968
0.197591
-0.0084036
-0.461874
0.41322
-0.0200435
-0.0313173
-0.175344
-0.132766
0.0958782
-0.236685
-0.110039
-0.120885
-0.42002
0.172423
-0.349254
-0.0998375
-0.191535
0.28317
-0.501842
-0.117415
-0.717792
0.232763
-0.0569624
-0.590589
0.723529
-0.547172
-0.178699
0.0208076
-0.359537
-0.55153
-0.480598
0.230115
0.190284
-0.0700793
-0.127581
0.471915
0.388431
0.367901
-0.188473
-0.374847
-0.157819
-0.623752
0.236492
-0.0466123
0.778499
-0.151668
0.223359
0.314573
-0.424528
-0.477967
0.556901
0.41393
-0.270406
-0.131269
-0.448387
-0.0309968
-0.0232327
-0.499991
-0.0836201
0.515885
-0.130688
0.0615878
0.496801
0.290777
-0.244803
1.14043
0.134241
-0.0266841
-0.193273
0.118578
-0.0899144
0.139487
0.427881
0.420492
0.0390585
-0.257508
0.0572418
0.071906
-0.120927
-0.150174
0.370518
-0.208618
-0.24954
0.054364
-0.0463934
0.498348
0.227682
0.051832
0.1224
-0.236618
-0.217898
-0.0246151
-0.14604
-0.376148
-0.0198287
-0.00151776
0.0386953
0.307977
0.043621
-0.0366855
-0.0378491
-0.2808
-1.74246
0.316884
-0.53275
-0.112545
0.0169014
0.203047
-0.218173
0.149199
-0.0304239
-0.19415
-0.0238436
0.000945506
0.307544
0.133873
-0.137553
-0.191241
-0.296332
-0.445578
-0.236017
-0.0955268
-0.324034
0.287918
-0.0952784
-0.22297
-0.236283
-0.00289699
0.795993
-0.287276
0.0162772
0.00326587
-0.119322
0.0889632
0.414521
0.22435
0.111005
-0.0216484
0.194874
-0.0539013
-0.174043
0.0341738
-0.267162
-0.499825
-0.361889
0.179387
0.222326
-0.272984
-0.316907
-0.298011
-0.15123
0.187636
0.00787093
0.0666687
0.115444
-0.129595
-0.22575
-0.264579
-0.371486
0.166776
-0.0795771
0.0454684
-0.310477
-0.348551
-0.354089
0.220026
-0.406944
0.507221
0.301924
-0.482168
0.304592
0.0658757
0.0980317
-0.13493
-0.227808
0.547005
0.132048
-0.151455
-0.421993
0.385859
-0.40684
0.193136
-0.209867
0.726023
0.0337182
0.113037
0.193719
0.179005
0.499331
0.0226802
-0.274928
0.250431
0.357578
-0.425581
0.317174
0.185075
0.491566
0.126345
-0.299093
0.222688
-0.166678
-0.483318
0.411209
-0.0729537
0.182658
0.282769
0.172037
-0.125848
0.422775
-0.262524
-0.206427
0.545868
0.168959
0.23363
0.112317
-0.138531
-0.347045
-0.0386658
0.332993
0.0198177
0.159745
-0.432897
-0.200815
-0.166083
0.262059
-0.149987
0.268374
0.41874
0.0559976
-0.285815
0.315734
-0.110542
-0.372714
-0.064579
0.310499
0.0773126
-0.219723
-0.18336
0.246195
0.176407
0.187794
-0.217835
0.443803
0.0330778
-0.0448544
-0.43075
-0.120096
-0.17574
0.169736
-0.510582
0.0923625
-0.103055
0.217133
-0.045636
-0.388438
0.00600862
0.108731
0.626026
-0.136035
0.19876
-0.0519673
-0.278776
0.237634
0.168698
-0.0872716
-0.394438
-0.179412
0.172831
-0.112102
0.240036
0.106915
0.100666
0.0604293
-0.221613
-0.107084
-0.327746
-0.221275
0.132719
-0.279086
0.225312
0.167776
0.183739
0.00209131
-0.00233594
0.514936
-0.0303214
0.0945573
0.193745
0.0973106
-0.147512
-0.403404
-0.00873512
-0.0975392
-0.00558129
0.176533
-0.199081
-0.267974
-0.0207912
0.0862157
-0.0242415
-0.0796511
0.0974577
-0.174005
0.0302961
-0.13971
0.0299121
-0.297368
0.13367
-0.165136
-0.247616
0.0782793
0.151594
0.328741
0.142996
-0.773594
-0.266339
-0.267864
-0.0615347
-0.340885
0.105845
0.0757937
-0.160927
0.0308921
0.180525
-0.425432
-0.0884117
0.0173849
0.379779
-0.201804
0.0894048
0.263975
0.0478347
-0.141372
-0.0511373
-0.0674932
-0.0999773
-0.417281
-0.124093
-0.00307877
-0.0519032
-0.00756033
-0.122513
-0.197925
0.292789
-0.215948
-0.24963
0.175289
-0.120317
-0.443703
0.114322
0.291558
-0.32806
-0.0694765
-0.0271486
0.342056
0.00395654
-0.291943
-0.052504
-0.454447
0.198535
-0.0480506
0.362317
0.363445
-0.00717692
-0.301007
-0.0970462
0.290744
0.358142
-0.0497629
-0.17111
-0.158696
-0.243417
0.0529467
-0.327249
-0.0827056
0.342539
-0.233195
-0.364614
-0.193301
-0.523614
-0.457929
0.206387
0.045362
0.508983
0.131943
-0.000843031
-0.27212
-0.30999
-0.407635
0.344887
0.0640589
0.214948
0.353854
-0.0366061
-0.0329811
-0.310535
0.33587
0.169069
0.365777
0.0217468
0.130675
0.310587
-0.154131
-0.18582
0.146192
-0.301377
-0.12514
-0.00942032
-0.137592
-0.422804
0.0350857
0.19799
0.421289
-0.0142579
0.0338654
0.435778
-0.290067
-0.108041
-0.17945
0.0316366
-0.44107
-0.0450456
0.0130268
-0.243748
-0.234513
0.264346
0.596409
0.0285908
-0.530348
0.126607
0.308598
-0.172236
-0.294356
-0.127618
-0.0900137
0.0124918
0.188742
0.495614
-0.0538131
0.635134
-0.295928
0.643197
0.0595742
-0.065568
0.14694
-0.299124
0.352699
-0.105626
0.225497
-0.47907
0.158464
0.223704
-0.258158
0.511757
0.039615
-0.203536
-0.175859
-0.140714
-0.257954
0.19538
0.149438
0.394654
0.00625806
0.205619
-0.239131
0.104398
0.452421
-0.0188769
0.168668
-0.236245
0.311725
0.199796
-0.0973781
0.199379
-0.561368
0.0677559
-0.0691273
-0.241766
-0.255297
-0.08379
0.010605
-0.183952
0.21377
-0.0871733
-0.288562
-0.0782986
-0.0739129
0.0221044
-0.331176
0.100182
0.469203
0.049655
-0.13527
-0.344567
0.247483
0.023646
-0.0105641
0.13259
-0.156817
-0.187046
-0.238552
-0.0455224
-0.0126859
0.0221104
-0.270547
-0.0277688
-0.299021
-0.128499
0.0953168
0.120625
-0.333515
0.256647
-0.226789
0.00942946
-0.150338
-0.0229268
-0.0318739
0.342206
-0.180693
-0.265495
0.203707
0.18863
0.137416
-0.228569
-0.199602
-0.0470724
0.0872584
-0.37303
-0.0871492
-0.02411
0.203495
0.0144252
-0.173049
-0.0764472
-0.00767901
-0.371238
-0.00231761
0.0631695
0.232094
0.245803
0.415673
0.294309
0.13753
0.0771023
-0.136485
0.315014
-0.410326
-0.0361546
-0.0404519
-0.103555
-0.0913415
-0.507543
0.211706
0.429575
0.106608
-0.0762954
0.362584
-0.283932
0.0394145
-0.401237
0.0882472
0.0449423
0.180921
-0.0437162
0.398457
0.0924013
0.220198
-0.0794081
-0.255738
0.188972
0.0771017
0.0508598
-0.21362
0.236013
-0.0289635
0.0656282
-0.230227
-0.090166
0.122796
0.102458
-0.0660245
0.174002
-0.048688
-0.291815
-0.116699
-0.148026
0.169734
-0.155421
-0.0768548
0.0254772
0.448169
0.084811
0.151765
-0.0722977
0.0349725
-0.184725
0.312611
-0.137684
-0.0772947
0.100612
-0.119855
-0.136836
0.0693513
0.143886
0.0270822
0.12258
-0.185166
-0.214402
0.0486987
0.0312265
0.110797
-0.19248
-0.182834
0.172738
0.0670577
-0.0567801
0.407581
0.128062
0.192573
0.017318
-0.0501345
0.152386
-0.0559648
-0.00363275
-0.90793
-0.0392593
-0.147158
0.00379136
0.0265925
0.169995
-0.0868709
0.208039
-0.0397301
0.0331254
0.0518336
-0.160631
-0.0935972
0.0292708
-0.264815
-0.0466496
0.108487
0.0634189
0.0793746
0.0595761
0.122938
-0.0251565
0.106855
0.307898
0.0301561
0.190406
0.0873896
-0.133229
-0.112797
0.295313
0.0591383
0.0712806
0.0754911
-0.0198676
0.291163
-0.0849831
-0.108629
0.0892099
-0.270204
-0.341537
0.0522588
0.006294
0.026131
0.0437818
-0.0191042
0.0149037
-0.0276716
-0.203982
-0.0324411
0.0213533
-0.186012
0.0733554
0.103326
-0.181656
0.053134
0.145095
0.341034
-0.072303
-0.0640716
0.0353482
0.23118
-0.0798357
0.172898
-0.0861919
0.122846
-0.209048
0.182222
-0.0597634
0.101677
-0.124041
-0.0299415
0.0235806
-0.0235639
0.165009
0.11385
0.00327934
0.0168343
0.20685
-0.0460413
-0.113378
0.195496
0.0961688
-0.0795763
-0.105745
0.101055
0.105297
0.00953051
-0.210044
0.0131324
-0.119768
0.0722568
0.00124814
0.269765
-0.110505
-0.0156342
0.0736385
-0.0638485
-0.00357751
0.0316174
0.00928208
0.0694593
-0.0802656
-0.110411
-0.0156479
-0.0779031
0.00724711
-0.0194765
0.0126945
-0.207004
-0.115015
-0.00866639
0.0120779
-0.0911672
0.0754415
-0.05466
0.0578601
0.133556
0.0780682
0.0904204
0.581318
0.0231482
0.0658761
-0.0605325
0.115062
-0.0144323
0.162605
0.0779671
-0.113999
-0.218551
0.233008
0.0151301
-0.013461
0.0395491
-0.0527917
-0.0955658
0.00610508
0.0114538
-0.00653062
-0.0822954
-0.0478758
0.12077
0.134379
0.162192
0.0485774
0.0697916
-0.131827
0.0253642
0.0717
0.0536362
0.133677
-0.0834703
0.127003
-0.144414
-0.0422358
0.039799
0.0137863
0.0513459
0.153228
0.0208246
0.139824
0.0557606
0.0463282
-0.195129
-0.0917889
-0.231275
-0.0476626
-0.172974
0.00355299
0.150214
-0.269244
-0.0775681
-0.228232
0.0500575
0.000698118
0.165528
-0.117867
0.11833
-0.0211727
0.0746739
0.046155
0.290834
-0.0164063
-0.923183
-0.171479
0.00479522
0.0599782
-0.155901
-0.0969339
-0.404033
0.085718
0.139786
-0.145542
0.191629
0.0212288
0.036676
-0.0408917
-0.157731
-0.169105
-0.179334
0.0526872
-0.0921279
0.107809
-0.146249
0.050953
-0.240236
0.10121
-0.132882
0.00519599
-0.139232
-0.160744
0.127121
0.150439
-0.191547
0.106884
-0.118603
0.0649214
0.12043
0.00330868
0.0693734
-0.0756501
0.000665618
0.0154048
0.136629
0.159544
0.0059966
0.0682883
-0.021225
0.0761485
-0.143727
0.0418399
-0.0385924
-0.0475081
0.0767927
0.0216989
-0.0698898
0.0640871
0.0654057
0.0462491
-0.0119509
0.078835
0.0415319
-0.110238
-0.011867
-0.0775674
-0.0386449
0.0655074
0.0349982
-0.0794618
-0.024718
-0.0894134
-0.542811
-0.0345496
-0.0904029
0.0658166
0.113164
-0.182795
-0.0055644
0.0163836
0.0404679
-0.0237738
0.122456
0.0444081
-0.0277597
0.0725771
-0.066849
0.0215524
-0.249776
-0.0829494
0.0975664
-0.0451092
-0.0881749
0.0410711
0.0776339
0.125583
0.0070707
0.057703
-0.0450665
0.136102
-0.0115457
-0.0183756
0.0971103
0.00547387
-0.0107681
-0.0710677
0.0378142
0.121918
0.0891946
0.0570623
0.00643705
0.0355697
0.245992
0.0326148
0.0643459
-0.0253996
-0.041555
0.0489685
0.0585465
0.0261194
-0.021283
-0.0616121
-0.0929536
0.0236052
-0.0626707
-0.0368231
0.0961003
0.0136017
0.224689
0.113639
-0.01978
-0.0301973
0.0478874
-0.0757833
0.000522291
-0.0938254
0.136292
0.0194583
0.0950361
-0.0573836
0.212964
-0.178279
0.0388389
0.0535392
-0.148471
-0.0136332
-0.163091
0.359215
0.0198579
0.114132
0.0472929
0.0108263
-0.022681
0.085458
-0.0420592
0.0615296
0.121209
0.120366
-0.00890517
-0.011334
-0.0867087
0.130879
0.0181943
-0.0822067
-0.054962
-0.0135908
0.031123
0.0701191
0.0367492
-0.0224383
-0.0449969
0.0341332
0.0859477
-0.103851
0.0243577
-0.128541
-0.126489
-0.0110534
-0.0610858
-0.0117945
-0.0285448
-0.0431004
-0.132945
0.116531
0.100707
0.0868774
0.014882
-0.0474507
-0.014199
-0.012228
0.000481699
0.0528457
0.0322107
-0.0571255
0.0770378
0.0672837
-0.116245
-0.104293
0.0277441
0.0282129
0.0947861
-0.0163987
-0.049566
-0.187073
-0.0337323
-0.04958
0.0346859
0.0567078
0.23182
-0.047327
0.0953181
0.0973828
0.095263
0.0951642
0.0360965
0.0552282
0.060322
0.0261106
-0.0664928
0.109047
-0.0113411
0.0508214
-0.0294904
-0.0283409
0.0348501
-0.0559093
0.0464974
-0.117382
0.0526124
0.119956
-0.00742252
0.0360881
0.00857324
0.0112161
0.0798906
0.0330708
-0.044242
0.00521772
-0.0675527
0.0234935
-0.00206332
0.0773865
-0.13829
0.0342945
-0.0260381
-0.0574426
-0.0354711
-0.112322
0.0146133
0.0379557
-0.0370278
0.0300548
-0.00227487
-0.122512
0.0847497
0.0417052
0.120173
-0.016297
-0.0567138
-0.0434938
0.0316259
-0.0332781
-0.232996
-0.135545
0.113022
0.0795825
0.126383
0.10274
0.0402527
-0.0544814
-0.147733
-0.00890736
-0.0160563
0.0720209
-0.00311196
0.0696495
0.204437
0.0407838
-0.0507346
-0.0209439
0.0639878
0.0558596
0.0301898
-0.0109342
0.179617
0.0252235
-0.0124093
0.0443694
0.0146459
-0.0938784
0.0606865
0.0493463
0.00697453
-0.0130955
0.14963
0.0166023
-0.0257389
-0.0744327
0.0986942
-0.0174364
-0.0363082
0.0836311
0.036873
0.0777385
-0.058718
0.0813424
0.000345964
-0.00530149
0.0574603
0.05731
0.0163161
-0.205018
0.0623361
0.0844073
-0.0471333
0.0367365
0.0358206
0.0220356
0.0723383
-0.13124
0.179582
0.0777119
-0.0471852
0.0903572
-0.010702
0.00748325
-0.014651
0.138484
-0.0792768
-0.376031
-0.087762
-0.00489058
0.0295578
0.130979
0.085515
-0.000285561
-0.0303704
0.0677638
0.00622995
-0.0487513
-0.0583325
0.0661253
0.0772586
0.0869423
-0.10563
0.0150852
-0.0339569
-0.0654127
-0.0697131
-0.00992815
0.105735
0.0278565
-0.0312284
-0.0468759
-0.0591427
-0.0638506
0.0165291
0.0440087
0.114593
0.0700635
-0.00930358
0.0445623
0.0516861
0.0419515
-0.0350632
0.0939145
0.0320429
0.169135
0.0205811
-0.00607783
-0.00931182
0.0499203
0.0569152
-0.0909018
0.0248805
0.007363
0.0591589
-0.037708
0.0109335
-0.000424753
0.129025
0
0.0615641
-0.103571
-0.15669
-0.0510692
0.0575997
0.0371194
-0.0457629
-0.177874
-0.0197358
0.0320937
0.0131325
-0.191117
-0.179543
-0.0978903
0.137441
0.0231451
0.0520199
-0.123572
0.00717552
0.278176
0.0602384
0.00957131
0.107439
0.0529911
-0.0244686
-0.0239414
0.0175869
0.00395899
0.104063
0.0276401
-0.106241
-0.0735572
0.0732715
0.0257214
0.0275676
0.00961976
0.0785477
-0.0108647
0.060974
-0.0668853
-0.0517098
-0.0413178
0.149421
0.0429036
0.0522003
0.170101
0.0329725
-0.045202
-0.0187462
0.032106
0.0488255
-0.0559692
0.100227
-0.0079887
-0.0286591
0.0429334
0.00736295
0.083196
0.0290573
-0.0483538
0.0272262
-0.0560695
0.0552537
0.0943641
0.134186
0.036164
0.0792234
-0.085392
0.00593138
-0.00698754
-0.049038
0.0187061
-0.0561159
-0.0716003
0.102496
-0.0604472
-0.0544753
-0.0337366
0.106013
-0.0406866
0.114848
0.0274897
0.0270476
0.131618
-0.0393695
-0.0237785
0.0202611
-0.0358782
0.00185933
0.0831508
-0.057755
0.0269587
0.0992243
0.116962
0.0515521
0.0257449
0.0628314
0.0945705
0.0163901
0.0114214
0.0416339
0.0192273
-0.149121
0.0210176
0.023148
-0.0343766
0.073705
0.0290834
0.0947765
0.163215
0.0292242
0.039907
0.0753842
-0.0141877
0.0438141
-0.014893
0.0622726
0.0324775
-0.0946433
-0.0546294
0.0308039
-0.0105895
-0.107307
0.04972
0.246094
-0.11336
0.0565127
-0.0922494
0.0480206
0.0191608
-0.0411359
-0.0256721
0.0761629
-0.0850553
0.0363098
-0.00436385
0.106749
0.263689
0.107364
-0.0589166
-0.0614637
0.00605869
-0.161026
-0.118693
0.0533501
-0.0271501
0.0698186
0.0228937
0.0118024
0.0342231
-0.0964987
-0.154777
-0.287747
-0.0464774
0.0119393
-0.272093
-0.205949
-0.0171108
-0.376418
0.402062
-0.0898444
0.335781
0.0142498
-0.2128
0.0614018
0.129678
0.00104661
-0.0812854
-0.364583
0.039082
-0.319232
0.185003
-0.17001
-0.299732
0.0343283
0.342063
-0.119499
0.164934
-0.0238644
0.0114912
-0.00689792
0.025118
-0.0363179
-0.140326
0.207516
0.245577
0.0591196
0.0224685
-0.110372
0.0494169
-0.108088
0.0178935
-0.101929
0.0520632
-0.238938
-0.0988197
-0.0560305
-0.00304193
0.338343
0.0837729
-0.109639
0.146352
0.0105912
-0.0827763
0.103914
-0.00622587
-0.00666074
-0.0496409
0.0311726
-0.0678577
0.117612
-0.151413
0.0669508
0.102271
-0.0408622
-0.0115059
0.096065
0.0791339
0.164605
0.0387934
-0.0525663
0.0198756
0.126104
-0.0868853
-0.0505935
-0.0120989
0.05318
-0.0172193
0.0544209
-0.0490823
-0.0477324
0.0104941
-0.0806806
-0.139643
-0.130494
0.0362379
-0.0663845
0.154286
0.0694509
-0.0438954
-0.00757458
-0.0353355
-0.0498639
0.0632376
0.0443926
-0.101093
-0.0737541
0.133871
0.141343
0.0623355
0.011829
-0.0368888
-0.0419975
-0.0324306
0.0814522
0.00614761
0.0380581
0.136018
0.0888643
0.0650194
0.0214338
0.0561833
-0.120733
0.143519
-0.0995712
0.0100489
0.0469469
-0.00227622
-0.0288953
0.0399774
0.0487656
-0.0515186
0.0104098
-0.0308039
-0.110535
-0.00131225
0.111978
0.0749646
-0.0121517
0.0712587
-0.0437922
0.0192724
0.0601366
0.115225
0.00242686
-0.0728711
0.0129923
0.0824131
0.108789
-0.00562805
-0.0535199
-0.20863
-0.0964754
0.152381
-0.121939
-0.0561476
0.0285795
0.132305
0.0928859
-0.0236269
0.0672734
0.0371701
0.0190477
-0.000902712
0.0779827
0.0350079
-0.106631
0.0394605
-0.0149639
-0.00954844
0.11097
-0.0249968
-0.00394712
0.106523
-0.0452069
-0.0920631
-0.200223
-0.00788139
0.0154485
-0.0908744
0.175391
0.0173248
0.131251
0.0259039
0.023782
-0.0392914
0.100676
-0.0325812
-0.0299812
0.132751
0.12292
0.0318352
0.0558657
0.0897974
-0.0556334
0.0539419
0.0135636
0.0415647
-0.0102962
0.0408468
-0.0673348
0.0627337
-0.0768149
0.0380281
0.170836
-0.00457195
0.056807
0.0687785
-0.0084901
-0.0421839
0.0334374
0.0269622
0.0578895
-0.348359
-0.175994
-0.133777
0.088367
-0.0937376
0.0487877
0.1253
0.146523
-0.0179644
-0.0191911
-0.102843
-0.257098
0.202906
0.0508005
0.123908
-0.0167261
0.0600187
0.190023
0.0289438
-0.0754713
-0.0396737
-0.0886552
0.0798347
0.0226767
-0.0501985
0.127692
0.0638949
0.0348727
0.0493427
-0.00828912
-0.0494028
0.0322622
0.0702463
0.00567051
-0.0767057
0.0910704
0.140666
0.0149415
-0.0921472
0.0835192
0.103269
-0.0457596
-0.0166709
0.112013
0.000822628
0.00614929
0.0102982
-0.184138
-0.0210556
-0.0493933
0.0346476
0.174641
0.054191
0.0527563
0.070542
0.0636789
-0.0351375
0.0632214
0.0041661
0.0296478
0.0591392
-0.0612381
0.040052
0.136957
0.13064
0.00243198
-0.0787789
-0.121719
-0.128814
0.017594
0.114756
-0.11231
0.019574
0.195211
0.122611
-0.0482523
-0.0206372
0.052771
-0.152315
-0.0769174
-0.0337643
-0.0939995
0.126151
0.000898967
0.0868179
0.114485
0.0346621
-0.0710223
0.0742926
0.0338365
-0.0508796
-0.0487317
0.136376
0.0877636
-0.0151803
-0.0457735
-0.0877609
0.00851537
-0.0783635
-0.00938818
-0.126935
-0.160333
-0.220749
0.0724215
0.0409692
0.166483
-0.23396
0.300684
-0.195637
-0.127295
0.0655399
0.237709
-0.158217
-0.304602
0.36881
-0.0955041
-0.117219
-0.374142
0.16462
0.139789
0.0039845
0.247644
-0.0299467
0.0544492
0.0445856
-0.171214
0.237483
0.157941
0.0957366
0.0108471
0.107557
-0.131087
0.104821
-0.147718
-0.0953305
0.162624
-0.0889191
0.0170968
-0.0360535
-0.0381781
0.141238
0.387265
-0.0748093
0.118357
-0.0148078
-0.118483
0.174406
0.0792553
-0.0122625
-0.0571681
0.00276555
-0.0429523
-0.136503
0.0773524
-0.034458
0.0165401
0.0576017
0.169432
-0.123225
-0.165826
-0.15543
0.175422
0.0935826
-0.0203501
-0.118208
0.157452
0.00254838
0.152787
0.0615742
0.0663216
-0.033631
0.0443506
-0.0477753
-0.00913288
-0.0455237
0.151958
0.054435
-0.234
-0.271078
-0.0929231
-0.0403511
0.0771728
-0.112911
-0.0993278
-0.124306
0.134373
-0.328122
0.0348966
0.0956882
0.0727784
-0.194388
0.313627
0.065001
0.0961998
0.00333262
-0.278723
0.152036
0.0712823
0.0777729
-0.0104064
-0.00857118
-0.263747
0.00607138
-0.257767
-0.0971773
0.0199349
0.0830094
0.255288
-0.0195126
0.00161242
-0.11898
0.0390121
-0.286669
-0.255929
0.0468239
-0.243003
-0.0899167
-0.0284135
0.112471
-0.189016
-0.195119
-0.0372462
-0.202043
-0.546995
0.189588
-0.203681
0.884997
0.195657
-0.252682
0.124246
-0.00461049
0.0837302
0.263293
0.0723762
-0.435961
0.119308
-0.209175
0.120034
0.0377284
0.35584
-0.0260192
-0.0310294
-0.19116
0.236715
-4.60775e-05
-0.0553539
0.0309953
-0.118315
0.159
0.138243
0.0316188
-0.125147
-0.242247
-0.249108
-0.276447
0.218972
-0.158822
-0.094916
-0.167911
-0.0961109
0.125227
-0.083513
-0.125914
-0.39358
0.316446
-0.285346
-0.208902
0.504536
0.0215677
0.0391822
0.0273559
0.00620218
0.422064
-0.027774
-0.109513
-0.0347632
0.108864
-0.100951
-0.116591
-0.0790359
-0.0985526
-0.0861414
0.00447044
0.274425
-0.585992
0.10582
0.00311165
-0.0929615
0.0662588
-0.0850858
0.215871
0.0771467
-0.0380243
0.148154
0.0713437
-0.0268964
-0.0642836
0.230215
-0.0989881
-0.154426
0.0345315
0.00455613
0.0931347
-0.0749719
0.12522
0.22644
-0.23087
-0.0443004
0.0222306
-0.192062
-0.0646267
-0.0406232
0.0961082
0.0228592
0.121208
-0.142823
0.0683307
-0.124904
-0.123105
-0.172252
-0.0478732
-0.0925178
-0.174901
-0.00608672
0.0826792
-0.0235104
0.0166007
-0.115173
-0.188416
-0.203549
-0.0484021
0.279777
-0.264012
-0.101911
0.0656699
-0.207634
-0.126212
0.0765569
-0.114009
0.158485
-0.167964
0.214519
-0.108428
-0.098282
-0.0412204
-0.155784
0.111464
0.342777
0.114193
0.102694
-0.14427
-0.0128654
-0.129763
0.0622592
-0.0985641
-0.0262726
0.131657
0.00344384
-0.167209
-0.0331494
0.166268
0.0577987
-0.0440236
0.0806602
0.084258
-0.0309758
-0.238288
0.174991
0.0257086
-0.0390459
-0.227744
0.061767
-0.014129
0.236457
-0.0849285
0.0869143
-0.0637776
0.0386221
-0.0439132
0.0033866
-0.0496555
-0.205502
-0.305192
-0.530865
0.154112
-0.124835
-0.042595
0.0237765
0.215996
-0.208127
-0.150321
-0.394016
-0.159935
0.851696
-0.309032
-0.160031
-0.0978221
0.138639
-0.240433
-0.522445
0.0777152
0.0244053
-0.221205
0.203674
-0.79239
-0.115941
-0.44711
-0.0157508
-0.426391
0.657714
0.406452
-0.659179
-0.416874
0.484651
0.380723
0.0418367
-0.539421
0.0155963
-0.348781
-0.171594
-0.0685435
0.574154
0.267179
-0.0270421
0.25785
0.423535
-0.140615
-0.694839
0.147618
0.0996618
-0.472952
-0.406552
-0.0975109
-0.155243
-0.180769
0.0562171
-0.183502
-0.299903
-0.338157
0.697083
0.126759
-0.0199244
0.285596
-0.0512975
-0.573519
0.206504
-0.0834689
0.0756298
-0.488716
0.553044
0.158862
0.112247
-0.0860467
-0.279079
-0.0595122
0.061576
-0.0507513
-0.0184782
-0.00282711
-0.12868
0.00896772
-0.109622
0.346854
0.345278
0.440168
-0.109354
-0.312933
0.0483893
-0.0977493
-0.29047
-0.392316
-0.0310018
0.223971
-0.178099
-0.255326
0.0365967
-0.31666
0.0347923
0.114723
0.0914678
0.297301
-0.216001
0.000195863
-0.226474
0.0625927
0.403828
-0.0289924
0.310927
0.0317203
-0.329539
-0.0777915
-0.111039
-0.000683127
-0.109985
-0.392627
-0.00476286
-0.205596
-0.379635
-0.116548
-0.190287
-0.150399
0.132107
-0.114642
-0.436373
-0.0437292
0.311562
-0.246632
-0.255496
0.0628146
0.548687
0.291599
0.158535
-0.119047
0.446361
-0.189859
0.00854199
0.197735
-0.22628
0.213397
-0.0162692
0.178646
-0.104548
-0.0901601
-0.450942
0.219063
0.0238564
0.62534
-0.0536278
0.132827
-0.180096
-0.0186572
0.289892
0.205494
-0.162836
0.511613
0.234386
-0.287169
0.0878997
0.211235
-0.0072478
0.0431135
-0.0862466
-0.188566
0.292642
0.302673
0.463855
-0.124008
0.229191
-0.0877626
0.147415
-0.391618
-0.206621
-0.291298
0.126792
0.219088
0.163772
0.234374
0.178168
-0.354984
0.080643
-0.0903516
0.138109
-0.0335779
-0.076988
0.383268
0.0234362
-0.348153
-0.0475418
0.00844774
-0.113553
0.167022
0.153261
0.0737647
-0.111259
-0.247468
0.0186189
-0.310796
0.040032
-0.222778
-0.110064
0.29896
-0.0831651
0.118098
0.179122
-0.191864
0.193823
-0.194679
-0.0944668
-0.112231
0.0055333
-0.177787
0.029593
-0.117126
0.214641
0.0741245
0.435531
-0.562724
-0.005683
0.0953182
0.0618552
0.0986277
0.15228
-0.00397456
0.0294801
-0.0579665
0.00308256
0.220662
-0.0347307
0.21031
-0.0735798
0.0169648
0.0595768
0.11322
-0.100769
-0.105436
0.103498
0.141841
-0.0269907
-0.253369
0.0681382
-0.0428973
0.091645
0.253286
0.192162
-0.0154448
0.0410627
0.0857819
0.160764
-0.119559
-0.211658
-0.202324
0.151096
0.206263
0.201113
0.0660023
0.105894
0.0309586
-0.00406231
-0.0813289
0.155277
0.146078
0.0615246
-0.0296261
-0.0688922
0.0338074
0.00635651
-0.26335
-0.026224
0.154124
-0.130408
-0.0812384
-0.179483
-0.258445
0.123935
0.223902
-0.0587619
0.0642106
0.0494883
0.0649586
-0.0684573
0.155851
-0.314665
-0.0127397
0.0762757
-0.00805532
-0.0692146
-0.0766434
-0.0330371
-0.123725
-0.0232712
-0.213763
0.149255
-0.142869
0.0442496
-0.110046
0.188575
0.0333303
0.051269
0.21483
-0.0637325
0.156239
0.0309538
0.0264014
0.137608
-0.0903648
0.111826
-0.199255
-0.0537907
0.163789
-0.0874377
-0.00912637
-0.299103
0.145817
-0.141196
0.195643
-0.00523851
-0.0738717
0.0464775
-0.00965896
-0.0458904
-0.0709466
0.0763097
0.106743
0.0214844
-0.0165335
0.0392324
-0.0543012
-0.0288221
0.0640059
0.139652
0.028682
0.000110036
0.103695
0.0438062
0.26181
0.00927537
0.0534482
0.0316633
-0.076402
-0.163974
0.0521958
0.0809899
-0.0499515
0.109482
0.0253342
-0.115263
0.00324248
-0.101866
-0.0599739
-0.0686571
0.0403183
0.223014
0.122132
0.0756819
0.0684111
-0.0191174
-0.202302
-0.208167
-0.0702654
0.0219397
-0.0296864
0.0360386
-0.0803923
0.0112427
0.112366
0.153206
0.0643106
0.0189026
0.0343083
-0.0446703
0.0371843
-0.126114
0.111858
0.108415
0.0753969
0.134939
-0.00131954
0.100567
0.0636678
0.0173456
0.119627
-0.0633512
0.162328
-0.0224425
0.106118
0.102447
-0.0920073
-0.0803458
0.0628157
0.051728
0.0194579
0.126335
-0.0223513
-0.0537823
-0.0354679
0.00372786
0.129607
0.0605899
0.0197575
-0.138681
0.0293583
-0.0109399
-0.025169
0.0374518
0.0198512
-0.198057
-0.014232
0.182301
-0.0746557
-0.42082
0.0534729
0.0650529
-0.246418
-0.116587
0.12765
0.100351
-0.0135282
-0.309916
-0.185658
-0.160464
-0.439077
0.713115
-0.117665
0.207417
-0.353908
0.00538719
0.154964
-0.330627
-0.20408
-0.0144793
-0.00817666
-0.220851
0.26018
0.255664
0.00457922
0.00477743
0.0156724
0.0351044
0.130396
-0.211958
-0.11279
-0.0188521
0.0991493
0.168799
0.024196
0.125473
0.103604
-0.22818
-0.00853501
0.0853259
0.0490013
-0.0435096
-0.102361
-0.220032
0.0215354
-0.297981
0.0101795
-0.187736
0.067986
-0.0579662
0.244474
0.0748987
0.029152
0.0638338
0.0152397
0.169175
-0.00222467
-0.0364321
-0.183692
-0.0225187
0.0463639
0.126094
0.15827
0.0813441
0.0763918
0.00119766
0.00761674
0.000508574
-0.0718148
0.247055
0.0353299
-0.022228
0.0471245
-0.0758183
0.116147
-0.117766
-0.238495
-0.0108926
0.0829939
-0.0436133
0.147504
-0.0112216
-0.0652811
-0.118763
-0.0097794
-0.178701
-0.0923024
0.0774968
0.0189614
0.0308835
0.0142265
0.284084
0.0222512
0.0449164
0.0140413
0.000753236
0.126795
0.093301
0.0728373
0.0912449
-0.0803506
0.00554294
0.00878793
0.0173099
0.143917
-0.0732737
-0.11787
-0.0755315
0.143573
-0.0538027
0.0846673
0.00749898
0.0736675
0.0378668
-0.0862383
0.13059
0.0515981
0.0817368
0.0269281
0.100295
-0.00901931
0.153105
-0.164521
-0.0947416
-0.0200089
-0.07251
0.0545631
0.256017
-0.0602833
0.0655386
-0.0816613
-0.0470096
-0.0441746
-0.0935312
0.01471
0.0104387
-0.0706877
0.176624
0.0107136
-0.0580726
0.157346
-0.044167
-0.0726221
-0.0704146
0.0859391
-0.228092
0.0594518
0.107976
-0.034733
-0.0785583
-0.157963
0.130618
0.114591
-0.0548685
-0.186928
-0.0293406
0.240276
0.174845
0.0199619
0.106077
0.00334831
-0.0875982
-0.0197965
0.0733907
-0.00583319
0.0354439
0.0296302
-0.011788
0.0848385
0.152097
0.0458524
0.00201482
-0.0402693
0.0172763
0.0297624
-0.0482916
0.194317
-0.0365094
-0.0128298
0.0440128
-0.194095
0.161936
0.146601
-0.0576746
0.0068235
-0.0281004
0.0326807
-0.208948
-0.0708707
0.127019
0.00552656
-0.0290097
0.05576
0.0348291
0.017177
-0.0268425
0.123355
-0.0758495
-0.0503826
0.00811526
0.115415
-0.0111972
0.0503647
-0.0953174
-0.204116
-0.0553822
-0.0520964
0.0450881
-0.0867712
0.0565203
-0.0944761
-0.0305512
-0.19916
-0.0271909
0.107474
0.0626469
0.0233818
-0.092819
0.0523577
-0.0985575
0.0126248
0.0343566
0.0938665
-0.108378
-0.163896
-0.158637
-0.102821
-0.0614473
0.140531
0.0858075
0.179823
-0.0262383
0.0437873
0.0982665
0.0442422
0.0556248
0.00372751
0.0635793
-0.0546389
0.0380931
0.0617021
0.0160761
0.0048756
-0.0903271
0.0376738
0.0264074
-0.176661
0.0557951
-0.0931118
-0.0623972
-0.163071
0.0651978
0.142706
0.00959434
0.0233007
0.0485388
0.0530807
0.00134336
0.0668203
-0.122033
-0.236748
-0.0545677
0.115211
0.0183172
0.102631
0.0299561
-0.0728374
-0.018668
-0.0160057
-0.0555957
0.0246764
0.0368533
-0.0362688
-0.18459
0.00968783
0.0149838
-0.0621966
0.0528137
0.0298733
-0.17083
-0.0607997
-0.190758
-0.0481119
-0.00779057
-0.226492
0.137067
-0.136224
-0.049504
0.0202226
-0.157768
-0.164493
0.121228
-0.311381
0.148907
-0.0503018
-0.15756
-0.052845
0.0449109
0.341305
0.200504
0.0679872
0.0284256
-0.0478161
-0.0418099
0.127083
-0.193931
-0.254561
-0.121499
0.105215
-0.123365
-0.122681
-0.269041
0.0855404
0.198316
0.0582444
0.0561167
-0.0815775
-0.0484823
-0.119123
-0.11736
-0.0563173
-0.285174
-0.292582
-0.305836
-0.528098
-0.111543
-0.407868
0.364476
-0.252212
0.438616
0.349903
0.22113
-0.0993645
0.0503543
-0.612269
-0.0133304
0.0453225
0.0987471
0.122597
-0.0631594
-0.0529764
0.273629
0.0997075
0.307659
0.0199703
-0.306607
-0.42112
-0.0721654
0.385946
0.054244
-0.36382
-0.321637
0.0446961
0.130769
0.287872
0.131869
-0.29079
0.163377
-0.115956
-0.532333
-0.10541
0.0996192
0.495696
-0.120815
0.13016
-0.192807
-0.0565923
-0.431732
0.329187
0.316305
-0.0109484
0.256085
0.000947442
0.247321
-0.0731407
0.131942
-0.299401
0.0419517
-0.0437908
-0.094152
0.192314
0.297204
-0.0255189
0.0236983
0.521574
-0.0587333
-0.433856
-0.364879
0.155382
0.264249
-0.194789
0.0443363
0.0251014
-0.219799
-0.0765805
0.322014
-0.119213
-0.108266
-7.17563e-05
-0.165907
-0.146748
-0.389165
-0.104594
-0.136838
0.0683301
-0.0165387
0.544729
0.00666515
0.341502
-0.14113
0.00811012
0.127781
-0.187067
-0.309796
0.0754009
-0.287761
0.0330042
-0.23793
0.0531475
-0.0782109
-0.0574909
0.337962
-0.0554916
0.160951
0.0797592
-0.0746205
-0.0468388
0.0896848
0.107673
0.272769
0.147369
-0.138869
0.0109058
-0.0773775
0.260944
-0.0737222
0.0728675
-0.0825946
0.178933
0.171835
0.0985226
0.136382
-0.0306469
0.080849
-0.218135
-0.013631
0.213872
-0.154196
-0.241612
0.122681
0.267623
0.03675
0.132505
-0.0286187
-0.0400472
0.132855
-0.0183308
-0.0991372
0.0635523
-0.0105059
0.0990099
-0.0223864
0.172748
0.188174
-0.057082
-0.091424
-0.0661525
0.137878
-0.166094
-0.0267278
0.017946
0.00785348
0.0471052
-0.0703414
-0.35958
0.161419
0.154527
-0.0183644
-0.0104527
0.141398
0.0257452
0.0352878
0.0559688
0.0152115
-0.139512
-0.150046
-0.133086
0.0483192
0.141247
-0.10358
-0.0419868
-0.131725
0.16083
0.021467
-0.0468
-0.347509
0.0217668
-0.302391
-0.058132
-0.0110009
-0.15499
-0.00159194
0.253164
-0.112696
-0.0850261
0.0151375
-0.26617
0.261336
0.216252
-0.137767
0.192301
-0.116409
-0.0541424
-0.00713791
-0.259139
0.0696915
-0.115995
-0.0446935
0.103544
0.0700032
-0.36575
-0.163738
-0.092341
-0.228041
0.128959
0.232272
-0.323595
0.0643669
-0.00924255
-0.00739237
0.101198
-0.19075
-0.158757
-0.259077
-0.116949
0.069105
0.26264
0.122949
-5.96956e-05
-0.0543712
-0.0358368
-0.209514
-0.0939589
0.239842
0.000464752
0.205096
0.0969248
-0.0573716
-0.342786
-0.0757454
0.158635
-0.0828892
0.346492
0.176401
0.11765
-0.0186975
-0.03521
-0.189615
-0.0745446
0.109587
-0.020717
-0.092605
0.0988696
0.0809879
-0.0532359
0.00659443
0.0624117
-0.187488
-0.243627
-0.0153508
0.0945045
0.251973
0.189558
0.146319
-0.109217
-0.019732
-0.203757
0.280702
0.118739
0.14802
-0.0479549
0.134349
-0.0526182
-0.0868701
-0.020548
-0.0222176
0.125591
0.0848013
-0.0294977
0.102954
-0.114756
-0.0796643
-0.0111118
0.129639
-0.187623
-0.0884129
-0.0448892
0.0922025
0.121259
-0.128928
-0.0802388
0.165551
0.21584
-0.00129253
0.090022
0.113206
-0.00928089
0.263188
-0.0910095
-0.158652
0.0289529
-0.0597784
0.0110302
-0.128846
0.122519
-0.22185
0.0697493
-0.078875
0.153584
-0.0539095
-0.0829473
-0.00745524
0.172524
-0.0857448
-0.000235583
-0.0763303
0.0529983
-0.0597022
0.0414668
0.0844064
0.0902649
0.0342575
-0.130046
0.00083047
-0.173854
0.0339078
-0.0569882
0.0155461
0.0033636
0.104969
0.00499971
0.129518
0.109741
-0.0620565
0.0114041
-0.155055
-0.0171881
-0.0506662
-0.00155041
-0.0434544
-0.00755108
-0.0935772
-0.0944425
0.275787
0.0315195
0.0924591
0.0932305
0.109148
-0.0801484
-0.0560499
-0.0211357
0.139357
-0.0074748
0.0563287
0.0140196
0.116597
0.0951962
-0.0750685
0.108976
-0.0235568
-0.0420678
0.0131319
0.00810431
0.11656
-0.0111687
0.00892921
-0.0609481
-0.0208836
-0.075713
0.34692
0.0722813
0.070942
-0.00745429
-0.0619836
-0.0156637
0.0225367
0.0471247
-0.0328815
-0.0505618
0.0576346
0.0796145
-0.0421906
0.0959036
0.0464356
0.00904458
-0.0819092
-0.0590701
0.0302982
0.0188531
0.0219125
-0.120392
0.13338
-0.105414
0.0829429
-0.01367
-0.021767
0.129526
0.0328735
0.0477389
0.0721142
-0.0100565
0.0312183
-0.0754626
0.103894
-0.0155844
-0.147635
0.100098
-0.00172012
-0.22342
0.125991
0.00609411
-0.0102608
-0.0457063
0.16228
-0.0086399
0.00292854
0.0521876
-0.0289648
0.0183842
-0.0306486
0.0396459
-0.0353866
-0.0524773
-0.00784584
0.0457896
-0.0379917
-0.0913509
-0.0157452
-0.0318241
-0.100239
0.0409626
0.130707
0.00374624
-0.102781
-0.153615
-0.0830385
0.0492207
0.124528
0.0526842
-0.105023
-0.135572
-0.155636
-0.0933317
-0.0815855
-0.0504595
0.0348691
0.28812
0.0839033
0.178198
-0.0417945
0.0524604
-0.0375769
-0.0497312
0.14849
0.0372567
0.0846199
0.113307
0.133983
-0.00401346
-0.00551528
0.0786287
-0.0217163
-0.0208604
0.0663655
0.0211085
0.0135749
-0.260241
0.000791067
-0.000806889
0.0936377
-0.115639
-0.0437653
-0.0986874
-0.0714601
-0.0306481
-0.18506
-0.0544581
0.0847207
0.0248884
-0.16296
0.0271365
0.0400519
0.105644
0.0524226
-0.0232085
-0.0355476
-0.179273
-0.33924
0.0865779
0.151512
0.0534722
-0.0762101
0.0976166
0.0222324
-0.0481176
0.184667
-0.046035
0.122965
0.160086
-0.0339155
0.132931
-0.0459397
-0.0334133
-0.0770643
0.0649713
0.0200019
-0.0325134
-0.0485309
0.0436027
0.0242296
-0.047141
-0.0446141
-0.0137099
0.0128312
-0.0539268
0.191121
0.0242078
0.0347662
-0.0103453
-0.05526
0.123916
0.111032
0.0334083
0.0139536
0.0361916
-0.0700702
0.0726059
-4.66629e-05
-0.0961354
-0.0625266
0.115327
0.0642802
-0.0148188
-0.157111
-0.0645879
0.0607816
-0.124942
0.167959
0.309112
0.0537351
0.0763551
0.0361378
0.0703225
0.199321
0.0994841
-0.000795081
0.0124538
0.0338877
-0.0184359
0.044835
0.0296642
0.0188133
-0.0935864
-0.00416729
-0.0706317
0.0538295
0.037391
-0.120823
0.110685
-0.0396853
-0.0229532
-0.0438078
-0.0733982
0.00341732
-0.07526
0.177676
-0.0330318
-0.0126193
0.126878
0.0441738
-0.00861832
0.090842
0.0362713
-0.0491312
-0.0492451
0.00351841
-0.0160718
-0.0175323
0.116726
0.0995258
-0.0127294
0.0333626
0.0940268
0.0145229
0.110798
-0.0148707
-0.0217147
0.0658097
-0.114647
-0.021356
0.0750354
0.0303042
0.0686709
-0.0806608
0.0306046
0.0454664
0.0095857
0.0319178
-0.0459591
0.0497976
0.00818747
-0.0657155
-0.0338962
-0.252301
-0.0314883
-0.0278174
0.0891701
-0.0720447
-0.0273667
-0.11511
-0.047291
0.0542511
-0.0385056
0.0840623
0.152597
0.0926428
0.0638259
0.147389
-0.031068
-0.0478177
0.0661463
-0.0151262
-0.00113096
0.0535594
0.057803
0.0382386
-0.0555026
0.0994648
-0.0042244
-0.0126036
0.0024631
-0.05554
0.042803
-0.165685
-0.184799
-0.110888
0.0918405
-0.0260526
-0.0526041
-0.146897
-0.0931271
0.0819411
0.0519244
0.248761
0.0661196
0.0914935
0.103515
-0.00768949
-0.0109182
0.0133024
0.0396404
0.011276
0.018502
-0.00555237
0.0670905
0.0458634
0.0108845
-0.0568409
-0.0128631
0.0179533
-0.268088
0.212475
0.0345317
0.0381142
-0.105233
-0.0749972
0.00209312
-0.16388
-0.119215
-0.0156666
0.141839
0.089793
-0.0620973
-0.112269
-0.0607016
-0.10726
0.136137
0.107492
-0.0642349
0.097252
0.0589234
0.177482
0.0368418
-0.0109237
0.0106707
-0.13593
0.0135012
-0.0219538
-0.0642758
-0.13537
-0.0903811
-0.0962446
0.112473
0.0488328
0.159045
-0.000761494
-0.000625557
-0.132724
-0.0494449
0.172658
0.00787849
0.00845668
-0.0222175
-0.0170537
0.0251137
0.113859
-0.0178443
0.0722174
0.107285
-0.0422307
-0.0926733
-0.0568449
0.0535432
0.0717343
0.0634391
0.0551794
0.0388572
0.0453175
-0.00583968
-0.0383758
0.038807
0.0707964
-0.0714628
0.01088
0.0535738
0.0851641
0.0212585
0.00354511
-0.0481589
0.0194279
-0.0275868
-0.0371345
0.0322127
-0.0227802
0.0403892
0.03758
-0.109528
-0.130504
0.0357375
-0.00795105
-0.0528129
0.0660873
0.0328218
0.118723
-0.0686125
-0.068432
-0.130498
0.0188001
-0.0887053
-0.0125609
0.139539
-0.0514513
0.131328
-0.0415921
0.0104635
0.0373532
0.0118369
0.0518335
0.0763992
-0.0255179
-0.0540643
0.00713113
-0.0503251
-0.109976
-0.113814
0.0331221
-0.0151218
-0.141066
-0.0291446
-0.157453
0.161829
0.00728417
0.011065
0.00860818
-0.0210132
0.0917863
0.11543
0.0579312
0.0813442
-0.0567898
0.053769
0.0302065
0.0244457
-0.143144
0.0766482
-0.0277206
0.048807
0.0803267
0.0882218
-0.0299051
0.0171768
-0.075662
-0.0653511
-0.0275819
-0.0168269
0.00473009
-0.0625496
0.0684689
0.0344508
0.107165
-0.0058102
-0.100585
0.0369688
-0.0409747
0.00777543
-0.0449749
0.0446358
-0.142893
-0.159498
0.100721
0.0956185
-0.189352
-0.127953
-0.0189566
-0.158485
-0.0134425
0.037635
-0.303014
-0.0162331
0.31054
-0.0630722
0.204014
0.105554
0.0952088
-0.0838695
-0.0233399
0.140881
-0.00193131
0.0335118
0.14201
-0.0525457
-0.0854559
0.136248
-0.00260548
-0.123972
0.0895792
0.0500943
-0.130848
0.0933595
-0.0635601
-0.00741178
0.109624
-0.0359355
0.0163599
0.229191
0.123029
0.0264181
0.0205482
0.0379991
-0.0860529
-0.0107424
0.0148895
0.0171643
-0.0424022
0.141926
-0.0337917
-0.188447
-0.0163911
-0.0176613
-0.216632
-0.223974
0.0832708
0.0199342
0.248624
-0.0132651
0.0569992
0.10869
-0.0100038
-0.108413
0.0874044
-0.183384
-0.067703
0.175985
-0.0555604
0.0166592
0.0864831
-0.124914
0.101376
0.157371
0.178704
0.0246687
0.107781
0.196914
0.225811
0.113432
-0.165644
0.119006
-0.159948
0.0219236
-0.0828772
0.132092
0.00328417
0.172767
-0.00214025
-0.140167
0.0645484
-0.00873566
0.0902302
0.0734691
-0.0186129
0.00428863
0.0672273
0.000353957
0.0176135
0.0586624
0.0707942
0.00131629
0.0303503
0.00118877
0.0214633
-0.0721337
-0.0157243
0.101814
0.0439977
0.00571685
-0.0485301
0.139878
-0.00265569
-0.00468499
0.0563935
-0.0252602
0.0409813
0.0693699
0.0508996
-0.0283022
0.0472987
-0.0662983
-0.135219
-0.0647806
0.09764
-0.103252
-0.0296512
0.0248468
0.125508
0.0113152
0.0485656
0.14856
0.06217
-0.0579525
0.00560986
-0.0405626
-0.222599
0.0225106
0.134942
-0.134997
-0.125214
0.0504154
0.0275742
-0.210064
-0.253824
-0.154351
0.0544211
-0.217133
-0.0384384
0.0939989
0.228106
-0.00794865
-0.156871
0.0775846
0.0365569
-0.0184369
0.176192
0.0882821
0.0660852
-0.0238487
-0.088034
-0.0615294
0.090797
-0.0618993
-0.128919
0.0366767
0.0184844
0.0078389
-0.0850894
-0.132097
-0.11958
-0.0337987
0.120195
0.0474552
-0.12661
-0.140672
0.100996
-0.0915782
0.0614174
0.250661
0.0830052
-0.0256002
-0.0155829
0.0497988
-0.258417
-0.134822
0.108848
-0.0840715
-0.0460942
-0.155065
-0.198632
0.0647988
0.252709
0.211723
0.173955
0.0639994
-0.00775684
0.110718
0.0355401
0.116997
-0.220135
-0.0956254
0.00147128
-0.026645
-0.153755
0.0668157
0.0607396
0.133631
0.0196354
0.0430351
0.0265291
0.0234818
0.00182074
-0.0890772
0.0727818
-0.143491
-0.254877
0.176643
-0.00560659
0.00308519
0.00527663
-0.187757
-0.257597
-0.237362
-0.528332
0.419603
-0.0946824
0.261891
-0.000511605
-0.0889669
-0.226613
0.0608204
0.231272
-0.204082
0.0214234
0.167037
0.182428
-0.0905251
-0.0674671
-0.0992911
0.0146302
0.0922061
-0.000474532
-0.169123
0.0964671
-0.308494
0.0286038
-0.253937
0.224438
-0.227265
0.0382446
0.156454
-0.0199744
0.0804875
0.292217
0.12162
0.0064778
-0.0106993
0.0444475
-0.00524361
-0.0891029
-0.0376134
0.102181
-0.0373958
0.104247
0.00507374
-0.0122207
0.160446
0.065352
-0.00519559
-0.13152
0.094688
0.106536
0.0462447
0.0813009
0.0816772
0.0948243
-0.0125061
0.0523723
-0.103805
-0.0524032
0.123494
-0.0956936
-0.109299
0.0655508
0.173486
0.0334789
0.00325068
0.0647698
0.0446733
-0.175436
0.100681
0.0605171
-0.00591532
0.0661819
0.0119872
0.0595072
-0.201379
-0.0570441
0.0601246
-0.191714
-0.113668
0.104386
-0.264999
-0.127232
0.250511
0.0743046
0.0886394
-0.136137
-0.0301254
-0.00247488
0.196325
-0.0665805
0.141399
-0.0444563
-0.260636
0.0185978
-0.22833
0.0393319
0.0625724
0.0928794
0.0599937
-0.229131
-0.283882
-0.0660709
0.18477
-0.299528
0.155772
0.27701
-0.0255819
0.13559
0.00111016
-0.111741
0.176376
-0.23119
-0.129512
-0.172767
-0.0357367
-0.0641797
-0.347121
-0.147709
0.0738209
-0.337778
0.153693
0.266829
-0.0259555
0.303585
0.0966657
-0.104585
0.270116
-0.130138
-0.1819
0.155005
0.0713598
0.00552836
0.155865
-0.0434637
0.00434116
0.0417062
-0.00336638
-0.161722
0.0480553
-0.0990202
0.167322
0.184707
-0.0696756
-0.014001
0.0369232
0.0444375
-0.0191485
-0.0282807
-0.0868279
-0.169013
0.0605782
0.192578
-0.148303
-0.167123
0.015242
-0.109007
-0.0409636
-0.126451
0.215799
0.012608
0.00982779
0.153386
0.0898554
-0.0205004
0.0356092
0.149686
0.00648041
-0.13284
-0.11138
-0.163025
0.0809353
-0.0314696
0.0462594
-0.130121
-0.00479183
-0.0979739
-0.0727113
0.00614772
0.0165657
-0.0691447
0.0135359
-0.0786384
0.0211707
0.0345621
-0.00149055
0.0540146
-0.0911933
0.124743
0
0.136244
0.111603
0.102276
0.0278718
0.00772287
0.0325227
-0.0660275
0.0121431
-0.0268071
0.0754566
0.10813
-0.00710181
-0.0737401
-0.156991
-0.14587
-0.164717
0.0979481
-0.130912
0.0454854
0.279993
0.0201886
0.0425135
0.0652155
-0.81601
0.265133
0.253138
0.146555
0.1606
-0.0740555
-0.215539
-0.0971443
0.0800712
0.179968
0.177902
0.0732354
0.108225
0.0477641
-0.0212206
-0.003082
-0.000594668
0.0914413
-0.011359
0.0641935
0.0328789
0.023854
0.016924
-0.0439262
-0.0287259
-0.072738
-0.118036
-0.0186953
0.0742449
0.0965986
0.0883454
0.154808
-0.0322917
0.0429154
-0.0232064
0.0169881
-0.119741
-0.120988
0.108853
-0.0606591
-0.0300549
0.0890046
0.0414172
-0.0688783
0.0963634
-0.0246481
-0.011554
-0.0680093
0.0185442
0.180772
-0.0140006
-0.00541618
0.0792532
-0.0211504
-0.131563
-0.12688
-0.0804865
0.000264754
0.0516492
-0.044708
0.124756
-0.0152256
0.0579497
0.196718
-0.0208824
-0.0888678
0.0223671
0.0439559
0.00438963
0.0409159
0.0197706
0.0594808
-0.0334346
-0.0700185
-0.0625684
0.0979516
-0.047605
-0.0858323
-0.108429
0.09517
-0.0141826
0.113274
0.0111409
0.0118599
-0.0144521
0.0219372
-0.0195077
0.0169785
-0.177531
-0.0341926
-0.0636199
-0.104803
-0.112116
0.00208407
-0.11557
0.14594
0.0358974
0.165037
0.0765107
-0.145323
-0.121193
0.0550067
-0.0411812
0.0522307
0.0245884
0.0121514
0.0743649
0.0202842
0.0760998
0.0260512
-0.0934211
-0.0192778
0.0474255
-0.0219795
-0.0599171
0.116099
0.199041
0.0246617
0.0428396
0.0574683
0.0748996
-0.0576206
0.0639419
-0.0100229
0.0342272
0.032723
0.0316267
-0.101064
0.126323
0.00898071
0.00513142
-0.0300641
0.000696535
0.1266
-0.00269589
-0.0156016
-0.0274758
-0.0515604
-0.0193744
-0.0116787
-0.0920863
0.104416
-0.0549036
-0.0614037
0.0377132
0.0676015
0.0505846
-0.0685647
0.0858978
0.0373224
-0.00411411
-0.00265839
-0.130379
-0.133826
0.0601967
0.0643048
-0.0405696
-0.0455695
0.0321723
0.0182779
0.0690474
0.0381211
0.0692594
0.00591585
0.057309
-0.0037588
-0.0301546
0.0400681
0.0483655
-0.019675
-0.0211487
-0.0674488
0.011373
0.00681317
0.0969656
0.0281712
0.0040743
-0.0327618
-0.0102003
-0.0115979
-0.00180582
0.00368837
0.00895651
-0.00762463
0.0484215
0.0731523
0.0210182
0.0329535
-0.124583
-0.051942
0.0678843
-0.0268222
-0.0430987
0.0257959
0.0193746
0.00692448
0.0381192
-0.0201292
0.0177394
-0.0804394
0.0464951
0.0162595
0.0320258
-0.0419469
0.0798326
0.00494945
-0.0841146
-0.0110367
0.0935668
-0.0350844
0.198866
0.0765365
0.0514247
0.0139992
-0.051342
0.117575
-0.0382824
0.0655687
0.0759729
-0.0350942
0.0502755
-0.00563344
-0.0165155
-0.0220943
0.0368106
0.0161402
-0.169977
-0.0463567
0.11425
0.0149984
0.144039
0.0081069
0.011103
-0.0205035
-0.0284812
-0.048874
0.116346
0.0498569
-0.0321791
-0.0213604
0.0581688
-0.0288687
0.083353
-0.103797
0.0982716
-0.0200113
-0.0709746
0.0976137
0.126809
-0.0516111
-0.0566535
-0.045052
-0.0131836
-0.11001
-0.00578258
-0.16034
-0.0111248
0.135524
-0.0284368
0.0390103
-0.0459614
0.0314071
0.0581828
-0.0444319
0.167473
0.0156889
0.0108666
0.038358
-0.110032
-0.041276
-0.0294294
-0.110216
-0.0738901
-0.125352
0.0979145
0.0561125
-0.0897469
-0.0632442
0.0847192
-0.00903755
0.00881748
0.0682214
-0.00179045
0.0126616
-0.0730265
-0.0954702
-0.0761578
0.111645
-0.0127679
0.0763641
-0.0174369
-0.0935066
-0.024867
0.0751008
-0.00845145
-0.0207479
0.0235623
-0.083589
-0.0807466
0.0858786
0.073924
0.0504007
-0.0577528
-0.0448832
0.0238732
0.0244704
-0.0254433
0.101984
0.0646913
-0.0248045
-0.0415932
-0.00174859
0.0625493
-0.0070475
0.0055593
-0.0130286
-0.0287416
-0.0129053
0.00597364
0.00681668
0.0843005
0.00340908
0.042686
0.0661235
-0.00858132
0.037756
-0.0240724
0.0509409
-0.0210458
-0.00857177
0.00341324
0.0200981
-0.00057105
0.00831779
0.00822943
-0.0160475
0.0966991
0.0653887
-0.0128005
-0.0580128
-0.211195
0.11082
-0.0714133
-0.0496292
0.0773147
-0.00114819
0.0217215
0.0408571
-0.055425
-0.00937853
-0.146238
-0.0313597
-0.0479431
-0.0438224
-0.0394876
0.0939187
-0.0346983
0.0645769
0.0107224
-0.0302443
-0.0389694
0.00369791
-0.0945039
0.0318226
0.0183425
-0.0149713
-0.0896621
0.0348969
-0.00702493
-0.0578534
0.0518448
0.0126829
0.0130594
0.047697
-0.0523667
0.00552913
0.104718
-0.0034863
-0.0680366
0.0547313
0.00293373
0.00927923
-0.0345438
-0.016773
0.0450125
0.0890155
0.0748595
0.0534886
0.0407669
0.0605044
-0.0419823
-0.0271501
0.020257
-0.0265226
-0.00296498
0.0180635
0.0339881
0.076094
0.0441617
0.0111385
-0.0839188
-0.118096
0.0398789
0.0373338
-0.0660651
-0.0224003
0.228056
-0.0658045
-0.0880574
-0.222218
0.195653
-0.215832
-0.0919483
0.139769
-0.0352482
0.114172
0.0944941
0.16564
-0.0358697
0.0733868
0.0330386
-0.0656333
0.0193144
0.0634312
-0.0472523
-0.0527075
-0.129534
-0.202609
0.0885367
0.0429939
0.0549185
0.132842
0.0097464
-0.0142091
-0.102165
-0.0115458
0.0535227
-0.052389
-0.073745
0.0420851
0.0104348
-0.151887
-0.0560111
-0.0913827
0.112688
-0.0220371
0.022329
-0.0973741
-0.0910822
0.184305
-0.0723441
-0.0151001
0.048081
-0.0706052
0.097244
0.0430242
-0.0249811
0.118332
0.0375167
0.0666023
-0.0413005
0.027311
-0.0576644
-0.0117662
0.173752
0.0837529
0.02647
-0.0425061
-0.111355
0.116583
0.0866679
0.0854499
-0.00459603
0.0892437
-0.0229052
0.00803258
0.0203171
0.0425544
0.0171596
0.0704775
0.0639481
-0.154758
-0.0443179
-0.0237272
0.0162647
-0.132916
0.0511891
-0.0217352
0.107816
0.0715279
-0.0339363
0.0169485
0.000855912
-0.0180578
0.0105368
-0.0468483
0.00603175
0.0607205
-0.0614926
-0.0880471
-0.0927396
0.0335815
-0.0992211
-0.0898191
0.0207402
0.030869
-0.0373975
0.0892119
-0.111726
0.0417338
-0.0454067
0.0519327
0.0545886
0.101365
0.107313
-0.121507
0.0269721
-0.0668246
0.0202893
0.137912
0.0583119
-0.0589593
-0.135962
-0.0138916
0.0960493
-0.0102822
0.00415561
0.0207227
-0.00857172
-0.0520212
0.0599429
-0.0872872
0.0425913
0.0080102
0.0702144
-0.00660836
-0.00319282
-0.112515
-0.0388787
-0.0188515
-0.164767
0.107788
0.0201028
0.0881165
0.053728
0.0543164
0.0167669
-0.00300535
0.0963292
0.106255
-0.00680782
-0.0165719
-0.0611744
-0.019084
-0.127197
-0.128716
-0.0762044
0.0357806
0.0302608
0.000908906
0.00585098
-0.00595085
0.0819117
-0.00297229
0.0337232
0.0151971
0.0235689
0.0935975
-0.0382574
0.0245941
-0.0470033
0.114504
-0.101041
-0.0307647
-0.111919
-0.0349446
-0.0597437
-0.10405
-0.0801715
-0.0431229
-0.189972
-0.22477
0.0460412
-0.00587669
0.235931
-0.139151
-0.10623
-0.0300726
-0.0510643
-0.261359
-0.0497621
0.0346606
0.116324
-0.0188323
0.0283498
0.146352
-0.0387132
0.162354
-0.0155047
-0.00808599
0.0758465
0.0170347
-0.0913274
-0.0159866
0.0341362
-0.0620381
-0.101189
0.0614974
-0.0989597
-0.198728
0.0800098
-0.123609
0.0464842
0.0648114
-0.0564813
-0.0272256
0.0201775
-0.0368791
0.19523
-0.177199
-0.0788991
-0.11324
-0.168145
0.162805
0.265241
-0.0731451
0.021656
-0.0736243
-0.0667128
0.0735478
-0.21437
-0.072662
-0.15944
0.133663
0.103634
-0.0513
0.30819
0.0167315
0.129383
0.0826614
-0.00480726
-0.0253195
-0.0373097
0.0340303
0.0931413
0.0321317
0.120905
0.0508194
-0.0476727
0.00418349
0.0721355
0.0750732
-0.111883
0.0607609
-0.0187695
-0.100714
0.0258957
0.0283732
0.118257
0.126037
-0.0891332
-0.0359959
0.0738301
-0.0266569
0.0454843
-0.011168
0.036498
0.0563028
-0.0987726
0.0212419
-0.110361
0.0119842
0.0508457
0.056329
-0.0192788
-0.0633669
0.177188
-0.0226628
-0.0074529
-0.0507492
-0.0612908
-0.04855
0.133644
0.03073
-0.0143932
0.150313
0.0531546
0.0495309
0.0677963
-0.124844
0.000322141
-0.217443
-0.0697901
0.0208228
-0.0212269
-0.11045
-0.102599
0.198575
0.111073
0.136003
0.0102588
0.0371731
-0.0526563
-0.0606962
-0.029378
0.0130925
0.0297873
-0.0390075
-0.0329884
-0.0496773
0.0687223
0.0348322
-0.0642239
-0.0603236
-0.00676301
-0.0729381
-0.119687
-0.0840944
0.027623
-0.111456
-0.0839911
-0.0583941
-0.135278
0.099676
-0.205116
0.106993
0.0173441
0.196004
0.0315971
-0.0728979
0.125649
-0.0121132
-0.211862
0.0416754
0.0480995
-0.0636938
-0.146197
-0.0371826
0.0155945
0.0650433
-0.0369658
-0.00702029
0.0846218
0.0321999
0.186311
-0.0531649
0.0502891
-0.0725014
-0.0713649
0.140936
-0.00379034
0.0018685
0
-0.0776431
0.0154624
0.0964177
-0.00530902
0.010519
0.095797
-0.00104879
0.0575102
0.0354145
-0.0386383
-0.0417399
-0.104151
0.0114445
0.00498616
0.0288857
0.0523673
0.038677
-0.09312
-0.208516
0.0734936
-0.00482451
0.126968
0.00527505
0.0179782
-0.0611234
-0.024061
-0.123309
0.0250849
0.0108474
-0.110888
-0.109233
-0.00604093
-0.0446899
0.147419
0.013399
-0.0640588
0.0553472
-0.250383
-0.0353817
0.13487
0.131485
-0.138356
0.0939487
-0.0193243
-0.118803
-0.0456541
0.0469053
-0.105134
0.154955
0.0537434
0.0289908
-0.0869479
0.141335
0.131242
0.0555959
0.061376
0.0373105
-0.00252568
0.112849
0.0117542
0.0102999
-0.0446638
-0.0551612
0.0531435
0.0191669
-0.0978544
-0.0408975
-0.0564723
0.0290319
0.105844
0.0602635
-0.119206
-0.209428
-0.102638
0.0624795
0.0926736
-0.0600147
0.0371385
0.0837072
0.177912
-0.0717513
0.0792842
0.0138872
0.0429239
0.00646528
0.0719183
0.0376582
0.0547755
-0.148989
0.03007
0.0333379
-0.033568
0.0307732
-0.0769222
0.0538773
0.124025
0.0232453
-0.0272212
0.0277775
-0.0170101
-0.00736971
0.0338928
-0.0760892
-0.0813548
0.0654878
-0.0373125
-0.0428424
-0.0194393
-0.0563302
0.0184961
0.0447862
0.0050512
-0.0028292
-0.0166456
-0.0389162
-0.111813
-0.047825
0.104614
-0.0153131
0
0.0474008
-0.0133812
0.00656598
0.0466096
0.0761939
0.0808389
0.0841864
0.0208364
0.0576454
0.0798723
0.0303704
0
0
0
0.0174699
-0.0660218
0.147539
-0.0329237
0
-0.0285636
-0.0466649
0.0220664
0.0519306
0.0642851
0.0459265
0.016554
0.0928578
0.0614815
0.0540399
-0.0690824
-0.0217561
-0.0473061
0.0388114
-0.207945
0.172844
-0.0321526
-0.00154585
-0.0621694
0.00399226
0.147727
0.153027
0.111849
0.0931792
-0.0109472
0.12133
-0.0490294
-0.0246426
0.00926451
-0.0476893
-0.142174
0.0971421
-0.0477164
-0.0309876
-0.350732
-0.186833
0.0728597
-0.281767
-0.298359
0.0524479
0.121007
0.0390903
-0.168957
-0.356474
-0.762697
-0.144676
-0.0992451
-1.07876
-0.148755
-0.553957
0.1305
-0.269324
0.330933
0.104368
-0.42246
0.619222
0.428109
0.196717
-0.323352
0.0156244
0.450798
-0.316859
0.0772357
-0.10501
0.246774
0.316426
-0.02967
0.11591
0
0
0.184307
-0.424487
-0.0281913
0.248061
-0.00953883
-0.325827
0.307515
0.140817
-0.0840228
0.103396
0.294012
0.350711
-0.0969438
0
-0.363349
0.106477
-0.0299159
0.160996
0.0729358
-0.0273076
0.0724431
-0.241082
-0.241467
-0.00117703
0.457424
0.0476124
0.158154
0
-0.0198023
0.103274
0.227243
0.175117
0.110326
-0.0993623
0.100593
0.0900007
0.10202
0.0175625
0.133976
-0.0306947
-0.0944956
-0.0901149
-0.38787
0.0620588
-0.0483223
0.281558
-0.0487266
-0.00328905
0
-0.107103
0.129184
-0.173427
0.0288412
-0.0119501
0.059662
-0.0559159
-0.0808467
0.111187
-0.0476495
0.175593
-0.11917
-0.082972
-0.103643
0.0595814
0.208004
0.0507369
0.0356461
0.00939639
0.021099
0.0949133
0.0416894
0.0457855
0.159233
-0.068606
-0.0590398
-0.0433996
-0.0243144
-0.19467
0.081771
0.212929
0.0134796
0.0172984
-0.0270961
0.0362905
0.0373192
0.101776
0.0880281
-0.0207082
-0.0859208
0.112529
-0.033625
0.0242294
-0.0688065
0.00275893
0.138826
0.0292029
0.10713
-0.0328996
0.00440409
-0.0480548
-0.0178723
0.0679257
-0.150868
-0.0419775
0.118005
-0.105658
0.162577
-0.0297954
-0.0322077
-0.00559588
0.0690656
0.12083
0.0130513
0.00333346
-0.328936
0.115439
-0.000579137
-0.0949715
-0.0766543
0.19616
-0.0251831
-0.0154504
0.0925543
-0.0112138
0.132666
-0.0232875
-0.0164692
0.0388267
0.090738
0.0988123
-0.0566579
0.0662697
-0.132719
0.0892819
0.0188368
-0.0315496
-0.10975
-0.0383546
0.0363638
-0.190176
-0.142524
-0.287104
-0.151093
0.0939943
0.0848795
0.260665
0.0994246
0.0991579
-0.0267501
0.35096
0.114908
-0.0523206
-0.12184
-0.00198437
0.0850508
0.0165499
0.0722724
-0.072816
0.0563
0.0354241
0.110106
0.0446601
-0.0397357
0.119558
-0.108625
0.0368571
-0.0272688
-0.022904
-0.00750607
0.0516432
0.0613222
-0.0367742
-0.0133258
-0.051445
0.0060414
0.0821619
0.00697836
-0.0331025
0.019178
-0.199814
0.070122
0.0616521
0
0
0.12189
0.089701
-0.0710948
0
0
0.0604038
0.00301657
0
0.272849
-0.0137236
-0.1013
0.115033
-0.0688696
0.0767285
-0.0965032
0.0593767
0.00249723
0.122778
0.0541591
-0.067672
-0.0273727
0.049048
-0.0173453
-0.140223
-0.0779227
0.100956
0.0147975
0.116472
0.0369982
-0.142911
0.0788025
-0.0716242
-0.0010315
0.0605713
0.102885
0.0616791
0.055717
-0.0981416
-0.0665822
0.00971707
-0.0310821
-0.0612856
0.0205853
0.0746624
-0.173119
0.121241
0.066072
-0.0588384
-0.17583
-0.0575946
0.182794
0.0772347
0.0514754
0.121483
-0.0382017
0.0362825
0.0113972
-0.106998
-0.0410043
-0.00275246
0.0324816
-0.0318854
0.0441731
0.0231108
0.0674397
0.00308728
0.00554088
-0.1163
0.0859474
0
0
0.00742571
0.039764
0.014061
0.045796
-0.0523111
0.0670076
-0.00226091
0.0672402
0.151072
0.0398265
-0.143081
0.0110942
0.119734
0.0596828
0.0634156
-0.0335872
-0.0819176
0.0223631
-0.0684395
0.0747198
-0.128075
0.171297
-0.0561455
0.128264
-0.0417621
-0.202438
0.00170368
0
0.100508
0.00988867
0.108663
-0.133691
0.04466
0.0847154
-0.0116534
-0.00428156
-0.018801
0.0309384
0.0883334
-0.100314
0.106753
0.087966
0.0421202
0.0239421
-0.00596203
0.00946507
-0.00457434
-0.0365651
0.0722185
0.0598115
-0.0381952
-0.012398
-0.0681462
-0.0849269
0.0422536
0.0511959
-0.0663135
0.0992136
0
0.00538578
0.0431342
-0.0739769
0.05659
0.0505629
0.0714098
-0.0457864
0.0658554
-0.115393
0.105035
0.0843677
0.054331
0.0438825
-0.0472925
-0.00874485
-0.205783
0.128756
0.137125
0.0715342
0.131163
0.049471
-0.125504
-0.010156
0.0631461
-0.0407461
0.0298575
0.0370962
0.0453371
0.00192308
0.0133
-0.0210551
0.0239277
0.00556129
-0.0166932
0.0112982
-0.0820385
-0.00380327
0.0337369
-0.188909
0.046509
0.093611
0.0253381
0.0399012
-0.00696553
0.0326308
0.020195
-0.0441083
0.0372426
0.107547
-0.000986714
0.0567048
-0.00344217
-0.132992
-0.0362653
-0.0592245
-0.0153792
-0.0653353
-0.0785882
-0.00380377
-0.120057
-0.205034
0.0444753
0.184447
0.0953877
-0.162106
-0.0294622
-0.27251
0.0659161
0.0334936
0.00140349
-0.11225
0.0865064
-0.129411
0.128052
0.0215512
-0.0302877
0.00757049
0.0757904
0.115586
0.0475482
-0.0308913
0.0571461
0.0679665
-0.0788584
0.0982938
-0.0232165
0.0175009
-0.0404439
-0.104053
-0.0927547
0.0167936
0.00818391
0.128591
0.0274569
0.0149951
0.0204619
-0.0701074
-0.0120948
0.0747734
-0.0168559
0.0150017
0.0224139
0.0350531
-0.111513
-0.0189202
0.0244492
-0.146932
-0.0151707
0.0922029
-0.357342
0.131904
-0.109606
0.211257
-0.0990467
-0.107181
0
0.358169
-0.00305091
-0.0641979
-0.0437548
-0.0474131
-0.0922727
0.0529609
0.127851
-0.0694359
-0.140456
0.129592
0.075715
0.109191
0
0.0903013
0.0377562
-0.0318571
-0.0191693
0
0.0552256
0.101312
0.0505176
0
-0.156315
-0.157768
0.0669086
0.0692783
-0.000682195
-0.122029
0.035135
-0.0799354
-0.0490096
0.0569446
-0.315956
-0.470847
0.136657
0.175865
-0.0340197
-0.0352835
0.162396
0.129476
0.0066213
-0.1682
-0.12198
0.149278
-0.019052
0.098238
-0.0855408
-0.0582494
-0.255959
0.118779
0.0359722
-0.169175
-0.0723619
-0.126027
-0.10062
-0.0661777
-0.38829
0.357256
-0.0875516
-0.482043
0.122103
-0.276215
-0.435683
-0.135291
0.136607
0.409776
0.0283977
0.201884
0.365751
-0.155575
0.323884
-0.023665
0.00765676
0.0283995
0.0240531
-0.1502
-0.100725
-0.132893
0.0904604
0.261203
-0.0782176
-0.0824601
0.0937752
0.0124778
0.000335828
-0.121776
-0.0460151
0.180712
-0.151457
0.0271946
-0.014738
0.059276
0
0
0.0361441
0.0951153
0.106259
-0.155023
-0.232944
0.00940644
0.1271
-0.0751268
0.00203741
-0.131575
0.121015
-0.0918772
-0.12582
-0.104684
-0.38441
0.0569368
0.198841
-0.0169879
0.222767
0.0228348
0.132417
-0.109543
-0.142695
0.0643026
0.124605
-0.0567031
0.128514
0
0.169238
0.0212703
-0.189657
-0.0726989
0.0681061
0.0278143
0.116717
-0.046683
0.011084
-0.102972
-0.244361
-0.267357
0.0155328
0.102325
-0.308168
0.0681827
0.195191
0.0623646
-0.112741
-0.289055
0
0.305758
0.0538155
-0.142266
-0.215966
0.0898398
-0.000882677
-0.18544
0.0672753
0.231689
0.0706347
-0.140709
0.0676959
-0.118414
-0.136882
0.149746
0.121117
0.114612
0.036889
0.127123
-0.0980428
0.00870675
-0.0525152
-0.0240834
0.240233
0.146195
-0.0118887
-0.141252
0.0677836
0.066387
-0.058092
0.0613506
-0.0571185
0.132932
0.041477
-0.00216495
-0.03521
0.114394
-0.172404
0.0572768
-0.075095
-0.125126
0.0450865
0.000652868
0.0451833
-0.126178
-0.0911937
-0.00153429
-0.00868628
-0.253551
0.177996
-0.169855
-0.000537443
0.0331617
0.0190558
0.158072
0.141798
-0.171775
-0.113718
0.00522313
-0.124628
-0.0808213
-0.11589
0.119712
-0.114901
-0.198223
-0.0542803
0.0284947
0.0318532
-0.220079
0.180669
0.13211
0.2755
-0.127851
-0.0466207
-0.198623
-0.0296251
0.000513082
-0.0182759
0.0965089
0.100588
0.193733
0.0810759
-0.0521572
-0.0866572
-0.00555813
0.102049
0.111784
0.0890052
-0.0776597
-0.114569
0.028513
0.0520382
-0.0459992
-0.0431508
0.244064
0.102195
0.0769432
-0.00880515
0.118527
0.0333464
0.0174832
0.00131137
-0.0621603
-0.107952
0.0952624
-0.0426886
0.0599219
0.0623414
0.0374114
0.0147516
-0.124786
0.0640635
0.0838661
0.112358
0.0431764
-0.0088091
0
-0.175412
-0.0386683
0.121868
-0.0988035
0.0707056
0.000783817
-0.210056
-0.131924
0.0766901
0.0547651
0.0689237
-0.0433692
0.0148103
0
0.00396707
-0.0510967
0.0655316
-0.114994
0.185105
-0.0128151
0.0478319
0.0595509
0
0.180231
-0.10842
0.00800079
0.0747066
-0.0302298
0.0133028
-0.0882006
0.0524704
-0.122865
0.0548399
0.0716581
-0.0133188
-0.0697249
0.0716147
0.0206928
-0.0568386
-0.0864276
0.0600485
0.157462
-0.0108125
-0.0792855
0.000792857
0.0950512
-0.00709692
-0.123159
0.100608
-0.000840793
-0.0187636
0.024975
-0.046635
0.0440872
-0.025008
-0.0215945
0.0118508
-0.0511904
0.134829
-0.0128099
-0.0468417
-0.0157781
0.120644
-0.0305302
-0.0822833
-0.0106604
-0.0718319
-0.174146
-0.226119
0.116218
-0.35132
0.058382
-0.140845
0.0941805
0.199365
-0.0536408
-0.0590968
-0.237992
0.0838826
-0.0144144
0.0661691
0.161714
0.0564085
-0.0247435
0.0361566
-0.0758591
0.0425149
0
0
0.112993
-0.0549111
0.0165291
0.0736904
0.00640467
-0.0243338
-0.0443989
-0.0680146
-0.0618533
0.0184594
-0.040432
0.0585396
-0.0132944
-0.00780148
0
-0.104098
0.036675
-0.0570502
0.117012
0.0246196
-0.140626
-0.000692471
-0.0157216
-0.033319
0.0259814
-0.114292
-0.0116728
0
-0.0157456
-0.0298052
-0.00264097
-0.160024
-0.110432
0.08404
-0.0110265
-0.0298363
-0.130095
0.0749325
0.215576
-0.00735647
0.0467941
0.0117032
-0.0114703
0.034739
0.0283736
0.105182
0.0116602
-0.0353847
-0.0119983
-0.108521
-0.171243
-0.1581
-0.163425
0
0.000294841
0.0172889
0.0757301
-0.0236382
0.0514503
0.0816404
0.00698162
-0.0581828
-0.168161
0.0274183
-0.0208417
0.0634975
0.106546
0.0587107
-0.125662
-0.0483963
0.0570049
0.0229201
-0.0260405
-0.00139946
0.0313954
0.121641
-0.084612
-0.149301
0.00592615
0.016846
-0.0339948
-0.150105
-0.0857698
0.0568546
0.0244062
-0.065739
0.107243
0.060107
-0.0954315
-0.0675672
-0.0497687
-0.0376914
-0.00717797
-0.0388924
-0.0190339
0.0832411
0.0184692
-0.0588588
0.0122651
0.139559
0.156244
0.0406875
-0.0324859
0.0183631
-0.000121835
-0.0124452
0.00896208
-0.0761586
-0.0472706
0.100103
-0.107118
-0.0375978
0.186459
0.0236742
-0.0771827
-0.0211713
0.0493335
-0.0971565
-0.027501
-0.115638
-0.111367
-0.0287494
0.0415214
0.0680349
-0.111108
-0.141702
-0.0554599
-0.00486902
0.10731
-0.0323407
0.221374
0.03448
0.00311634
-0.0825925
0.00626042
-0.0935889
-0.118041
-0.144926
-0.146483
-0.0866829
0.101899
-0.0364734
0.0790082
0.00600367
0.0257846
0.102587
-0.0335282
0.239844
0.0604176
0.00627365
-0.0565203
0.0760436
0.102965
-0.103512
0.0298341
0.194879
0.0388808
-0.106478
0.112798
0.00130046
-0.0553728
-0.0308532
0.0386957
0.0080111
-0.0560889
0.0270993
0.0409994
0.0359328
0.0896969
-0.111481
-0.00823643
0
0.104162
0.0969151
-0.0319822
-0.0750524
-0.0487186
0.176499
-0.0290165
0.0226415
0.0714482
0.0197233
-0.0330935
0.0912396
0
0
0.059905
-0.0353985
-0.034108
0
0.0684935
-0.114292
0.158905
0.0572748
-0.00350556
-0.0392095
-0.024474
-0.0692325
0.079137
-0.0314029
-0.0453755
-0.16385
-0.0169757
-0.110619
0.0679871
0.0416166
0.0998236
0.104637
0.0828661
-0.00248032
-0.034113
-0.0364326
-0.111324
-0.0119317
-0.133509
0.0475374
-0.0536848
-0.069682
-0.0795446
0.0198944
-0.0958107
0.00592612
0.0683912
0.171927
-0.0344895
-0.00151675
0.0156822
-0.0097884
-0.0135215
-0.0547072
0.0680165
-0.00032342
-0.0553067
0.0102493
-0.0711998
-0.0495821
0.00882323
0.078205
0.019906
-0.0648398
0.099955
-0.0252685
-0.0760066
-0.0134876
-0.0540711
0.0924276
-0.0170939
0.0791949
-0.106065
0.0129831
0.0224935
0.0108451
-0.0520655
0
0
-0.0196975
0.0588435
0.109767
0.00291069
0.0402081
0.0218564
-0.00920323
-0.0239721
-0.021606
-0.0649267
-0.0985928
-0.00760867
0.0339427
0.0706833
0.105856
0.0361337
-0.0530757
-0.202666
0.111047
0.0581231
-0.0371992
0
0.05223
0.0602494
0.112429
0.0309253
-0.00139463
0
0.158001
0.0405487
0.0570603
-0.0565657
0.0755041
-0.00567003
0.0289134
-0.0222233
-0.014329
-0.0358256
-0.0198069
0.0424602
-0.0238816
-0.156175
0.0430473
0.0216056
0.0279759
-0.0913909
0.029995
0.00444549
-0.0272131
-0.025191
-0.0658961
0.132524
-0.106544
-0.131941
0.0105668
0.0753835
-0.0801152
0.102008
0
0.0236729
-0.0727401
-0.109664
0.037524
-0.0377152
0.138807
-0.0731005
0.047105
0.0531511
-0.0743373
-0.0602073
-0.124986
0.0580442
0.0511505
0.0663424
-0.126323
-0.0469592
0.0131931
-0.00307346
-0.0782187
0.127392
-0.0879415
-0.106658
0.0333573
0.102964
0.045125
0.0746651
0.0158201
-0.0818764
-0.250123
-0.238389
0.0256535
0.214578
0.0572369
0.0252414
0.00027725
0.0847341
0.0236344
0.0990936
-0.00228332
0.0922047
-0.0424519
0.0428307
0.00537085
0.0864719
-0.0201971
-0.00915798
-0.00282334
0.116029
0.0364927
0.0229632
-0.0848043
-0.138232
-0.019132
-0.138872
0.0411887
-0.0504976
-0.111077
0.0395559
0.0682814
-0.0118345
0.0862688
-0.00218135
0.118031
-0.08931
0.0238101
0.121409
0.0426205
0.15287
0.0249176
-0.0142365
-0.0946566
0.0141962
-0.0812704
0.0684615
-0.00811167
-0.103832
0.0421934
-0.0435569
0.0318828
-0.0210498
-0.0727475
-0.0444591
0.095242
0.0882567
-0.0527698
-0.0499091
-0.0323151
-0.0605951
0.0395745
0.078277
-0.0831679
-0.140674
-0.0915422
0.0904408
-0.0301406
-0.00354835
-0.114022
0.0748054
-0.0772159
0.054836
-0.21258
0.000906657
0.0988932
-0.0144974
-0.0409727
-0.132374
-0.0109195
0.00565058
0.0557974
0.0491294
-0.116389
0.000589751
0.0638555
0.00204026
0.074295
0.0570857
0.0132179
0.0456277
0
0.00626974
-0.0819804
-0.00570044
-0.0354341
-0.0774725
-0.0335371
-0.0778645
-0.0140857
-0.106077
-0.0107599
0.000986448
0
0
0
0.159768
-0.00264885
0
0
0.179849
-0.0295154
0
0.112362
-0.106396
-0.0095226
-0.0569084
0.00824967
-0.0013797
0.134138
-0.0178276
0.0981675
-0.0105334
0.0626276
0.0221635
0.0531544
0.0275496
-0.0137804
0.0151
0.0456551
0.142926
-0.0693115
-0.0942909
-0.032647
0.017635
0.165371
-0.0242584
0.0436287
-0.0113269
0.0454574
0.144688
0.00281354
0.0815485
0.0500709
-0.106633
0.0435259
0.0420134
-0.0217345
0.0912208
0.0731975
-0.11779
-0.0557088
0.128729
-0.205772
0.142337
0.126122
