0
0.294539
0.0557046
0.136518
-0.271292
-0.017247
-0.115866
-0.0388172
-0.0772264
-0.478462
-0.154451
0.0619803
-0.0894515
-0.0505362
-0.0666359
-0.0176875
-0.014468
0.362122
-0.0314436
0.239199
-0.245585
-0.0891193
-0.187517
0.198286
0.166777
0.0116181
0.16009
0.0505962
-0.222446
0.043946
-0.0658495
-0.020338
-0.127085
-0.25133
-0.0652209
0.0195763
-0.325943
-0.103658
-0.0837177
0.0993144
0.165664
-0.207344
-0.517366
-0.281196
0.370944
-0.308947
-0.0200455
0.0141868
0.452578
-0.0362329
0.0488675
0.117896
0.274313
-0.0270335
-0.122433
0.0411505
0.0612298
0.269384
-0.0883169
-0.0298666
0.0590396
-0.0641613
-0.333579
0.39769
0.0957516
0.417612
-0.182145
-0.0813641
-0.165691
-0.011201
0.176597
0
0
0.0468348
-0.0488013
0.202902
0.100667
-0.267595
-0.0140209
0.122579
-0.0215398
0.326272
0.00690755
-0.169167
0.232755
0.142003
0.00726821
0
0.236126
0.123016
-0.00798843
0.12837
-0.0827006
-0.0186679
-0.233664
0.0722132
-0.0216228
0.209737
0.0912152
-0.0198426
-0.277638
0.0437675
0
0.0885217
0.0182679
-0.0656263
0.0689119
0.199929
-0.0517845
-0.194598
0.00160544
0.115845
-0.0745047
-0.000266451
0.0695686
0.0536154
-0.0483247
-0.262098
0.00280501
-0.131639
-0.00894186
0.146324
-0.253745
-0.00640134
0.122351
-0.0516541
-0.0143394
0.12299
-0.100913
0.199193
-0.235398
0.00263338
-0.0949617
-0.0173631
-0.117665
0.0439574
-0.0735912
0.169977
0.0956963
0.246779
0.0276166
0.058891
0.122002
0.0853861
0.0314404
0.143409
0.0412167
0.0088559
-0.131069
0.0429749
0.183978
-0.0319019
0.161637
-0.00468372
-0.0390186
0.101566
0.0798236
-0.0156412
-0.109093
0.0899108
0.091078
-0.0689635
-0.163097
0.0866251
0.00881677
0.146209
0.191719
0.105222
0.0414321
-0.0544846
-0.0514604
0.0887025
0
-0.187451
-0.0213256
-0.0230357
0.118705
0.173071
0.040575
0.114225
-0.0296707
0.0547617
0.000852066
0.0464438
0.159168
0.075858
0.00839326
-0.0785618
0.0182224
-0.0100731
-0.118033
-3.83379e-05
0.154529
-0.000792783
-0.0529945
-0.156641
-0.125932
0.0722772
0.223571
-0.0445978
0.0978992
0.0126221
0.0934716
-0.103681
0.188338
-0.0606242
-0.0615557
0.165696
-0.0700354
0.0145278
-0.0980261
0.0580609
-0.103754
0.00784904
-0.24477
0.109996
-0.167057
0.105187
-0.138439
0.154353
0.0328197
0.0365851
0.169157
-0.0178942
0.0745777
0.0256493
0.0425909
0.159217
-0.0750507
-0.00226646
-0.147617
-0.0366141
0.183609
-0.0632696
0.0638181
-0.321921
0.106097
-0.106588
0.23048
0.0286287
-0.0233537
0.0190112
-0.0230318
-0.162912
-0.0492828
0.0737024
0.0346543
0.0917301
-0.0500653
0.0716507
-0.178879
-0.0437354
0.173917
0.0637614
0.0772445
0.0511063
0
0
0.0704923
-0.0635913
0.0240074
0
0.16578
0.041028
0.0166263
0.000637559
0.0204158
0.0117988
-0.0770844
-0.0443931
0.0390194
-0.0695132
0.0650625
0.0274555
-0.156708
-0.143893
-0.0669439
-0.0734062
0.024615
-0.103838
-0.122333
0.0755717
0.106739
0.0815176
-0.0562988
-0.216737
-0.157833
0.0485587
0.033859
0.0398714
0.0579221
-0.0421092
0.0447564
0.141173
0.0731407
0.0859017
0.0596331
-0.00755335
-0.0669886
0.0412205
-0.124508
0.140525
0.101138
0.13994
0.0770676
-0.00201771
0.1279
0.0119116
-0.00771819
0.0690073
-0.0361503
0.0243463
-0.0560854
0.0463888
0.0463822
-0.00415418
0.0134256
-0.0125946
0.0487333
0.0130152
0.089612
-0.0324498
0.00813942
-0.0598321
0.00828468
0.115033
0
0
0.0695638
-0.0289853
-0.0787645
0.0983675
0.0125865
-0.0306334
0.0614422
0.0490306
-0.131264
-0.0319477
0.0950332
-0.0911913
-0.0946382
0.109991
0.0574982
-0.254685
-0.0467712
0.0599857
-0.101911
0
-0.250658
-0.132986
-0.140812
-0.286807
0.502603
-0.0900553
0.106574
0.0930958
-0.307172
-0.0134918
0.0789637
-0.287386
-0.176971
-0.0171812
0.0182134
-0.265238
0.197113
0.29741
-0.0124867
0
-0.0430002
-0.0147759
0.118976
-0.168766
-0.113056
-0.0870755
0.115793
0.0943536
0.0594327
0.0814921
0.0370292
0.0301244
0.0261231
0.00616058
0.0841333
-0.0916593
-0.125228
-0.148451
-0.104396
0.0484823
-0.30781
0.00475841
-0.22979
0.0781429
-0.0213385
0.273911
0.0927468
0.17568
0.0509467
0.0602857
0.190552
-0.0348028
-0.0739842
-0.0973278
-0.0243866
-0.0201478
0.145021
0.180421
0.0113785
0.0689055
0.0198533
-0.0858069
-0.000291509
-0.106015
0.250324
-0.00416725
-0.0178022
-0.0247599
-0.0634948
0.140242
-0.0718405
-0.240851
0.0235075
0.0147332
0
0.138203
-0.0800723
-0.154845
-0.0360765
0.0736895
-0.147287
-0.088083
0.0839115
0.0900327
0
0.0457526
0.258973
0.0196376
0.0980068
0.0233993
-0.0573829
0.0394816
0.113637
0.0228057
0.113707
-0.00219328
-0.0140763
-0.0308698
-0.0508773
0.159822
-0.0388918
-0.0497882
-0.00897429
0.0927406
-0.0342211
0.00663147
-0.0125375
-0.0347077
0.0768768
-0.0593861
0.136844
0.083437
-0.0327446
-0.0117596
0.0326467
-0.0221854
0.145758
-0.0309952
-0.0418049
0.0632993
-0.063435
0.0384269
0.0506262
-0.0247755
0.0255151
-0.0698668
-0.107315
0.0514358
-0.00429041
0.0322012
0.0999194
-0.0194798
0.184552
0.0259522
-0.0404765
0.0434438
-0.0994885
-0.0141604
-0.0317588
0.0414567
-0.231634
0.015363
0.130229
-0.055827
-0.0810078
-0.173953
0.128858
0.075975
-0.0484701
-0.192924
-0.0459175
0.20004
0.220103
-0.0324208
0.0464841
0.0736092
-0.0296052
0.0252863
0.0100303
0.0791574
0.0506563
-0.0178089
-0.00367723
-0.00348148
0.0294558
0.0953798
0.0514508
0.0206675
0.00969028
0
0
-0.000965388
-0.0419232
-0.102514
0
0.181666
0.0449453
-0.0381186
-0.0542942
-0.0509635
0.102213
0.0553561
-0.0372326
-0.0335512
-0.0227519
0.109841
-0.1242
-0.181512
0.0440955
0.0729335
-0.0459893
0.0864408
-0.00545948
-0.128558
-0.0357083
0.152271
0.0597375
-0.0272763
0.0301381
0.0933454
0.0589742
-0.0593883
-0.0546814
0.0688777
0.000604329
-0.041561
0.0737919
0.00551488
-0.00592703
-0.10742
-0.0353463
-0.120099
-0.0193856
0.139098
-0.00865529
-0.0870324
-0.0345439
0.141321
-0.0111219
-0.0207338
0.000999041
-0.0552904
-0.158836
-0.0367767
-0.0872197
-0.146639
-0.15947
0.171674
0.0463131
0.120636
-0.0416518
0.0516477
0.141816
0.0328673
0.00779257
0.0385798
0.0284652
-0.0686422
0.158786
0.0170541
-0.0176958
0.0543979
-0.0612024
0.0758711
-0.00675768
-0.144173
0.0738077
-0.0669843
0.05471
-0.203648
0.0480861
0.200601
3.20067e-05
0
0
0.0784598
0.00180996
0.0174477
0
0
0.0184297
-0.151738
-0.0995219
0.0878875
-0.0499375
0.12714
-0.0657285
-0.0501706
-0.0229471
-0.00997093
-0.103925
0.0965049
0.0576588
-0.00973729
-0.186603
0.0409983
0.0122995
0.0187472
0.0972849
0
0.0851077
-0.0918313
-0.122197
0.0117771
0.0135918
0.00421103
-0.0967779
0.0739387
-0.14637
0.0102848
0.0537397
-0.0998714
-0.0815149
0.0271674
-0.0480458
0.135319
-0.00514785
-0.168612
0.0445648
0.0377681
0.0718512
0.152531
0.1453
0.0759528
0.0467127
0.0141848
-0.0305621
0.0773089
-0.100916
-0.109972
-0.099513
0.0614584
-0.0950038
-0.00640082
-0.159865
0.06359
0.104612
0.0664118
0.0649699
-0.0180193
0.00758762
-0.121147
0.019502
-0.0918434
-0.0716702
-0.114486
-0.228811
-0.352361
-0.272473
-0.356875
0.18833
-0.287391
0.29507
0.294286
0.0632626
-0.00373989
-0.0476982
-0.458742
-0.10142
0.10369
0.0659416
0.14164
-0.126095
-0.00641799
0
0.260732
0.24076
0.0431133
-0.226429
-0.349349
0.0862855
0.295706
0.0403371
-0.231005
-0.165483
0.0782771
0.0983951
0.207823
0.0619449
-0.201393
0.177655
-0.126396
-0.459379
0.0302324
0.0398144
0.376049
-0.135623
-0.0415425
-0.134936
-0.0983201
-0.272238
0.287217
0.354608
0.0278635
0.177538
-0.00294587
0.0943383
-0.072839
0.113723
-0.0564503
-0.0526487
0.0700657
-0.121084
0.184157
0.118119
-0.0401654
0.0425416
0.284648
-0.0115526
-0.277464
-0.230898
0.109395
0.112971
-0.0298863
-0.0365594
0.101752
-0.185924
-0.0359349
0.181653
-0.0444104
-0.0140728
-0.0116602
-0.150543
-0.109628
-0.264521
-0.0346435
-0.131625
-0.0154597
0.0664692
0.277822
0.055217
0.302647
-0.039254
0.111668
0.0316675
-0.00527096
-0.0368696
-0.123452
0.075571
-0.188502
0.105051
-0.220615
0.0632168
-0.026331
-0.0431678
0.102486
-0.0491605
0.114382
0.0976779
0
0
-0.00428094
0.0975453
0.0150574
0
0.227459
-0.0591079
-0.0834743
0.051183
-0.0557292
0.141209
-0.0363437
0.000618261
-0.0398184
0.0345963
0.0697912
0.0230765
0.0756044
-0.0155896
0.0860645
-0.061288
-0.0411023
0.127222
-0.0971319
-0.112874
0.0247843
0.19392
0.0172741
0.171808
-0.0124773
-0.00673767
-0.0244251
0.0393405
-0.070799
0.090608
-0.0120643
-0.00672695
-0.0206356
0.0423752
0.0720283
-0.0296688
-0.00828782
0.0373713
-0.000943152
-0.0348288
0.0249691
-0.0906224
0.0973592
-0.0279534
-0.0673692
-0.19231
0.0546629
0.12075
0.0489687
0.011747
0.113032
-0.0139783
-0.0124092
0.0439298
-0.00713597
-0.116867
0.00379024
-0.0790751
0.0152339
0.0884429
-0.0503447
-0.101456
-0.117416
0.0523551
0.167237
-0.0540197
-0.233022
0.0336808
0
0
-0.223127
0.0711567
0.136069
-0.0988961
0.014634
0.169188
-0.0308717
-0.0020749
0.0430495
-0.190493
0.0755614
0.0223591
0.0469795
0.0565516
-0.0644556
0.119663
-0.0831762
0.0132107
-0.206754
0
-0.186816
-0.0491186
0.0412092
0.0563739
-0.195705
-0.0551201
-0.0589133
-0.117293
-0.135793
0.0598381
0.176397
-0.24617
0.14742
-0.0045381
0.0197222
0.073685
-0.170763
0.0457118
-0.125244
0
0
0.227785
0.120037
-0.0254798
-0.00850771
0.0504793
0.0127651
-0.0218376
0.0386683
0.0189797
0.165763
0.0732261
-0.0951812
-0.0958862
-0.117655
-0.00583611
0.129815
-0.0536829
0.151411
0.122609
0.0836905
-0.00728654
0.00887871
-0.0520969
-0.063843
0.0650006
-0.011037
-0.0912138
0.102115
-0.00187274
-0.05775
0.0936116
0.0625089
-0.103309
-0.21273
-0.0549295
-0.00251989
0.136382
0.098131
0.108244
-0.0994604
0.122299
-0.0887063
0.213528
0.0466166
0.0509559
0.00488341
0.0125935
-0.00543764
-0.0258114
0.0574401
-0.0465067
0.00217865
0.0406141
-0.0485057
0.0581984
-0.13909
0.000566094
-0.00166507
0
-0.00956289
-0.04611
-0.0430941
-0.0016146
0.0801121
-0.137498
-0.0196768
0.205315
0.043049
0.00162024
-0.0091297
-0.0111919
0.0599523
0.17006
-0.0350614
-0.0541466
0.0337539
-0.0543229
0.000556477
-0.0258598
0.0340397
-0.156308
0.0190178
-0.0564287
0.130791
-0.0123828
0.0214955
0.0119293
0.0752236
-0.0526528
-0.0528985
-0.0586791
0.0851962
-0.0591842
0.019811
0.109994
0.0653294
0.0120178
-0.0301527
-0.0223652
-0.140795
0.00689574
0.0131514
-0.00378873
-0.0173147
0.0837876
-0.100603
0.132467
0.0130106
-0.0532582
0.0721407
-0.149262
-0.0301547
-0.0161396
-0.00793023
0.0260565
-0.104569
-0.0684835
-0.121702
0.217882
0.0239927
0.00166402
0.0671612
0.0445248
-0.052395
0.0217436
0.00758921
0.113576
-0.00358791
0.00577265
0.000293435
0.0395999
0.0194334
0.0233091
0.0106006
0.00590949
0.0342256
-0.024739
-0.00696889
-0.0173142
0.0436156
0.0505709
-0.00336345
-0.0324111
0.023725
0
0
0.00134668
-0.0448909
-0.0374289
0
0.211872
0.0335234
0.0655208
-0.0318579
-0.0245826
0.0715336
0.00738169
0.0352069
-0.0237073
0.0150731
-0.0196651
0.0490594
0.0413294
0.0424852
-0.00623016
0.0226198
0.105578
0.0342989
0.0141353
0.0572163
-0.028401
-0.0642215
0.120522
-0.14626
0.0554738
0.0275614
-0.0930434
0.0566827
0.0170151
0.0932641
0.0412861
-0.053573
0.00694139
-0.0189424
0.0971275
0.0321673
-0.158863
0.0699948
0.0289134
-0.129472
0.0852598
0.0548166
0.0265368
-0.0502408
0.134216
0.00239149
0.0170486
0.0656511
0.026549
0.00942723
-0.0430054
0.074666
-0.048449
-0.0452498
-0.0267481
-0.0119274
-0.0637061
0.00246117
-0.0190231
0.0311422
-0.0283206
0.039449
0
0
0.115814
-0.102186
-0.121405
-0.155885
0.0405231
0.0571256
0.118989
0.0565449
-0.0484941
-0.0713155
-0.0601766
-0.0946545
0.00103269
0.0649965
-0.0106575
0.190473
0.0417605
0.0261151
-0.024669
0.043579
-0.0393305
0.0355984
0.00188092
0.095781
0
0.0460567
0.0440573
0.0208335
0.0460081
0.00756159
0.0766954
0.0198692
0.00223991
0.0566809
0.0440762
0.0693622
0.0469373
-0.211672
-0.0644422
0
0.15872
-0.192485
0.0427728
-0.102814
-0.0873161
0.0456325
-0.208762
-0.126748
0.116885
-0.0116479
-0.104071
-0.0588766
-0.00454105
0.0208537
0.039993
0.0665096
-0.0317097
-0.291447
-0.0720687
-0.151014
0.121123
0.102788
0.127516
-0.0376527
0.147551
-0.00623208
-0.104666
0.29193
-0.0649238
0.118434
0.0975669
-0.0185607
0.0606872
0.00845017
0.0590954
-0.0458721
0.0241256
0.0894936
-0.00549519
-0.00615364
-0.0343132
0.0305793
-0.0474937
-0.0457346
0.00842767
0.0229746
0.0681244
0.0956961
-0.035393
-0.029325
-0.0279016
-0.132748
0.0353803
0.0729858
-0.0145718
0.0504818
-0.0319422
-0.173536
0.0360601
-0.0400684
-0.0271998
-0.0833679
0.0844748
0.0688519
0
-0.0846512
-0.0287184
0.0794964
-0.10161
0.145863
-0.0491883
0.00650278
0.0866282
0.0260322
-0.0161688
0.0886776
0.00279147
-0.00615367
-0.00322079
0.0588081
-0.0798399
-0.0201602
0.0905301
-0.0462027
-0.0622339
0.0334663
-0.0287646
0.0151511
-0.077226
-0.0677751
0.00357095
-0.0373693
0.0101631
0.00643035
-0.0286629
-0.103625
-0.0398701
0.14854
0.0815079
0.0344702
0.0615424
0.036225
0.00787379
0.0754275
0.0527302
0.0522016
-0.0286083
0.0505978
0.00829645
-0.000586392
0.0706217
0.00889664
-0.0677971
0.00186856
0.0374647
-0.0305234
-0.00245259
-0.0564081
0.00815383
0.0331911
-0.0065065
-0.141618
0.0549552
0.0331377
0.0412822
-0.034825
-0.0300474
-0.003801
-0.00464763
0.0361663
-0.0720963
0.0263744
0.00868212
-0.00171891
-0.0820048
-0.0974768
-0.030661
-0.012844
0.0849359
0.0174429
-0.0439939
-0.0211941
-0.0987018
-0.00414709
0.119687
-0.0493909
0.0107667
0.139518
0.0318697
0.0997657
0.0241372
0
0
0.0801592
-0.0215556
0.0246312
0
-0.0385268
0.0256918
0.00321724
0.0332212
-0.0478735
-0.0423012
0.084286
0.0284438
0.00906842
0.0712407
-0.0141802
0.0151103
0.0134759
-0.00989333
-0.00938311
-0.0818384
-0.162656
-0.162181
0.0462417
-0.0358714
-0.00572517
-0.0379658
-0.0691357
-0.0239313
0.0134143
0.150501
0.0249591
0.0295582
0.11759
0.00415824
-0.024472
0.0145619
0.100487
0.084062
0.00104186
0.0221002
0.0396414
0.0407061
-0.0428044
-0.0446581
0.0177232
0.0196557
-0.159751
0.173978
-0.0666727
0.0223466
-0.102558
-0.039183
-0.00180362
-0.0960323
-0.0981518
-0.0396627
0.0677481
0.0504624
-0.0409866
-0.0507836
0.0102793
-0.0589302
0.118078
0.00874648
-0.0258115
0.0319098
-0.0108222
0.0808961
0.009453
-0.0184123
0.0657379
-0.106449
-0.066218
0.0695258
0.00661237
-0.125027
0.00748467
-0.0648258
0.0701524
0.0680039
0
0
0.0870863
-0.0167756
0.0349987
-0.0321775
0.0118904
0.0923239
0.00478037
0.0379958
0.0244911
0
-0.0282346
-0.00859341
0.0609853
-0.0384984
0.0545071
0.03175
0.000981196
-0.0810818
-0.00447959
-0.0159559
-0.0472466
0.0386528
0.0066663
-0.00118418
0
0.0486013
0.0165403
0.027079
-0.0262582
0.0317688
-0.044554
-0.0197711
-0.00584833
0.0767168
0.0194684
-0.00266616
-0.05309
0.0077109
-0.110017
-0.0390976
0.00108195
0.0187905
0.0419708
0.0318508
-0.0412023
-0.0300169
-0.0752995
0.0208405
0.0319009
-0.0116593
0.0834795
0.0213524
0.0737489
0.0031918
-0.0653755
-0.127903
-0.035993
-0.0677678
0.0220609
0.0808656
-0.0572588
0.10664
-0.0615692
0.0128003
-0.0331754
0.0975401
0.0110737
0.0309743
-0.0416335
-0.011694
0.0312089
-0.0469608
-0.0661569
-0.0744618
-0.00531186
0.00494659
-0.0678632
-0.0503981
-0.0380587
0.104117
0.00064963
0.0367905
0.0504404
0.00439481
0.0766676
0.0572141
-0.0415349
0.0347671
0.00135391
0
0.0691644
0.0129426
-0.0411619
0.0146004
0.0138109
0.00565065
0.0567406
0.0046889
-0.0340444
-0.0391288
-0.00541006
-0.0100865
-0.0428225
0.0184301
-0.0102317
-0.0215179
-0.0155526
0.0604418
0.0369024
-0.0900353
-0.139987
0.0379282
-0.0929466
0.00651669
-0.00279235
-0.0310221
-0.0994478
-0.16355
0.126327
0.050561
-0.104897
-0.0362923
-0.0779114
-0.140079
0.020659
0.0472162
-0.263231
-0.0179971
0.182448
-0.054875
0.166284
0.0510531
0.023128
-0.0426812
-0.0375768
0.0589694
0.0788323
0.0184911
0.127975
-0.0783145
-0.0507307
0.121535
0.0139869
0.0149643
0.0694822
0.0227999
-0.0231393
0.0322222
0.0246682
0.0208753
0.0505884
-0.0255282
-0.0216928
0.097638
-0.0225866
0.0136916
-0.00637037
0.00278232
-0.00361717
-0.0961382
0.117849
-0.0346602
-0.0424455
0.094086
-0.0917636
-0.201839
-0.0339153
-0.0578003
-0.237345
-0.170887
0.214251
0.00828041
0.197276
0.116672
0.0500212
0.0373735
0.0156367
0
0
0.0247153
-0.112058
0.0326625
0
-0.0245153
-0.176631
-0.0802078
0.0755568
0.213522
-0.0937496
-0.00685464
0.0653843
-0.21672
0.144191
0.0645503
0.0587437
0.0497494
0.144346
0.0954062
0.0531646
0.0233598
-0.06057
0.0244032
-0.0258824
-0.078245
0.0453989
0.127947
-0.0134685
0.0187315
-0.0151997
-0.0304962
-0.00198915
-0.0151087
0.0288339
0.0593947
-0.017383
0.0501714
0.0109415
-0.00643949
0.0381184
0.00107393
0.0474863
-0.0167672
0.0220563
-0.000801194
-0.0105283
-0.0694055
0.0345349
0.0660492
-0.0616234
-0.0507325
-0.232626
0.0251561
0.0586625
-0.0192784
0.0852658
0.0404401
0.142415
0.0285392
0.0799596
0.0193832
-0.017694
-0.0403834
-0.136097
-0.0565716
0.0479987
-0.151296
0.0459422
0.0422424
0
0
0.175506
-0.0231294
0.105654
0.100296
-0.0329973
0.0154663
0.026637
-0.0549709
-0.0921275
0.0694182
0.0228666
-0.0474191
0.0337737
0.0241293
0.0445645
-0.0973835
-0.114977
0.0164494
0.0283901
0
-0.0688969
0.00437838
-0.054197
0.233941
-0.0235435
-0.129678
0.0351841
0.0338975
-0.00669095
0.0115543
0.0452687
0.0112261
0.00869354
0.0255902
0
-0.104079
0.110074
0.00925999
-0.072293
-0.0283511
-0.0286965
0.0299378
-0.12342
-0.0786156
-0.0226875
-0.0477277
0.1078
0.025096
-0.0870054
-0.111642
-0.000191211
-0.0361499
0.0298379
0.00418113
0.157548
0.019614
0.0056621
-0.0429078
-0.0751545
-0.190769
-0.121508
0.125685
0.0241981
-0.0609663
-0.079399
-0.152529
0.0619123
0.130298
0.131125
0.099216
0.0128193
-0.000135999
0.0638519
-0.025519
0.0186517
-0.0258077
-0.132162
-0.0168296
-0.103718
-0.115883
0.0716519
0.106718
0.0464038
0.0480512
-0.00999736
0.00441103
0.0830888
-0.00934912
-0.0425891
0.0318159
-0.0953684
-0.137241
0.0126962
-0.0187437
-0.00142183
-0.0288707
-0.175025
-0.0617393
-0.269031
-0.463345
0.304169
-0.147243
0.31559
0.0924585
0
-0.273994
0.0383186
0.166082
-0.226748
0.0445866
0.110516
0.123843
-0.110121
-0.0540806
-0.0483847
0.0722824
0.128193
-0.0556658
-0.117706
-0.000505111
-0.268648
0.142285
-0.111748
0.225981
-0.218985
-0.0859973
0.228802
0.0246106
0.0789901
0.251769
0.0381727
0.0041204
0.0457289
0.0612945
-0.0655969
-0.0464115
-0.101973
0.102261
0.0433401
-0.0305515
-0.00302286
0.00857677
0.0366131
0.106291
-0.0394422
-0.0799856
0.100976
-0.0560165
-0.0436971
0.00691375
0.0300951
0.0361317
-0.067288
-0.00900986
-0.0796909
-0.0334485
0.033217
-0.175737
-0.0899019
0.0427295
0.182896
0.0134716
0.0706312
0.0115173
-0.0471319
-0.0511904
0.0930837
0.0807506
-0.0185527
-0.00790036
0.0601259
0.0358574
-0.199723
-0.0503858
-0.0204937
-0.131113
-0.0159857
-0.0572673
-0.20186
-0.117652
0.216222
0.0662522
0.0652526
-0.0704184
-0.0255396
0.0738977
0.225943
0.021336
0
0
0.091991
-0.055954
-0.0485138
0
-0.225622
0.0650899
-0.0990608
-0.188597
-0.0630227
-0.0640374
0.0800058
0.0449286
-0.0915004
-0.186488
-0.0576553
0.148426
-0.34024
0.161648
0.209396
-0.0275251
0.0486658
0.116942
-0.0864809
0.235461
-0.0311044
-0.206229
-0.150155
0.0959821
-0.0773028
-0.278035
-0.107
0.0801648
-0.233713
0.269115
0.197642
0.0505596
0.276662
-0.0733672
-0.0313854
0.134149
-0.107315
-0.142175
0.227125
0.130604
0.00553078
0.0932326
-0.0111101
-0.0166141
0.110556
-0.0311473
-0.0944149
0.0212396
-0.166757
0.159603
0.0548748
-0.0516385
0.0593437
0.0436094
-0.00752457
-0.0116507
0.0155607
0.00396719
-0.14218
0
0
0.00872802
0.149041
-0.0402993
-0.0467338
0.024147
-0.109377
0.108728
-0.0483259
0.101501
-0.00998922
0.057273
0.180905
-0.00160749
-0.0358049
0.00941659
0.0816123
0.00416734
-0.038686
-0.101122
-0.0557475
0.0272306
0.0592321
0.000750086
-0.129791
0
-0.0813718
-0.104493
0.00699433
0.00951633
-0.0101709
0.0593329
0.00833769
-0.0835126
0.0440987
0.0222283
0.0368197
-0.000324461
-0.164733
0.155998
-0.0149792
0.116931
0.0666403
-8.70879e-05
0.0106481
0
-0.0543165
-0.06394
-0.00545938
0.0294629
0.094485
0.0161098
0.0218921
-0.0966623
-0.180866
-0.122401
-0.201079
0.0662577
-0.0549442
0.139851
0.29658
0.0302855
0.0517471
0.12907
-0.389958
-0.337226
0.270408
0.340877
0.212252
0.113141
-0.103161
-0.0127961
-0.110641
0.112519
0.0992183
0.169948
0.00730828
-0.0167561
-0.0147852
0.0123179
0.0456712
0.00753188
0.0497662
-0.0300392
0.0293531
-0.0131543
0.0150752
0.0532262
-0.0350509
0.00739224
-0.0502928
-0.067813
-0.0193212
0.151894
0.0862326
0.0272739
0.0645057
0.020222
0.0665984
0.0125277
0.0315819
-0.0666511
-0.0455842
0.0226443
-0.0116905
-0.0353686
0.0557445
-0.0339294
-0.0357663
0.0300555
0
-0.0279307
-0.0569619
-0.031316
0.190196
-0.015159
-0.0648375
0.0305185
0.0272512
-0.125326
-0.108574
-0.0492826
0.00655764
0.0796099
-0.0111084
0.12655
0.0216034
0.00944356
0.0959936
-0.00874187
-0.127152
-0.0201856
0.0640542
0.0896084
-0.023645
0.130268
0.116338
-0.0588097
-0.0469935
0.0423668
0.0598245
-0.0226104
-0.0654124
-0.0633097
0.0526066
-0.0948602
0.0799669
0.0288472
-0.00235924
-0.0082355
-0.0455487
0.031291
-0.0827958
0.0255081
0.0165824
-0.0586366
-0.0451639
-0.0914823
-0.0560892
-0.147997
0.154596
0.0408234
0.0928152
-0.0897999
-0.137827
0.031092
0.0575953
-0.061024
0.0656217
-0.016724
-0.0108395
0.065481
-0.00741027
0.0108845
0.0149334
-0.056947
-0.0307653
0.0151778
-0.0417129
-0.0327703
0.0239277
0.0385778
0.162342
0.0399644
0.0330276
-0.0820936
0.0979716
-0.0252049
0.0664756
0.0164712
0.00704329
0.030324
-0.00495154
0.0399093
0.00675781
0
0
0.0536911
0.0168749
0.0314704
0
0.0471876
0.0148161
0.0203011
0.0212821
0.0362949
0.0446075
0.0164869
-0.00723974
0.0573185
-0.0166567
-0.124783
0.0346954
-0.0513081
-0.0171785
-0.0570461
-0.00247421
0.0195451
-0.00272732
0.0293439
-0.0850562
-0.0161083
0.0191613
0.0393723
0.0687674
-0.0204678
0.0331782
0.00671951
0.0476478
0.0415254
0.0273272
-0.00904182
0.0419828
-0.0379155
0.0241676
0.00332541
-0.0250433
0.0213147
-0.0379187
-0.0365652
0.0180079
0.018102
0.153866
-0.00356253
-0.0145123
-0.0264856
-0.0112151
-0.000500966
-0.0264616
0.0375271
0.0326992
-0.0169733
0.0136308
0.0576378
0.0169766
0.00982585
-0.0709775
-0.0738188
0.0323002
-0.00525515
-0.0559757
0.061381
0.036484
-0.00196938
-0.0525185
-0.0477832
0.048535
0.0156257
-0.0258557
0.0601765
0.00383939
0.0222096
-0.00651834
-0.0144949
0
0
-0.220161
-0.0266091
0.00102179
-0.00592783
0.189825
0.0116294
0.0242179
-0.06151
-0.0374064
0
0.0695871
-0.0294406
0.0139405
0.0572158
0.00681103
0.0541978
0.053733
-0.00602193
0.0505062
0.0198028
0.0827121
-0.0289739
-0.0816255
0.0484094
0.037336
-0.0108275
0.0352682
0.00425397
0.0375266
0
-0.0256251
-0.00849962
0.0281425
0.00351225
-0.0357372
-0.0206075
-0.0462596
-0.0253074
0.0854397
-0.0241315
0.00329076
-0.0184422
-0.0980494
0.0724521
0.0695731
-0.0626967
-0.0358041
-0.0102428
-0.0134519
0.0242103
-0.0270407
-0.0571483
-0.0513534
-0.0409686
0.0685272
-0.0250207
0.0252937
-0.039808
0.0174744
0.0170715
-0.057568
0.101368
0.00914208
-0.0385026
0.0379593
-0.00615179
0.0523789
0.0672821
-0.0377996
-0.0909353
0.0630262
0.0274924
0.000931455
-0.0931075
0.010336
0.061891
-0.0144529
0.0736439
0.0455804
0.0233066
0.00935592
-0.0535877
-0.134103
-0.10068
0.0609559
0.0333038
0.0676999
-0.057676
-0.0835338
-0.00291184
0.0776815
0.000419867
0.023312
-0.00939225
0
-0.0822436
0.0384695
0.0889289
0.00679861
-0.0369202
-0.039801
-0.0254985
0.0502417
-0.0280073
0.0458475
-0.0173223
-0.0289704
-0.0997264
-0.101791
0.0481873
0.0320464
-0.00358069
-0.0197544
0.0595705
-0.00494028
-0.0235122
0.0379021
0.0202156
0.0721629
0.0813005
0.0378909
-0.000365999
0.0493133
0.0231366
-0.0216799
0.03647
-0.00273366
0.031163
-0.021538
-0.010738
-0.0197891
0.0391044
-0.0324149
0.00172014
-0.00113865
0.00113865
-0.0894266
0.0493261
0.0214053
-0.0127988
0.00668073
0.00563264
0.076623
0.0126374
-0.00129911
-0.0626052
0.0170054
-0.0706052
-0.0594208
-0.0390817
0.00238411
-0.0603178
0.0290828
-0.0113959
0.0154627
0.03051
0.01549
-0.00326293
-0.0128412
-0.0343817
0.0954449
-0.0691251
-0.0816718
-0.0371801
0.0487257
-0.0184645
0.0168301
-0.03103
0.0949192
0.0707921
0.0523965
-0.00517867
-0.0570208
0.0497223
0.06755
0.0157968
-0.0197862
0.0911158
-0.00671204
0
0
0.0437628
0.00436815
0.0748682
0
-0.0457959
0.0306962
0.0332271
0.0398545
-0.0339217
0.038042
0.0088941
0.0145476
0.0253314
-0.0104297
-0.0102293
-0.0417058
-0.0342141
0.0298523
-0.016403
0.0189496
-0.104062
-0.0301335
0.0580861
0.0025891
-0.108483
-0.0660507
-0.0525102
-0.071367
-0.146118
-0.257773
0.195681
-0.154237
-0.0979088
0.111018
-0.0170172
0.0639117
0.0350711
0.0835426
-0.0598706
0.00894711
0.0388283
-0.0375758
-0.00225454
0.0530969
-0.0030657
-0.0748396
-0.0714065
-0.13646
0.0703472
0.0469964
0.0179021
0.0679733
0.03434
-0.0060367
-0.107009
-0.0124934
0.00894714
0.0251005
-0.14912
0.0236221
-0.0318338
-0.125108
-0.0433235
-0.0508831
0.14645
0.046774
0.023164
0
0
-0.033774
-0.0113694
0.21601
-0.0197353
0.00852053
0.098131
-0.0100404
0.011742
0.0119782
-0.0786071
0.0364825
0.118283
0.0257115
0.0493548
0.0409029
0.0196182
-0.0663569
0.0579608
0.0984236
0.00911338
0.0184679
0.0375084
-0.0549104
0.07366
0
0.013745
0.110426
0.0422325
0.0321588
-0.0122894
0.0119122
0.0162532
0.0699163
-0.0111781
0.095221
0.0224792
-0.107247
-0.0787756
0.0246826
0
-0.132239
0.0644928
-0.0101081
0.0362895
0.0526041
-0.061552
0.0378614
-0.00927528
-0.0247605
0.0713559
-0.0396028
-0.00171826
0.0717269
-0.162008
-0.00358739
-0.0428392
0.0314983
-0.092417
0.155898
-0.202633
0.0280629
0.0955438
-0.0203441
0.0325355
-0.11221
0.053953
-0.0218773
0.0287924
0.0153922
0.0904388
0.00764167
-0.124266
0.073718
0.0144887
-0.0661059
0.033941
0.0614818
0.00127785
-0.0038577
-0.0373522
0.0640652
-0.0625684
0.00645967
0.0486458
-0.00120499
0.0499209
-0.105603
-0.102889
0.0959243
0.00599007
0.0599404
0.0693934
-0.0338833
-0.089654
-0.0345673
-0.0385382
-0.139121
0.0745593
0.00175757
0.0426407
-0.0174427
0.00847322
-0.0106827
0.017974
0
0.0558751
-0.066118
-0.0552331
-0.0909363
0.0793214
-0.0619965
-0.0943841
-0.0795376
-0.0504444
0.00280915
-0.00957425
0.0569126
-0.0457477
0.0355749
-0.00277396
0.00495296
0.0386478
0.0430922
0.137649
-0.0433776
0.0512949
0.00241993
0.0315024
-0.0434626
-0.0080218
-0.0334896
0.0406392
-0.119621
-0.124048
-0.1197
-0.00407091
-0.130999
-0.201359
0.00410457
0.0236334
0.0666296
-0.0176729
-0.0351035
0.0100089
-0.0115098
-0.14092
0.0152641
0.0547011
-0.0950888
0.121769
0.0200217
0.127726
0.0073483
-0.0071434
-0.0104042
-0.0767763
0.0994926
0.0362595
-0.0552075
-0.0857391
0.0143625
-0.0300143
-0.0135501
-0.0364665
-0.0201082
-0.0793941
0.137939
-0.109779
-0.00904552
0.113198
-0.0273994
-0.0155901
0.0368669
-0.0782111
0.10343
-0.0675833
-0.123773
-0.310426
0.0992061
-0.104161
0.117976
0.117026
-0.0182903
-0.0526344
-0.108788
-0.0804294
0.0869539
-0.0810588
0.00957211
-0.0560354
0
0
-0.143813
0.21785
-0.000571403
0
0.0171551
-0.0649964
0.205742
-0.0129183
0.0805601
0.0756399
0.044706
-0.0191277
-0.0875798
0.0479452
-0.0345377
-0.0297864
0.180016
0.00405028
-0.0878268
-0.0776025
-0.0261173
-0.00844553
-0.0851456
0.119283
0.137075
0.0234223
0.0684599
0.0196074
0.176388
0.000585502
-0.112921
-0.038227
0.081539
0.00484359
0.0774597
0.00236411
0.0513891
-0.00703233
-0.050764
0.0663146
-0.0663909
0.016163
0.00421434
-0.0352418
-0.0591675
-0.0357567
0.057078
0.0323174
0.0588013
0.00704108
-0.0599823
-0.0729598
0.034092
0.0275778
0.0135058
0.0378209
0.0670791
0.0796155
0.0338673
-0.0502055
0.0674072
-0.195709
-0.0525909
0.027576
-0.000457707
0.0476921
0.0678974
0.054023
0.0888331
0.0513853
-0.0239173
0.0513184
0.00452271
-0.0356718
-0.000517919
0.00783991
0.0298733
0.00790861
0.0463433
-0.00364188
-0.0142136
0
0
0.0752412
-0.0471272
-0.0504414
-0.007118
0.0186188
-0.0302885
-0.0378791
-0.048407
0.0342332
-0.153513
0.0168481
-0.0927147
0.00182027
-0.066681
0.108708
0.0632362
0.0764021
-0.00759909
-0.0557789
0.0288376
-0.00391165
-0.14018
0.0619757
-0.00308968
-0.116774
0.0507332
-0.0769484
0.0184087
0.0432276
0.012125
0.0440474
0.094705
0.0557554
0.0267842
-0.0410852
-0.00487099
-0.029974
0.0153467
0.108127
-0.0486327
0.034339
-0.0239755
0.00699364
0.00464325
-0.00933808
-0.0107075
0.0374386
0.0939647
0.0679464
0.0651989
-0.00506144
-0.0664212
-0.0114615
-0.0241801
-0.00967381
-0.0204506
0.00351715
0.0306251
0.0555
-0.0483449
-0.053348
0.0238186
0.00902402
0.0539738
-0.0580214
-0.0105656
0.0682475
0.149433
-0.0514439
-0.0738912
-0.00435505
-0.226889
-0.238949
-0.0596326
0.0383379
0.115119
-0.039739
-0.0455197
0.0344684
-0.141281
-0.103049
0.0724561
0.108891
-0.0808331
0.107219
-0.0858824
-0.0367663
0
0.00164149
0.0160416
0.0864012
0.0345903
0.0926377
-0.0180121
0.0614784
-0.0413612
0.0188513
-0.0552273
0.0409857
0.0995656
0.00686693
0.0447549
-0.0606775
-0.00367423
-0.00611016
0.0496424
-0.00499522
-0.0324058
-0.0496044
-0.0155738
0.0695944
0.098065
-0.0234845
-0.0574802
-0.300958
-0.0638721
0.100602
0.0433064
-0.0814657
0.0224343
0.0288864
0.135757
-0.0444858
0.0191542
-0.0487871
0.0204702
-0.0350922
0.0213324
0.0435834
0.0534143
0.073456
-0.00845775
0.0162147
-0.0312629
0.0217455
-0.098029
0.0730524
0.0820935
0.0231739
0.00381202
0.0293898
-0.0569675
-0.0298547
0.04188
-0.0286579
-0.0693199
0.0274186
0.00862725
0.0259113
-0.0720594
-0.0362129
0.107778
0.0938304
0.0217449
0.037362
-0.00864522
-0.0925444
-0.0764212
-0.160155
0.0484016
-0.0529599
0.133543
-0.00716103
-0.035408
-0.00771618
0.075606
0.151619
0.214865
-0.0105936
0.0157788
0.0351258
0.0128462
0.0574628
0.0207089
0
0
0.0195832
-0.0703336
-0.0507471
0
0.0835066
0.00942448
-0.0680363
0.005727
-0.0140263
0.024545
-0.0167449
0.0452061
0.00816084
0.0197477
-0.0349866
0.0828708
-0.0290704
-0.0524743
-0.0389549
-0.087356
0.102106
-0.226002
0.0860576
0.00659294
-0.125893
-0.117241
0.046031
0.147501
0.05369
0.0284757
-0.0474404
-0.0229839
0.0684581
0.0504711
-0.0986678
-0.036089
0.0290504
-0.0683772
0.0953477
-0.0195222
-0.0422075
-0.331066
-0.193194
0.0162301
-0.363001
-0.306554
0.0900223
0.113361
0.122714
-0.169769
-0.356099
-0.76767
-0.00563901
-0.138702
-1.10836
0.175829
-0.498215
0.158727
-0.459426
0.0860464
0.173076
-0.392474
0.849031
0.439424
0.244396
-0.509201
0.0635656
0.215538
-0.381449
0.024776
-0.134769
0.333904
0.265913
-0.00375714
0.292301
0
0
-0.102902
-0.358523
0.047467
0.279946
0.0329217
-0.292548
0.207109
0.100892
-0.115429
0.160932
0.18945
0.268701
-0.327897
-0.226609
-0.0339824
0.147743
-0.00372058
0.141182
0
0.00828264
0.0650744
-0.155391
-0.283528
0.111549
0.404712
-0.0527561
0.0937836
-0.0675973
-0.0287906
0
0.157869
0.123577
0.120497
-0.216536
0.144125
0.0874117
0.256072
-0.0618031
0.224722
-0.0206076
-0.210612
-0.0228901
-0.396536
0.0480171
-0.0525073
0.273665
0.026301
-0.0435352
0.10761
-0.0731712
0.105641
-0.306174
0.025905
0.0147476
0.0948968
-0.081754
-0.00923928
0.127334
-0.114137
0.194217
-0.14525
-0.0616942
-0.162317
0.0788693
0.127716
-0.0173094
0.171444
-0.0641539
0.0541093
-0.0338345
0.0226267
-0.0857261
0.00671435
-0.136624
-0.0357059
0.0446861
-0.00158934
-0.213245
-0.132151
0.20352
0.020281
0.126244
-0.119573
0.0223954
0.0352905
0.166139
0.172214
-0.13603
-0.143584
0.0525418
-0.0838456
0.0430396
-0.140703
-0.00641168
0.148026
-0.101181
0.0290854
-0.0588215
-0.0462066
0
-0.155673
0.117725
-0.146391
-0.0833908
0.219205
-0.0124241
0.107841
-0.013439
0.0364906
0.0049306
0.119254
-0.0384251
-0.0431281
-0.072028
-0.351485
0.0282923
0.114232
-0.127074
0.0518511
0.151786
-0.0621819
-0.0276865
0.0263496
0.0316432
0.0769145
0.0331298
-0.00311624
0.0575535
0.0661674
-0.0113433
-0.0702408
-0.0397096
-0.153008
0.11708
-0.0418837
0.0119502
-0.166408
0.0230644
0.127196
-0.119428
-0.114035
-0.246489
-0.00989317
-0.00272869
0.105054
0.218444
0.165299
0.0459186
0.00688617
0.465797
0.160952
0.135561
-0.0563398
-0.0273203
0.165024
-0.0773813
0.044505
-0.0812694
0.0226102
-0.0118012
0.141556
-0.0705415
-0.0521618
0.0129199
-0.142396
0.199251
0.102265
0.0588735
0.0797005
-0.0174911
-0.00181303
0.00684451
0.0305672
-0.0772731
-0.00549
-0.013956
0.0932135
-0.00615129
-0.0421354
-0.179165
0.0696189
0.0861302
0.0315974
0
0
0.156027
-0.0720549
-0.136127
0
0.137523
0.0662854
0.295645
0.0224515
0.0257519
-0.111639
-0.0565789
-0.019071
0.0810428
-0.0933389
-0.0143382
-0.0115645
0.0588684
-0.0367784
-0.0428025
-0.0903687
0.02566
-0.121076
-0.0442267
-0.15811
0.0875634
0.0900678
-0.00226612
-0.0004317
0.0101131
0.0432492
0.0134101
-0.0193163
0.00706013
0.0762956
0.232145
-0.00788719
-0.0687485
-0.132154
0.0163797
-0.0185586
0.0222449
0.0626985
-0.0166671
-0.230523
0.158233
0.02716
0.0964661
-0.0424982
-0.0538354
0.127664
0.029797
-0.00360229
0.0285998
0.0259219
-0.0108598
0.0850036
-0.0660456
0.0203463
-0.096787
0.0238413
-0.0437046
0.0240455
-0.0570549
0.0980264
-0.00953026
0.0538592
-0.073469
0.0473681
0
0
0.125391
0.0861381
0.0746028
-0.0289742
-0.0396276
0.0137682
0.0641704
0.0604775
0.0451256
-0.0252642
-0.193521
0.039691
0.0744243
0.000302641
0.0463722
-0.0329139
0.0223651
-0.00590717
0.0171086
0
-0.0682571
0.137447
0.051196
0.0841665
-0.0132399
-0.243837
0.0599765
-0.0521572
0.115291
-0.0228822
0.0116597
-0.103842
0.0926567
-0.00119915
0.0464366
-0.0283648
0.014703
-0.00560451
0.00655074
0
0.0815859
0.0357225
-0.0600542
0.00799346
0.0161654
0.0187527
-0.027277
-0.0037085
0.0599582
0.0153262
0.0211578
0.0128982
-0.0420109
-0.17158
0.0620002
0.0493199
-0.0184758
0.0289722
0.0410647
-0.0798699
0.0177024
-0.0691051
0.118137
0.00861178
0.0687263
-0.0813512
0.060592
-0.162319
0.123792
0.00135133
0.00213719
-0.0525794
-0.10939
-0.00749195
-0.234874
0.0585513
0.169525
-0.0215227
0.0839263
0.00216119
-0.0390729
0.0343276
0.0743733
-0.0590772
0.0763287
0.0336041
0.0261757
0.0108619
-0.00237197
0.0103885
0.0414707
0.0798709
-0.0275532
0.0307145
-0.0789214
0.0280741
-0.00203734
-0.142843
0.0451474
0.0234628
0.0310359
0.0355047
-0.0310719
0.0349309
0
-0.0268984
0.0453234
0.0118855
-0.0315724
0.0580762
-0.0534177
-0.0795651
-0.083334
0.000912228
0.0469289
-0.046288
-0.0420214
0.029663
-0.0696246
-0.0909593
0.105067
0.130198
-0.00137203
-0.0467862
0.0138253
-0.0799932
0.0923264
-0.0341376
-0.0741602
-0.0444774
0.0818364
-0.121105
0.108189
0.0194916
0.0527677
-0.0211131
0.0262247
0.0921494
0.0390921
-0.033519
0.0218972
-0.000971114
-0.040019
0.0160268
0.0219282
0.0771194
-0.0268565
-0.00275488
-0.0202741
0.0659457
-0.0202057
-0.0308811
0.0617152
0.0361527
-0.007546
-0.0418337
0.0771431
0.0590718
-0.0416306
0.0100786
-0.0341846
-0.0479547
-0.0287825
-0.0426646
0.0295323
-0.00590913
0.0181504
0.0356984
-0.358871
0.0922263
-0.0785802
0.156059
-0.0620626
-0.0112517
0.14255
0.147441
-0.00265664
-0.0245895
-0.0492887
-0.0910107
-0.0221449
-0.0638828
0.117031
0.0214467
-0.0999913
0.13368
0.0696264
0.0498773
-0.000858261
0
0
0.0722881
-0.0167723
-0.0229773
0
0.160679
0.00310977
-0.0983899
0.0325278
-0.0701845
0.0524016
0.0679225
0.0057116
-0.0390161
0.0841958
-0.0690543
0.025185
0.00170794
-0.134743
-0.284154
0.0978569
0.127772
0.0905327
-0.114699
0.0220434
0.0965549
0.058306
-0.0813451
-0.0335178
0.0669472
-0.0076973
0.115402
0.0331013
-0.0246524
-0.175667
0.101672
-0.00663004
-0.0923593
-0.0414352
-0.055835
0.000623169
-0.00649725
-0.375657
0.36954
-0.0223908
-0.188892
0.133663
-0.272043
-0.352753
-0.0569009
0.0125491
0.336108
-0.113483
0.0871191
0.0648946
-0.0393063
0.185731
0.11247
0.0368238
0.0310011
0.0466341
-0.026429
-0.00173233
0.0227131
-0.00199284
0.104816
0.0269811
-0.0760512
0.0278995
0.0327836
0.0602699
-0.0487652
-0.0443359
0.138976
-0.0605366
-0.0527077
0.00384699
0.047892
0
0
-0.0293427
0.0390731
0.00443691
-0.13653
-0.179297
-0.00146125
0.0387483
0.106642
0.0460544
0
0.00394176
-0.0977348
-0.0011578
-0.151201
-0.236629
0.0359195
0.140061
-0.146135
0.245158
0.0517801
0.0714373
-0.0953718
-0.1756
0.110554
0.161381
-0.0567594
0.0490461
0.0709065
0.0325573
0.0303819
-0.00237956
-0.0907493
0
0
0.100906
-0.0181562
-0.0127266
-0.146782
-0.21032
-0.170871
-0.030391
0.119319
-0.316096
-0.0163445
0.129811
0.0287941
-0.0781447
-0.0991282
0.255793
0.0730894
0.0771448
-0.039008
-0.197559
-0.00220786
0.0697556
-0.264843
0.120623
0.117392
0.0108357
-0.0059342
0.0157242
-0.0742444
-0.156433
0.169255
0.0900304
0.10539
-0.0237427
0.030857
0.0168452
0.0322941
-0.0187243
0.0529368
0.0150313
0.11202
-0.0168635
-0.0215593
0.0524621
0.0134611
-0.0165496
0.0516963
-0.00830286
0.0514248
-0.0468973
0.0450179
0.0124985
0.0271346
-0.0478536
0.0375996
-0.0103847
-0.0513125
-0.0682121
-0.0184427
0.0061676
-0.0660909
0
-0.0766116
-0.0937584
-0.204729
0.182295
-0.0120619
0.0298777
-0.0721086
0.0344655
0.126744
0.163765
-0.127557
-0.147253
0.00875311
-0.0593459
0
-0.073446
0.0661257
-0.123668
-0.196132
-0.0188033
-0.0810523
0.0256596
-0.198596
0.0489307
0.0273839
0.260012
-0.0635599
-0.0580583
-0.0317513
-0.0586891
-0.112553
-0.0991699
0.0548794
0.0211941
0.115877
0.0220133
-0.0392566
0.0344041
0.0156566
0.0631939
0.0425948
0.0746179
0.0187614
-0.0453357
0.0536198
0.133938
-0.00478638
0.189116
-0.0218889
0.0182399
-0.0156357
0.150485
-0.0441203
0.0767206
-0.0296659
-0.0494579
-0.00483284
0.0560411
0.0010353
0.0866824
0.0198467
0.00536381
0.0234937
-0.033663
0.0336387
0.0662876
0.00335721
-0.00538657
0.0106254
-0.0695839
-0.0506814
-0.0279846
0.0126077
-0.0426363
0.0858467
-0.0117728
-0.0898357
-0.131534
0.0382761
0.00258296
0.168699
-0.0395613
0.010805
0
0
0.0314907
0.0264508
-0.0788514
0
0.137161
0.054939
0.0588037
0.0760739
0.0258063
-0.0405182
0.0440235
0.0985199
0.0623878
0.026692
-0.0194942
-0.0263472
-0.113571
0.0359224
0.0231726
-0.0248197
-0.017783
0.0270741
0.0132044
0.0145235
-0.0221573
-0.00674614
0.116975
0.0852064
-0.0828594
0.0138615
0.0300254
0.0260139
-0.0490346
0.0759475
-0.00158788
0.0567307
0.0172856
-0.0160957
0.0107257
-0.0582032
-0.0621984
-0.015813
-0.0383745
0.074086
-0.0620215
0.0385366
0.0298321
0.00996271
-0.00846306
-0.0198367
0.00258862
-0.06622
-0.169316
-0.261259
0.121686
-0.368722
0.0852221
-0.1085
0.0789854
0.171223
0.0327993
-0.0774329
-0.125871
0.0772801
0.00341375
0.107876
0.085336
0.0143686
0.0427907
-0.048348
0.014404
0.10125
