0.140734
0.274856
0
0.308823
-0.0371904
-0.111985
-0.114162
-0.142012
-0.562929
-0.195653
0.232751
-0.527455
-0.0454635
0.299375
-0.187388
-0.0463637
0.189194
0.0922488
0.218192
-0.0990818
0.274026
-0.300398
0.0239461
0.075396
-0.164646
0.265282
0.0367719
-0.0288849
-0.106172
-0.0866474
-0.00827214
-0.212605
-0.533167
-0.0915765
0.161539
-0.0860002
-0.33169
-0.0232033
-0.155927
0.130204
-0.0364612
0
-0.162994
-0.0238539
-0.173516
-0.0481087
-0.0335626
0.542194
-0.08487
0.102775
0.0238445
0.16799
-0.000378757
-0.0345904
0.27645
0.152873
0.249726
0.0279565
0
0.115719
-0.249289
-0.255172
0.330079
-0.0336001
0.431886
0.0103209
-0.0755718
-0.0699578
0.440295
0.405796
0
0.100716
0.142535
0.230483
0
0
-0.480432
0.0734789
0.0597821
0.107608
-0.00378989
-0.0958987
0.426341
0.312716
0.205638
0.300994
0.141144
-0.230598
0.0473836
0.0380886
0.203961
-0.311735
-0.0583503
0.103603
0.116321
0.37279
0.2457
-0.25782
0.128667
-0.00601018
-0.19484
0.264982
0.0619477
0.0793266
0.377494
0.0431008
-0.0773338
-0.294272
0.141624
0
-0.224095
0.240311
0.0453914
0.0611886
-0.0464106
-0.473237
-0.529669
0.09083
0.23475
-0.413696
0.110797
0.145937
-0.100912
-0.0662724
0.0194479
0.197089
0.121388
-0.0871023
-0.0295352
-0.109231
0.0720301
-0.18145
-0.0115172
-0.25594
-0.011687
0.307395
0.0740793
0.127395
0.0762842
0.199306
-0.0187841
-0.000572434
0.106523
0.155885
0.0544131
-0.250068
-0.0437058
0.332308
0.0392753
0.257457
0.0414165
-0.181504
0.0452069
-0.0857032
-0.173385
-0.273796
0.0839003
0.117444
0.0799714
-0.136702
0.10192
0.0726795
0.206715
0.329794
0.0137414
0.0901189
0.158098
-0.0047936
-0.0159297
-0.295579
0.173278
-0.126478
-0.260716
0.0455425
0.292237
0.0585353
0.0902039
-0.0951816
0.0657052
-0.236683
0.255777
0.0715853
-0.0104363
0.0309632
-0.108081
0.145891
0.179545
-0.00869604
0.0088492
0.153776
0.058613
-0.0232687
-0.0503629
-0.208422
-0.0477728
0.370529
0.0518348
0.170575
0.0527681
0.277775
-0.0811898
0.312113
-0.00953193
-0.224112
0.12159
0.0979261
-0.131354
-0.154636
0.095126
-0.202881
-0.251857
0
-0.157317
0.0619139
-0.149915
-0.237857
0.262051
0.115889
0.0662956
-0.0479786
-0.134092
0.0253008
-0.147583
-0.121826
-0.330985
-0.00862844
0.106059
-0.126541
-0.373466
0.176149
-0.0812816
-0.232996
-0.640899
0.143263
0.0258367
0.69058
0.0335507
-0.276595
0.0705616
-0.276395
-0.622524
-0.341849
0.502574
-0.243778
0.257049
-0.214099
0.237527
-0.121292
-0.123381
-0.232479
0.438059
-0.0250147
0
0.00181148
-0.0558992
-0.00701511
0.00760707
-0.029367
0.393486
0
0.141729
0.0752966
-0.0528122
-0.512999
-0.118267
0.0995183
-0.234344
-0.256316
0.053676
-0.344967
-0.0810057
0.0981316
0.277274
-0.184236
-0.396704
0.0653232
0.309679
-0.0240486
0.0731875
-0.193414
-0.338916
-0.38009
-0.393559
0.483894
0.233853
-0.0026281
-0.212992
0
-0.172853
-0.044989
0.126238
0.238979
0.153259
-0.178867
0.0214054
-0.285753
0.214659
0.290081
0.26199
-0.0356763
0.16546
0.16416
0.0258544
-0.0109763
0.258668
-0.0713823
-0.0421204
0.0355287
-0.0496241
-0.109273
-0.341159
0.146182
-0.192834
0.181458
0.0774219
0
0.403259
-0.0488193
-0.197171
-0.135237
0.132278
0
-0.223625
-0.302827
-0.31566
0.333957
0.344632
-0.223136
-0.140899
0.205141
-0.165569
-0.259601
0.0908871
-0.130469
-0.398611
-0.0150589
-0.289684
-0.618373
0.0626906
0.689855
0.220052
-0.0883036
-0.691663
-0.398546
0.0977101
-0.289846
0.873517
-0.250455
0.0820693
-0.189194
-0.346751
-0.143827
-0.032906
0.0443395
-0.337187
0.0810751
-0.35219
0.2934
-0.0463313
-0.0520861
-0.124577
-0.150602
0.0666795
0.165803
-0.515987
-0.560791
0.0349835
0.369224
0.0996503
0.0517464
0.374016
-0.0693649
-0.0457241
-0.0540504
0.184057
0.332833
-0.159361
-0.287274
-0.378553
-0.0573514
-0.0915535
-0.0884249
-0.00132467
0.124103
-0.00723337
-0.00703172
0.359047
-0.0755305
0.220968
0.0165754
-0.000261849
0.257845
0.0406832
0.219261
0.025515
0.0847675
-0.296116
-0.0542905
0.2626
-0.136629
0.215886
0.404811
-0.025737
0.120012
-0.155739
0.377681
0.132003
0.0429601
-0.183096
-0.186744
-0.0455206
-0.232685
-0.0973505
-0.131723
-0.0140738
0.0378743
0.277341
-0.0811359
-0.100291
-0.359252
0.057329
-0.34778
-0.18338
0.167113
0.0342536
0.0913072
-0.0371558
0.100496
0.265612
0.265502
0.0995738
-0.334751
-0.197764
0.151436
-0.140664
-0.00421916
-0.154239
-0.0210025
-0.156662
-0.0763407
-0.210781
0.0956971
0.0378255
-0.0700002
0.0821587
-0.119114
-0.160538
-0.0396711
0.0297511
-0.0171454
0.136549
0.0964628
0.323425
0.00779059
-0.16404
0.131421
-0.039336
0.250116
-0.255498
0.0527214
0.0467954
0.101397
0.101638
-0.019148
0.123501
0.193224
-0.17916
-0.189524
0
-0.19493
-0.283144
0.0953406
-0.0111346
-0.127378
0.0668102
0.126011
0.0919845
-0.202289
-0.11033
0.0241408
0.0841361
-0.104394
-0.199341
0.257132
-0.0678353
-0.21904
-0.0609938
-0.00441036
-0.0703456
-0.0276648
-0.177459
0.0584942
0.377928
-0.002035
0.0841065
0.0430957
0.269883
-0.0670535
0.123292
-0.236765
-0.0461123
0.0133965
-0.1099
0.0161487
0.0711465
-0.327188
0.0649703
-0.0695928
-0.0340786
-0.280809
0.0489471
0.120174
-0.0296627
-0.070335
0.0403727
-0.16391
-0.163657
0
0.122472
-0.263795
0.108078
0.489379
0.0311746
0.0231272
0.0880705
-0.107871
0.43662
0.25886
-0.0671315
0.0782442
-0.0925719
0.215661
0.0141497
0.133998
0.0130004
0.431766
0.00276471
0.0663634
-0.0806761
-0.0485627
0.0974296
0.123558
-0.352286
-0.0624472
0.127429
-0.135509
-0.00993959
0.265984
0.310942
-0.277137
-0.297442
0.0637721
-0.184233
-0.105368
-0.0401259
0.0189438
-0.0630524
0.0682415
0.0327173
-0.387983
0.101223
0.025017
0.230481
0.50256
-0.442396
0.129003
0.0580526
-0.166077
0.126876
-0.0181066
-0.143023
0.210693
-0.065808
-0.198987
-0.135042
-0.151146
-0.0561111
-0.226307
-0.0199873
0.259844
0.152752
-0.136738
-0.259959
0.0961956
0.163241
-0.286756
-0.126693
-0.286847
0.0683478
-0.265017
0.223533
0
-0.0403235
-0.180566
0.00785372
0.236205
-0.0386205
-0.11457
-0.180334
-0.0689897
-0.0578573
-0.148458
0.142617
0.136434
-0.240826
0.00855672
-0.193267
0.123939
-0.14034
-0.0439939
-0.190185
-0.133932
0.0126473
0.0615243
-0.0213467
-0.172118
-0.196959
0.543019
-0.149804
-0.099408
0.432334
-0.078211
-0.200135
-0.297985
0.0291084
-0.0815903
0
0.115509
-0.190286
-0.285274
0.373138
-0.198037
0.367641
-0.0317249
-0.235642
-0.0745229
-0.0518949
0.262544
0.0476288
0.111719
0.227407
-0.0155262
-0.139745
-0.176505
-0.0122529
-0.104401
-0.260908
-0.019463
-0.217807
-0.0177424
-0.0956427
-0.0441118
0.135967
-0.0285824
0.250725
0.573867
-0.133926
-0.286321
-0.0512167
-0.142586
-0.0447447
-0.179232
-0.330663
-0.38284
-0.136033
-0.227432
-0.619155
0.0189154
-0.18182
-0.0606657
0.15219
0
0.213418
-0.0173975
-0.343602
-0.151248
-0.223273
-0.320258
-0.200779
-0.0425334
-0.102756
1.34311
-0.493506
-0.449785
0.139635
-0.405704
-0.319306
-0.0366454
0.768005
-0.470074
-0.000451085
-0.452733
-0.0515794
0.165386
-0.102957
0.193079
-0.17165
-0.0711755
0.138811
-0.307487
-0.394641
-0.168082
0.0830038
0.23422
-0.0914109
-0.051843
-0.242515
-0.648868
0.0706765
0.0604551
0.0592858
-0.0580696
-0.199391
0.463815
0.162771
0.0417327
-0.301034
-0.194684
0.0385393
0.0246682
0.51942
-0.461427
0.119352
0.232189
0.470773
0
-0.0312406
-0.716793
-0.093574
0.184174
-0.117475
0.137731
0.241335
-0.161892
-0.0638186
-0.0867004
0.0948311
-0.36307
-0.243824
0.0953748
-0.169472
-0.380847
-0.0286123
-0.119269
-0.0389852
-0.135475
0.0407155
-0.0817486
0.307973
-0.159278
0.282669
0.0352652
-0.205673
0.105333
-0.130401
-0.022319
-0.209791
-0.0761463
0.0436048
0.00788022
-0.0642835
-0.0828229
0.146046
-0.0110656
-0.0439281
0.130307
0
0.0663897
0.00119487
-0.03396
0.194705
-0.099105
-0.120658
-0.0503043
-0.224612
0
-0.172265
-0.177043
0.0594694
0.0493155
0.199673
0.0712253
0.106733
0.203693
0.290067
0.263691
0.496921
-0.564079
0.46958
0.385418
-0.271992
0.058434
0.594978
0.00100495
-0.0460801
-0.389734
0.295403
0.216867
0.0857682
0.181747
-0.328283
0.454312
-0.197403
-0.524713
0.111959
0.487768
0.0180605
-0.352743
-0.583346
-0.0724733
0.0422398
-0.305408
0.223708
0.0571262
0.0196371
-0.197039
0.27335
-0.131043
0.31268
-0.217593
-0.248425
0.0134807
0.133682
0.0742434
0.191146
0.155557
0.0653123
-0.184325
-0.0330143
0.0987177
-0.0693518
-0.192372
-0.000797162
-0.240295
-0.0797982
-0.21171
-0.0626908
-0.0744445
0.0518584
0
0.312067
-0.0883306
-0.122778
0
0
0.0863659
0.0783353
-0.17674
0.00826082
-0.174215
-0.0621435
0.00300892
-0.0196459
-0.0129271
0.0594698
-0.197972
0.0161632
0.037178
-0.689918
-0.369068
-0.087727
0.410717
-0.462221
-0.466974
-0.36903
-0.133419
-0.346767
0.251067
-0.101765
-0.159186
-0.180171
-0.464069
-0.351155
0.664008
0.184407
-0.324245
0.273181
-0.458541
0
-0.52227
0.0222274
0.304682
0.0101535
0.0750188
-0.143041
0.206497
0.963724
0.183009
0.357816
0.328637
0.0493721
0.18158
-0.092925
-0.708601
0.158236
0.06681
-0.0238342
0.552487
0.0702741
0.0744617
0.475553
-0.205395
0.0283719
0.0586823
-0.33112
-0.259742
-0.0927107
0.3539
-0.0291524
-0.123181
0.0207173
0.139333
0.136943
-0.736642
0.010233
0.0246865
-0.0834982
0.052332
0.222992
-0.0133538
0.00901578
-0.10873
0.0903555
0.174027
0.19267
-0.145462
0.0129107
0.0965453
0.0803903
-0.0232934
0.156227
0.12134
-0.206252
0.261941
-0.0509978
-0.155684
0.225332
0.031625
-0.229679
0.148244
-0.184896
0.277778
-0.0690359
0.145273
0.351247
0.0574583
0.211746
0.458821
0.0749201
0.519677
-0.380528
0.0168376
-0.108526
0.28158
-0.0387001
0.14017
0.15707
-0.278402
-0.0302652
0.038347
-0.168949
-0.0448177
0.071451
0.478929
-0.044404
0.160257
0.492939
-0.0588504
0.0543913
-0.370451
-0.00951141
0.322784
0.122061
0.176048
0.179592
-0.0270818
0.0895294
0.264884
-0.231974
0.184547
-0.0966693
-0.0760928
-0.648694
-0.0497815
-0.175901
-0.513117
0.524217
0.329342
0.0397246
-0.0792444
-0.384257
0.091692
-0.370112
0.0370665
0.241982
-0.0841562
0.0307878
0.377605
0.00389735
0.109477
0.197136
-0.0208058
-0.00556341
0.0294391
-0.291556
-0.0800551
-0.0863846
0.125882
-0.113161
0.104858
0.157419
0.107988
0.140551
0.224981
0.0139806
-0.155686
-0.0315702
-0.147989
-0.0758381
0.469999
0.0260359
0.18205
0
0.0498266
0.0722951
0.360852
0.116607
0.124083
0.054199
0.113748
0.0345139
0.00954916
-0.0522253
-0.117352
-0.17965
0.0181739
0.00975615
0.210003
0.0176445
0.238305
0.200243
-0.318534
0.270549
-0.00729668
-0.0842967
-0.0845118
-0.101434
-0.0966388
0.182812
0.164914
0.228046
0.067105
-0.189764
-0.0905739
0.0862701
0.0525945
0.0476712
0.118719
-0.173303
0.110893
0.0118397
-0.424371
0.0702136
-0.0795525
-0.0383507
0.0695466
0.0947941
-0.175844
-0.20864
-0.0291154
-0.0383301
-0.282963
0.166978
-0.240709
0.122726
0.333836
-0.0497578
-0.0816094
-0.392757
0.0787423
-0.0632685
0.0611194
-0.502345
-0.407307
0.227726
-0.149526
-0.218058
0.0587894
-0.237868
0.0742121
0.556657
0.298842
0.2599
-0.00388463
-0.0114468
-0.129086
0.109401
-0.0527551
0.0858291
0.177539
-0.0121983
0.0914947
0.209086
-0.0920874
0.205559
-0.0809779
0.0975627
0.588649
0.218157
-0.303735
0.293695
0.0771504
0.367645
0.183372
0.160222
-0.146566
-0.403698
-0.0943116
-0.398913
-0.0315407
0.0363547
-0.0102084
-0.284498
-0.138254
0.195687
-0.0490095
-0.281978
0.0392504
-0.0857158
0.0927159
-0.480613
-0.478617
-0.326529
0.335678
0.247068
-0.127453
0.115696
-0.00446708
-0.373037
-0.630419
0.12809
-0.0492462
-0.117472
0.247985
0.0453211
-0.329413
-0.0584348
0.0344935
0.229265
0.205737
-0.237061
-0.226209
-0.098465
-0.0906115
-0.0482391
0.226083
0.170895
0.169322
-0.118415
0.0616984
0.00201842
-0.0129487
0.0274218
0.259424
0.0997641
-0.0861431
0.202119
0.173925
0.180994
0.0129749
0.0865759
0.00237622
0.242935
0.0861654
0.209713
-0.167168
-0.0347112
-0.0261389
-0.299462
-0.338904
0.0850067
-0.0630469
0.289614
-0.0613036
-0.416354
-0.00363145
0.143568
0.068574
-0.00811512
0
0.243999
0.0905375
0.102295
0.396571
0.157249
-0.040168
0.0820812
-0.0557217
0.0178365
0.0670302
0.00899676
0.216854
-0.385838
0.0636158
0.257088
0.0386023
0.0833737
0.023015
-0.165186
0.076037
-0.0996335
0.211067
0.329568
0.245859
0.145134
0.0113403
0.112435
-0.135038
0.0911806
0.00562663
0.0448106
0.122621
0.235162
0.261057
0.0452669
-0.389343
0.154888
0.136243
-0.208283
0.0625836
0.12594
-0.0885092
-0.127583
-0.212252
0.158789
0.124506
-0.0172642
-0.0261239
-0.314768
0.0190992
0.10195
-0.0892377
0.0691935
0.0328899
-0.073979
0.045469
0.234309
0.244151
-0.392738
0.207614
0.0420099
0.125483
0.26859
-0.059121
-0.075799
-0.178683
-0.109561
0.0473676
0.148853
-0.0307802
-0.0843158
-0.257644
-0.0856049
-0.00165681
-0.00375063
0.0805464
-0.277899
-0.105371
0.466949
-0.0620679
0.040074
0.357187
0.00456343
0.266429
0.328534
0.0822768
0.0495676
-0.0768145
-0.202349
0.180794
-0.0969867
-0.0218912
-0.231668
-0.196681
0.0618486
0.00327043
-0.326457
-0.209616
-0.195617
-0.0938451
0.258191
0.180995
0.261811
0.0368483
0.224333
0.0799946
0.037368
0.0431028
-0.112841
0.25506
-0.0499595
0.0674685
-0.0284678
-0.0147349
-0.145531
-0.0500246
-0.0022398
-0.24736
0.342508
0.323035
-0.0722286
0.126251
0.0983389
-0.0285287
-0.00424464
0.166979
-0.0191051
0.160727
-0.00411737
-0.0994776
-0.205688
0.34392
0.0326916
-0.0376742
-0.0081387
-0.242106
-0.0112035
0.0207428
-0.128225
0.0974709
0.0590929
0.052343
0.0761199
-0.222485
-0.0644435
-0.0449768
-0.0672314
-0.0503546
-0.0743359
-0.261657
-0.349663
-0.173964
0.257895
0.248208
0.0965205
-0.245062
0.00284466
-0.060399
-0.241542
0.010464
0.304227
0.0650414
-0.0617955
-0.142509
0.1322
-0.0534216
-0.273069
-0.230118
-0.0325106
0.148019
-0.473643
-0.319847
-0.201511
0.482837
0.154786
0.12423
0.173811
0.224252
0.0818211
0.103885
-0.114988
0.14216
0.175567
-0.0849277
0.1322
0.275301
0.148123
0.135007
-0.11893
-0.00137702
-0.282356
-0.0661668
-0.0303873
0.0937994
0.130216
0.146093
-0.275994
-0.212092
-0.141951
0.00212016
-0.135283
0.0358045
0.119028
0.153994
0.0502773
-0.0833468
-0.00788219
-0.406604
-0.171495
-0.18525
0.0295703
0.201355
0.0215318
0.0770993
0.00176446
-0.272786
-0.0800961
0.0101776
0.0186754
0.204521
0.322019
-0.0107911
-0.14403
-0.00987142
-0.218048
-0.0524895
-0.0589061
-0.286668
-0.269582
0
-0.432632
0.171457
0.234528
0.152237
0.0647211
-0.254623
0.204792
0.0986123
0.210891
0.108948
0.0248746
0.154929
0.00118904
-0.0851178
-0.0489414
-0.0224902
-0.112693
0.112089
0.190389
0.132017
-0.00401046
-0.264621
0.0468277
-0.0363645
-0.0457069
-0.0460033
-0.288565
0.0777862
-0.213061
0.360401
-0.136567
-0.262538
0.0207269
-0.164181
-0.0136125
-0.310144
0.0781128
-0.0264106
-0.0012279
-0.0846152
-0.137162
-0.228388
-0.0406933
0.168327
-0.198733
0.00666524
-0.587139
-0.645575
-0.224913
0.696017
0.10802
0.549123
-0.0137769
-0.0372019
0.0130213
-0.334797
-0.270447
-0.284137
0.0972138
0.252509
0.0366641
0.157865
0.0480207
-0.553427
-0.108217
-0.0876485
-0.232625
0.127917
0.0811601
-0.101327
0.383039
0.411629
0.0539034
0.360361
-0.0499704
-0.287496
0.150619
-0.266669
0.127892
0.004152
0.284118
0.166755
-0.161612
0.406111
0.0203089
-1.36689
-0.10164
-0.763923
-0.0422399
0.143539
-0.0259779
0.328037
0.145447
-0.141503
0.0628817
-0.170134
-0.399214
-0.0447444
0.243175
-0.578959
-0.146789
-0.208406
0.232294
0.370816
0.320994
-0.191552
-0.179131
-0.180628
0.264499
-0.119711
-0.242788
0.113294
0.596167
-0.325182
-0.37598
-0.969541
0.311223
-0.160494
0.453457
1.06806
0.0884757
-0.342334
-0.198915
-0.486396
0.768066
-0.410333
0.651499
0.545968
-0.390999
-0.248377
0.105805
0.105281
-0.027475
0.936005
-0.160456
-0.201799
-0.270146
-0.247565
0.026625
-0.141256
0.098202
-0.0851388
-0.42734
0.0329639
-0.248853
-0.040594
-0.305993
-0.0919634
0.0871579
-0.422021
-0.19568
0.282837
0.292424
0.359533
-0.380821
0.0494279
0.0524207
0.0355259
-0.13097
0.0774396
0.0794173
-0.123595
0.105056
-0.22677
-0.195403
0.112544
-0.30444
-0.0113793
-0.338174
0.206303
0.235858
0.33324
0.427719
0.139553
-0.100001
0.307143
0.0383282
-0.392701
0.281926
0.296679
-0.0308244
-0.253866
0.135762
-0.00277448
0.0547439
-0.26062
0.160289
0.255229
-0.0714954
0.0632219
-0.065364
-0.316297
0.104481
0.348813
-0.170497
-0.144699
-0.250513
0.40488
-0.133308
-0.508531
-0.277047
0.0617994
-0.108729
0.784515
-0.609846
-0.478835
-0.488545
-0.320419
0.0373816
0.0569029
0.861514
0.59351
-0.178699
0.00998349
0.200615
0
0
0
0
0
0
0
0
0
0
0
0
0
0
0
0
0
0
0
0
0
0
0
0
-1.77129
-0.122291
-0.256621
0.358234
0.14371
0.203582
0.211584
-0.194793
-0.0689383
-0.186985
0.103479
-0.114614
0.0318871
-0.35832
-0.252564
-1.11323
0.896675
0.0163932
0.0688146
0.107708
-0.152784
-0.0431883
0.0793292
0.354248
-0.0375096
0.133801
0.183555
0.0267818
0.086882
-0.0186813
-0.0124736
0.135336
0.149427
-0.00202204
0.0758348
-0.0579395
-0.234436
-0.13269
-0.0107755
0.109458
-0.307874
-0.0669719
0.0593319
-0.177195
-0.0267976
0.399111
0.0538206
0.139328
-0.0301881
-0.0165316
0.0562726
-0.0360546
-0.032043
0.26778
-0.123586
-0.0122533
0.115949
0.0837631
0.160242
0.031911
0.077594
0.129238
-0.160902
-0.205372
0.303109
-0.0646802
-0.133875
-0.315398
-0.134311
0.089058
-0.16671
-0.0643252
-0.131119
-0.100169
-0.135139
0.215568
0.209679
-0.0204132
-0.174684
-0.235431
0.071383
-0.0821112
-0.000777853
0.108623
-0.233077
0.0707926
-0.207829
-0.14137
-0.1605
0.02121
-0.452733
-0.387369
0.29431
0.0310008
0.204704
-0.120672
0.304318
0.343821
0.0134907
0.034767
-0.0996569
0.0148507
-0.0752875
0.0363383
-0.107122
0.328125
-0.163361
-0.0569949
-0.444319
-0.0810726
-0.0736519
0.213965
-0.082967
-0.265302
-0.273249
-0.278164
0.274582
-0.586695
-0.0653678
0.214318
0.00710905
0.212786
-0.0174074
-0.0568304
0.194525
0.0780191
-0.0839902
-0.42086
-0.390357
-0.109936
-0.81958
-0.292898
-0.0324373
-0.190739
0.29963
0.714157
-0.103626
0.249709
0.0533818
-0.351875
0.153435
0.122209
-0.406769
0.202457
0.467041
0.187341
0.0650086
0.29741
0.286643
0.0268068
0.118677
0.0753269
-0.198527
0.206507
0.0368038
0.228731
-0.131536
-0.0788436
-0.334494
-0.126208
0.0478822
0.127967
0.103398
0.171401
0.212317
-0.0295861
-0.0968075
-0.119863
-0.0625235
-0.127495
0.00685537
0.127409
-0.0114023
-0.135322
-0.0834654
-0.0133099
0.474426
-0.00626577
0.0776959
0.0630298
0.274477
0.119539
-0.138933
0.0339139
-0.254038
-0.0154083
0.109058
0.19186
0.0684293
0.0733749
0.310185
-0.1639
0.218732
-0.159945
-0.0355532
0.0941565
0.0306059
-0.0961169
0.272652
0.149314
-0.108739
-0.00436178
0.0559355
-0.133675
0.0658911
0.0920807
-0.0289458
-0.0920359
0.146607
-0.147859
0.22419
-0.0186833
-0.103077
-0.427475
-0.397167
-0.0190231
-0.30679
-0.336427
0.526267
0.363938
0.0547578
0.0985919
-1.44131
-0.293159
0.365265
0.0597857
0.00442804
0.0485795
-0.091281
-0.237131
0.047123
0.0375016
0.102177
0.202552
0.069636
0.140336
0.0555874
-0.0978405
-0.0377488
0.151744
0.105692
-0.0191499
0.0512183
-0.120038
0.0221092
0.0556751
-0.111662
0.149716
-0.0303262
-0.320387
-0.000543848
0.0904151
0.109705
-0.0422028
0.0358037
0.0863967
0.0886274
0.0660022
-0.0642552
-0.0866733
0.0835283
-0.192848
0.0832059
0.033336
0.000704325
-0.037221
-0.0086636
-0.0647722
0.0475997
0.228079
0.0255998
0.0561586
-0.066529
0.00380373
-0.0594688
-0.148561
0.00388219
-0.169925
-0.00520548
-0.0149134
-0.0758085
0.136223
-0.0363484
0.0558111
0.0272555
0.176858
0.0331531
-0.183895
-0.021137
0.0133268
0.0899784
-0.0478052
0.0738167
0.164683
-0.066
-0.0200071
0.0534946
0.102881
0.0347434
0.0160473
-0.166152
0.218043
-0.0549625
0.131709
-0.0136496
0.0484474
-0.0319355
-0.0146572
-0.0707231
0.00865573
-0.0134111
0.041702
-0.147926
-0.015292
-0.0574243
-0.074817
0.115204
0.0280365
-0.0048105
0.0872591
-0.0757521
-0.0466249
-0.0295324
0.240778
0.147657
0.179065
0.0635305
0.246677
0.0207323
-0.141546
-0.00449085
-0.314346
0.107685
0.292916
-0.227458
-0.0107443
0.102736
0.0358865
0.278018
0.127297
-0.126985
0.00452959
-0.010468
-0.326028
-0.088082
0.413015
-0.185087
0.00557249
0.169347
-0.112368
-0.0248786
0.093331
-0.00707586
0.0146179
0.108881
0.0460377
0.153469
0.0141536
0.0418868
-0.0147011
0.0186379
0.0424494
0.0276988
-0.205184
-0.104736
-0.0374396
0.0150859
-0.0149303
-0.0522757
0.00172086
0.112618
0.194231
0.0212157
-0.370861
-0.35922
-0.0380151
0.118623
0.0645678
0.0936124
-0.130756
0.0421182
-0.202724
-0.0339442
0.243404
0.0854003
0.0662202
-0.111623
0.0488991
0.159206
0.10098
0.142184
-0.123779
0.0367097
-0.0640983
0.00789932
0.158062
-0.00198139
-0.0966487
-0.0963486
-0.005285
0.0951673
-0.00708695
-0.00400789
0.0409282
-0.191143
-0.0935622
0.0497992
0.134907
-0.0100862
-0.0576083
0.00359075
-0.00702658
-0.071168
0.170176
0.273835
0.0604621
0.0279319
-0.0652463
0.0188993
-0.0131958
0.0528282
0.0175972
0.146871
0.00557782
-0.0205653
0.0751514
-0.0236711
-0.0921476
0.0244791
-0.0673881
-0.0420515
0.173157
0.203104
0.129372
0.00155707
0.0797929
0.30097
0.198045
0.00414015
0.0674694
0.124292
0.193937
0.173215
0.065319
-0.101243
-0.0866721
0.0822358
0.00380262
-0.0795215
0.0171027
0.0554462
-0.0699944
-0.219497
0.0753003
0.0842493
-0.0149144
-0.0150656
-0.0100563
0.0849025
0.0601881
-0.115595
-0.0417575
0.0612875
0.0390738
0.0319142
0.158437
0.0480572
-0.0154932
0.0795844
0.185584
0.0702575
-0.0447184
-0.1039
0.0698333
-0.0174432
0.0448273
-0.00182328
-0.0353155
0.0489213
0.0473541
-0.0212877
0.185343
0.0226762
-0.069258
0.0761337
0.00592361
-0.0131552
0.121645
0.0342688
0.0187804
-0.117342
0.0642923
0.0117091
-0.100794
0.0365773
-0.0711536
-0.153476
-0.140465
0.0169652
-0.095698
0.0678551
0.100745
-0.00266373
0.044705
-0.0197905
0.0311162
0.0380999
0.00203912
-0.123453
0.0511107
0.175315
-0.123623
-0.08703
0.0194997
0.0761798
-0.0435636
0.0767705
-0.00299249
0.0378786
-0.190237
0.0119053
0.0221935
-0.0829618
-0.120183
0.0489602
-0.0141578
-0.00813439
-0.103114
0.0415222
0.0580156
-0.00950189
-0.237495
-0.188498
-0.200529
0.0271716
-0.0641753
0.105121
0.103252
-0.414849
-0.0285934
-0.0505076
0.243005
0.0112555
-0.121565
0.0795243
-0.0228851
-0.0791702
0.0100648
0.0617765
0.0645764
-0.0853933
0.0365343
0.132216
0.0572339
-0.0510626
-0.0569997
-0.146817
0.0371738
-0.198288
0.0362844
0.000813868
0.0345283
-0.00784303
0.0586733
0.20934
0.101811
-0.0598867
0.0140231
-0.0216327
-0.178374
-0.0866875
-0.0114624
-0.0950355
-0.229414
0.0377005
-0.0191803
-0.245618
0.157025
-0.0307859
0.159228
-0.0213622
0.00596936
0.0362947
0.0167177
0.0245423
0.165796
0.0255663
0.113645
-0.0915136
-0.155002
-0.0397817
0.0168922
0.162782
-0.0304221
-0.000406254
0.152133
0.234765
0.00247504
0.206257
0.00293414
0.0730751
0.0427076
0.136869
0.0642172
-0.126597
0.0414633
0.199158
-0.0143045
0.102732
0.047599
0.0889108
0.0494517
-0.0596106
0.127136
0.0487605
-0.0399094
0.0597459
-0.133389
-0.0470499
0.118687
0.123823
0.160455
0.13645
-0.0739167
0.00672162
0.0961132
-0.210424
0.123076
0.0862196
-0.125554
-0.251134
-0.175724
0.131935
-0.101224
-0.150887
-0.0643976
-0.0195708
0.0460095
0.206895
0.0375377
-0.05024
-0.0373694
0.0789776
-0.0144425
-0.0842281
0.00871741
-0.0252177
-0.0559204
-0.21788
-0.231162
0.0588565
-0.00988977
0.175306
0.110643
0.123027
-0.0290175
-0.0666609
-0.0746877
-0.046335
-0.0798105
-0.0230623
-0.068258
-0.158733
-0.0226288
0.0549574
0.0569227
-0.0474341
-0.131104
-0.013462
0.0216585
0.252813
0.11665
-0.139518
0.0843414
0.0599874
0.121952
0.193754
0.0643135
0.0753382
-0.0473601
-0.0721193
-0.0131252
-0.139471
0.118793
0.15976
0.104951
-0.0018645
-0.220582
-0.185788
-0.161143
0.0884179
0.0091654
-0.0123447
0.0574381
-0.0778832
-0.205782
-0.144527
-0.0215997
-0.0433398
0.0211835
0.166743
-0.160754
-0.180489
-0.199939
-0.234996
0.150605
0.087302
0.273014
0.0231461
0.137129
-0.105326
-0.0311605
-0.0716646
-0.184076
0.0456163
0.0946414
0.116639
-0.197911
0.09724
-0.0621977
-0.00313312
0.0909818
-0.0221493
0.076215
-0.105954
-0.0127538
-0.262295
0.126729
-0.124323
-0.0307874
-0.0201299
0.0557276
-0.0204599
0.0362109
0.0741492
-0.114912
0.076046
0.125603
0.0497507
-0.00470262
0.109543
-0.0927027
-0.161476
-0.037985
-0.0163807
0.0333988
0.0348763
-0.0528259
0.0894277
0.0401472
0.00564716
-0.0755148
0.0759087
-0.0270818
0.0218289
-0.0427821
-0.0448209
-0.14576
-0.314412
-0.0054128
-0.175764
0.0363862
0.0317648
-0.104528
0.200195
0.161724
-0.0870861
0.156322
0.0162851
0.074168
-0.0439751
-0.137208
-0.0479479
-0.221261
-0.20124
-0.105716
-0.0142384
0.247568
-0.185966
-0.0256093
-0.167121
0.0420428
0.0155375
0.0573963
0.0422883
-0.124909
0.256724
-0.126451
0.142896
0.0285352
0.085544
-0.231932
-0.00563995
-0.14762
-0.212618
0.141753
-0.260475
-0.264169
-0.246392
-0.00543131
0.0164446
0.0234228
0.097245
0.15933
-0.118278
-0.0819573
-0.112519
0.0287673
-0.114601
0.209108
0.0142178
-0.00299985
0.106807
-0.0535749
0.0548247
-0.330804
0.00129166
-0.0090451
0.176191
0.171735
-0.00124861
0.042832
-0.128578
0
-0.00882001
-0.0640202
-0.0780085
-0.136943
-0.39882
0.115676
-0.0203557
0.0644288
0.0137642
0.0137453
-0.0190497
0.246477
0.193375
0.457307
-0.0419237
-0.000608884
-0.0745634
-0.0512013
-0.163341
-0.0370475
0.161002
0.0359943
-0.0502424
-0.206697
-0.107052
-0.101746
-0.088927
-0.0805189
-0.178219
0.100028
0.15545
-0.130639
0.0282088
0.141324
0.0794316
0.0887127
0.19125
-0.0789672
0.0394043
-0.0919743
-0.11336
-0.000321146
-0.0935702
0.00664328
0.0307284
0.174483
0.0182324
0.0161436
0.015486
-0.0414551
0.0759751
0.00251735
-0.0162165
0.107201
0.0886191
0.0849301
0.0257058
-0.142052
0.0727399
0.0720619
0.00794099
0.015101
-0.0312951
0.0163467
0.186916
-0.00749389
0.0678394
0.0840833
-0.00443118
0.145202
0.0879965
0.0345802
0.174947
0.0718252
-0.118577
-0.076691
0.118636
-0.0388212
-0.11235
0.104966
0.0888203
0.135798
0.0307902
0.0454568
-0.15238
0.0144065
0.0339061
-0.135473
0.0564595
0.0207577
-0.000980811
0.107455
0.268619
0.0330084
0.0795792
-0.0588867
0.12565
-0.0111406
-0.00557495
0.031418
0.113184
0.0201334
0.101873
0.0293038
-0.0302088
0.0641813
-0.0259837
-0.0482874
0.00103533
0.00646839
0.0247998
-0.0101966
-0.263922
0.0630467
-0.212527
-0.195572
0.100914
-0.155549
0.101737
-0.126192
0.0500901
0.0384663
-0.167302
0.220226
-0.0230769
-0.0813978
0.0886407
0.591176
0.229512
-0.0197772
0.313668
0.144491
0.0791808
-0.28496
0.0987327
-0.0543231
-0.012003
0.323046
0.0377804
-0.0262772
0.0783901
-0.0354592
0.0700899
-0.109821
-0.085913
0.0231573
0.125944
-0.0317215
0.0660418
0.0800523
0.108359
0.0677051
0.00102925
0.190743
0.018271
0.0192437
-0.186036
-0.437481
0.246642
0.020407
-0.0578506
-0.0827084
0.0542413
0.14038
0.0295642
-0.0318686
-0.0325485
0.0536139
0.0538998
0.132363
0.0530201
0.0486074
-0.0586045
0.11309
-0.0544857
-0.111565
-0.390648
-0.0793791
-0.0821631
0.109716
-0.0774127
-0.10901
-0.153367
-0.242624
-0.0858612
0.447383
0.0173699
0.0358505
0.148995
-0.161251
-0.0331196
0.0323982
0.140654
0.17675
0.111668
-0.0878168
-0.0772286
0.00690717
0.233307
-0.0604349
-0.122442
-0.105233
0.0877512
-0.0790472
0.0754305
0.126963
-0.0697173
0.123035
0.0154594
0.0255986
-0.156206
0.0626374
-0.0684356
0.0473307
0.0480269
-0.0221996
-0.0800041
-0.305849
-0.15377
0.0180925
0.0632481
-0.0660388
0.092525
0.0897704
0.197391
-0.000701
0.026487
0.0024468
0.0110614
0.0378652
0.0529561
0.0728463
-0.00423673
0.00973036
-0.0192409
0.0126024
0.0266418
0.0778028
-0.0250719
-0.0126164
-0.0674433
-0.156135
0.111724
-0.0551277
-0.101941
0.122621
0.0512258
0.214801
-0.0518288
0.0343947
0.0570256
-0.0336372
-0.0787033
0.0891429
0.0774509
-0.0711699
0.0354807
0.0525971
0.0203183
-0.0959579
-0.131776
0.0836182
-0.114416
-0.0611951
-0.108695
-0.0243416
0.255394
0.0141309
0.0660931
-0.11649
0.154686
0.123882
-0.0316298
-0.119455
0.226766
0.0875045
-0.0299185
-0.0122107
0.152002
-0.114762
0.0498705
-0.11442
0.129225
-0.0262747
-0.0460115
0.0466611
0.0536617
0.037296
0.0223967
0.0638066
0.0219924
0.00689586
-0.0398494
0.100329
-0.131468
-0.0301656
-0.0238116
-0.107968
-0.112549
-0.0819022
0.145919
0.0461437
0.00499338
-0.115044
-0.087437
0.154071
0.00610501
0.0291653
0.0223604
-0.0274691
-0.0868104
0.0544674
-0.0406585
-0.222033
-0.873301
0.187154
-0.273184
-0.538173
-0.651327
0.618626
0.0549173
-0.56557
-0.614953
-1.43727
0.576257
-0.418837
-1.12174
0.246134
-1.30583
0.154457
-0.0937421
0.749679
0.552518
-0.7879
0.739506
0.371334
-0.400338
0.141501
-0.00716204
-0.399231
0.092589
-0.0129369
0.811659
0.356262
0.0223534
-0.029596
0.338362
-0.333753
-0.0135055
-0.26267
0.0740039
0.249953
-0.0668921
0.320496
0.139561
0.109328
-0.215567
-0.420829
0.132428
-0.160524
0.0299217
0.026191
-0.12846
0.00519703
-0.0978542
-0.0461424
0.0870174
0.27039
-0.138106
0.154499
-0.0357712
0.0141268
0.245164
0.177018
0.383294
0.0715291
-0.189135
0.0880297
0.189877
0.0460954
-0.0636973
0.202039
-0.070184
-0.238726
-0.271819
0.0294186
0.018227
0.436785
-0.0653621
-0.151476
0.0894252
0.0301786
0.0843736
-0.164502
-0.219071
-0.133846
-0.0953201
0.0476953
0.0395211
0.315655
-0.0522511
-0.0419983
-0.179556
-0.0474639
-0.0662021
-0.0609542
-0.03561
-0.0234928
0.127121
0.00407894
0.061453
0.180288
-0.230454
0.147589
-0.115054
-0.0946134
-0.130754
0.119712
-0.0197474
-0.215956
-0.0202189
-0.0412111
0.215999
0.146103
0.0445888
-0.125195
-0.24482
0.145695
0.136046
0.0361567
-0.0456105
0.0432564
0.107096
0.035497
-0.145733
-0.0574719
-0.0112179
-0.0510343
0.102753
-0.0433437
0.0217741
-0.00772597
0.0882557
0.0716626
0.029141
-0.105651
0.0318596
-0.217049
0.0663863
0.0978199
-0.0301418
0.387048
0.0374414
-0.0365339
0.0311075
-0.0712673
-0.437976
-0.0908416
-0.036569
-0.0383161
-0.0332833
0.11745
-0.029474
0.0222737
0.107622
-0.092907
0.123264
0.170926
-0.0366933
0.101818
0.0447683
-0.218496
-0.0168013
-0.0553136
-0.21645
0.0148454
-0.0331097
0.0828102
-0.0529259
-0.180332
0.0560097
-0.270647
-0.0136005
-0.521284
0.0805695
0.0591749
0.200463
0.0641246
0.0325866
-0.0349669
1.08501
-0.0570656
0.101513
-0.0214379
-0.0202637
0.529878
-0.0053532
0.245447
-0.127332
0.00357488
0.0140012
0.0344907
0.0335213
0.303208
0.132286
0.00434334
0.284942
0.0164724
0.0963127
0.233679
0.0241761
0.0547523
0.0609889
-0.276265
0.0607717
0.114611
-0.00888697
0.0631796
-0.0194558
0.116796
-0.387898
0.136662
0.0927486
0.287393
-0.0150649
-0.00173021
-0.00111244
0.162214
-0.105146
0.078475
-0.00927225
-0.231022
-0.0479563
0.0682964
-0.102242
-0.049111
-0.0301667
0.153808
0.0098705
-0.0499522
-0.225807
-0.218682
0.0336646
-0.281283
0.143686
-0.0637093
0.00360195
0.143813
0.0490519
-0.0465541
0.050086
0.173866
-0.275347
0.0783048
0.150275
0.0220578
0.25808
-0.00590345
-0.090367
-0.083006
-0.0103604
0.00729175
-0.108904
0.0165341
0.161695
0.062666
0.128154
0.178194
-0.0236501
0.02622
0.0947482
0.0246962
0.126754
0.0418174
0.105844
-0.00305904
0.122219
-0.0357507
-0.148438
-0.136981
-0.0121312
-0.00240396
0.0626743
0.174436
0.128424
0.124278
-0.0985819
0.11688
0.0207732
0.0506106
0.0371407
0.0779081
0.0655029
0.0261482
0.0237522
0.0361856
-0.0740605
-0.257793
0.0114121
-0.0150668
0.207107
0.064907
0.149393
-0.106576
0.0764141
0
0.0115271
-0.0132848
-0.146083
0.100496
-0.111315
-0.0149659
0.0526164
0.0848054
-0.0397668
-0.0313725
-0.220137
0.0833032
-0.237487
0.145326
-0.138989
0.0631562
0.111327
0.0475441
0.0813492
-0.00804928
0.0708788
-0.0618238
0.0741429
0.0046573
0.126248
-0.00153272
0.119285
0.0165394
0.0157572
-0.0786008
-0.0920498
0.0347137
-0.101302
0.0281201
0.0246365
-0.00549396
-0.0228873
-0.0488102
-0.108408
-0.097949
0.0365479
-0.0165653
-0.110002
0.0181144
-0.0151501
-0.204535
0.170621
-0.00434753
-0.047603
0.0155102
-0.0840423
0.035017
-0.395941
0.0678236
0.181807
0.0456683
0.073263
0.0629636
0.0738729
0.0186965
0.053955
0.0623379
0.102929
-0.0252142
0.00580714
0.0847124
-0.109752
-0.00447793
0.0455811
0.032828
-0.0682246
0.0146428
0.0402411
0.0108963
-0.0144568
-0.186804
0.013144
0.160965
0.112134
0.0754124
0.0144248
-0.0148623
0.161314
-0.0659684
-0.0552899
-0.0108985
-0.0219419
0.00622723
-0.0693736
-0.0419889
-0.0693747
0.0212181
0.0469417
0.0158925
-0.0299297
0.0558112
0.0400666
-0.229159
0.0246297
-0.000335452
-0.0851203
-0.154792
0.026651
-0.177479
0.0732171
-0.0116649
0.0658837
0.00940939
0.116536
-0.0651705
0.144101
0.0394008
-0.0962493
0.07393
-0.0732513
0.0505445
0.0689724
-0.038521
0.0855747
0.10149
-0.0286713
-0.00541266
-0.0430742
0.0104257
0.0495395
-0.0943137
0.0787484
-0.00762587
0.0402739
0.00550437
-0.0194991
0.157652
-0.00803571
-0.0267598
-0.00283246
-0.0421458
-0.0362826
-0.00703057
0.0862216
0.056493
-0.0875915
-0.0393113
-0.182581
-0.0600724
0.105002
-0.455622
0.143448
-0.041747
0.109231
-0.00399058
0.0266497
-0.0101276
0.15253
0.0121025
0.0599596
0.00378425
-0.119447
-0.0288718
-0.023067
0.106634
-0.0598767
-0.119813
0.048461
0.0321773
0.0755035
-0.0542599
0.0380803
0.0484605
-0.0319441
0.0289222
0.061378
0.102274
-0.0262436
0.00860842
0.130749
0.174854
0.167326
0.0564493
-0.0668716
0.0723108
-0.122469
0.0739342
0.0623283
-0.159367
-0.297443
-0.0161908
0.212322
0.017349
-0.109307
0.132713
0.117901
0.0719019
-0.0903812
-0.0119505
-0.0733903
0.0422307
0.191976
0.038766
0.0727599
-0.212206
0.1166
0.0181776
-0.0857757
0.00585989
-0.0700195
-0.0536591
0.0532377
-0.663198
0.429024
-0.39228
-0.285561
-0.167351
0.0295303
-0.392329
-0.398216
0.413173
-0.239799
0.30025
0.0248495
-0.0587249
0.552006
-0.114183
0.0089278
-0.0411107
0.0952024
-0.147005
-0.138637
0.221346
0.319557
-0.0593915
-0.0595189
0.12711
0.0310509
-0.00884584
-0.0954489
0.0749278
0.171502
0.123481
0.0418731
0.0306681
-0.056859
0.0807431
0.152967
0.0951144
-0.113842
-0.219337
0.0706218
-0.0285792
-0.241169
-0.00111062
-0.132827
-0.247503
-0.0877214
0.0194183
0.0210037
-0.189577
0.240106
-0.0886238
0.0975007
-0.0123376
-0.180804
0.10355
-0.00313981
0.0420149
0.114696
0.158464
0.0459879
0.00437413
-0.0123422
0.103538
-0.108254
0.073972
0.037726
-0.0945272
0.0225131
-0.0806538
-0.275459
-0.471313
0.193774
-0.286198
0.123609
0.0772382
0.106189
-0.0502037
-0.00298916
-0.0167558
-0.140532
0.00898549
-0.0215058
-0.143702
-0.0572947
-0.00297889
-0.326417
-0.00615827
0.203762
0.0866413
-0.158069
0.0633768
0.108645
-0.0858922
-0.0225012
0.120337
0.0232248
0.113605
0.131473
0.0466162
-0.013021
0.00446281
0.0671833
0.0557823
0.136406
0.14882
0.0693346
0.00482742
-0.03142
-0.21297
0.129744
-0.00930319
0.183868
0.0830381
-0.0455287
0.163323
0.0127545
0.036384
0.0170304
-0.030631
-0.0553733
0.0102028
0.0419349
-0.0265943
-0.289352
-0.145598
0.00771001
-0.155223
0.0190764
-0.18446
0.0669373
-0.149633
0.0418571
0.191268
0.0943381
-0.107412
-0.049838
0.0310289
-0.0365286
-0.0336622
0.00599801
-0.0908341
-0.105967
-0.24139
-0.0676375
0.0713957
-0.0879345
-0.0374712
0.0561543
0.141384
0.2323
-0.0481054
-0.0300767
-0.0321327
0.00675398
-0.0693528
0.105379
-0.018732
0.197781
0.123228
0.0991931
-0.0337804
0.0778644
0.0022225
0.130838
-0.0335338
-0.00683618
-0.0232083
0.155735
-0.0690956
0.0664645
-0.141493
0.199218
0.0702791
0.0252702
0.047883
0.079744
-0.0129124
0.0280299
0.039575
-0.187391
-0.0430419
0.0746685
0.0214401
0.0921943
0.0700817
0.146538
-0.0232935
-0.115966
0.053327
0.00460466
0.109989
-0.202045
-0.00796804
0.00929543
0.0683432
0.055979
0.00644319
-0.0333529
0.0827943
0.0336197
-0.0709504
-0.0574101
0.0506474
-0.0105896
0.0907926
0.00367953
-0.0319705
0.0217944
0.00573888
-0.032202
0.0969418
0.0681697
0.0815975
0.024128
0.0563887
0.119001
-0.00644136
0.0153693
0.00580925
0.042636
0.132129
0.0584271
0.0260044
-0.222965
0.116088
0.189699
-0.0391622
-0.000503076
0.101509
0.113694
0.0908727
-0.0188516
0.0432181
0.0236275
0.0364497
-0.00406492
0.0818503
0.217679
0.0976028
-0.0629963
0.229438
0.00969418
-0.00749845
-0.0140061
0.101533
0.183923
-0.0132741
-0.183898
0.161675
-0.0527635
0.141712
0.0341237
-0.127183
-0.0368038
-0.296638
-0.0315626
-0.0216236
0.0635311
-0.252037
-0.0637287
0.230937
-0.465479
0.0650423
-0.114226
0.0711059
0.214049
-0.045258
0.0712317
-0.301625
0.141576
-0.119273
0.0702017
0.146307
0.0833168
0.128604
0.010105
0.00383348
0.0398372
0.173075
0.0288761
0.0625826
0.157442
-0.0822806
-0.0409437
0.0429236
-0.0533214
-0.135615
0.0538651
-0.00374014
-0.0999495
0.0219092
0.077584
0.0237864
0.114672
0.0954717
0.0115808
0.071061
-0.078097
0.00302874
-0.00980218
0.130998
-0.0183195
-0.037271
0.0194477
0.591347
0.0330755
-0.112386
0.0885457
0.152356
0.124621
-0.0904417
-0.052543
-0.0790876
0.0726029
0.218395
0.0469673
0.0602685
0.0277796
0.0135443
0.0231649
0.0647817
-0.0430098
0.0666766
-0.0710114
-0.0281037
0.0593511
-0.0746201
0.0448704
-0.279504
0.0123936
0.0961147
0.22249
0.0262347
0.10975
0.0544649
-0.0345269
-0.123511
-0.00860148
0.0980858
0.202825
0.0474071
-0.0186028
0.0337016
-0.165973
0.0923784
0.11883
0.0480214
0.00859103
-0.013151
0.063577
-0.010407
0.0080292
-0.0878531
0.0121378
-0.0842186
-0.140147
0.0645764
0.0395622
0.00856006
-0.0718892
0.0455797
-0.0302618
-0.202618
-0.0622827
0.00851952
0.0270735
-0.157772
0.172098
0.117569
-0.0519622
0.0168363
0.0296648
0.126223
0.0157139
-0.0106251
-0.0338477
-0.0996961
-0.250442
0.072253
-0.0238431
-0.206037
0.0956525
-0.0709938
-0.0297101
-0.174995
0.0696204
0.198772
-0.0551343
-0.19263
-0.226278
-0.00224967
0.1465
-0.016026
0.0309604
-0.127576
-0.0900137
0.133354
-0.146352
-0.197615
0.0143677
-0.138634
-0.149199
-0.228101
0.410433
0.153669
0.0553839
-0.10757
0.0349916
-0.0338803
0.0774059
-0.00246026
-0.0312726
-0.010304
0.192896
-0.0950549
-0.0664516
0.0118836
0.0641817
0.0564831
0.0282895
0.194587
-0.00180346
0.143258
-0.0689311
-0.0130286
-0.0752455
-0.123827
0.0205096
0.243537
0.0282131
0.00508444
0.0887617
-0.0144854
-0.0516295
0.132272
0.0141311
-0.0142106
0.0525339
-0.00529634
0.051343
0.030868
0.0389788
-0.037332
-0.0392036
0.0246086
-0.00117794
0.0138125
0.00321494
0.0595635
0.0716765
0.023341
-0.0354193
-0.0276958
0.087095
0.0256125
-0.0249965
-0.0592406
0.0178013
-0.0584761
0.0580894
0.11143
-0.0482184
0.0729654
0.00610096
0.143363
0.0785269
0.0253946
0.0251819
0.0351781
0.00598645
-0.156299
-0.00848409
0.0730422
-0.00798171
0.0856748
0.0116834
0.065631
-0.0677005
0.0591803
-0.0733085
0.0308196
0.0902843
0.0671278
0.0607614
0.0789648
0.0555051
-0.0472706
0.055246
-0.0275848
-0.0495871
-0.0619527
0.142683
-0.0133861
0.0129592
0.120876
0.0136295
-0.0286153
-0.00725472
-0.0422947
0.00884089
-0.0179021
-0.0300739
0.120248
-0.0141878
0.0848263
-0.0274268
0.0146649
-0.0531752
0.0110782
-0.253785
0.033009
0.0286866
0.126141
0.0309191
-0.131377
0.101022
0.0886922
-0.0363508
-0.0186117
-0.0346467
0.0335219
-0.202479
-0.0730868
0.0194219
-0.0211565
0.128557
0.116351
0.0179701
-0.026579
-0.113024
-0.0710783
-0.243026
0.0600858
0.113525
0.083283
0.197517
0.191205
0.00607626
-0.0936936
0.136949
0.00343588
-0.0482101
0.0259246
0.145537
0.0250106
0.0461963
-0.0536455
-0.0294447
0.147502
-0.0129968
-0.00838316
0.0823858
-0.0429457
-0.109259
0.0105343
-0.0267627
0.0239277
-0.0650219
-0.20194
-0.0159605
-0.0562028
0.108154
-0.158215
0.132827
0.0629018
0.0379223
0.00322226
-0.0694048
0.0171725
-0.0885917
-0.221634
-0.0199216
0.128857
0.0272422
-0.0315319
0.0163753
-0.0279878
-0.0977965
-0.0414014
0.0273114
0.117307
-0.0976011
0.116797
0.0856837
0.0327501
0.0719368
0.00206744
-0.0477288
0.0110718
0.0439585
0.0428749
-0.0627255
-0.0171252
0.0745013
0.0455148
0.122439
-0.0148515
-0.0916205
-0.0198598
0.0370261
-0.00844324
-0.0515629
0.120534
-0.0252658
-0.299746
-0.647165
0.196019
0.191963
-0.085208
0.00614657
0.107065
0.0354827
0.140685
0.0618581
0.00279314
-0.0473794
0.0491247
0.0249596
-0.0244709
0.0353973
-0.0363746
-0.0496883
0.0108685
0.02995
0.104124
-0.000553201
-0.0714814
0.074731
-0.0237396
-0.0622808
-0.0564284
-0.0884625
-0.0470139
0.0872571
0.0307438
0.0433168
-0.0722288
0.0624324
-0.022428
0.120934
0.0798864
0.0545925
0.0627278
-0.0174152
-0.115046
-0.0335986
-0.126712
-0.0729835
0.136262
-0.0568419
-0.0170807
-0.0563489
-0.0541176
0.0365579
-0.0374081
0.0864133
0.0445017
0.059817
0.0340014
-0.0336538
-0.168717
-0.0532288
-0.0323162
-0.0884407
0.0783115
-0.13906
0.00614937
0.0563256
0.00115061
0.0645809
0.0634566
-0.00049697
0.0328179
0.107478
0.0175567
-0.0799886
-0.0141699
-0.0966205
-0.081751
-0.186439
0.129976
0.0936666
0.0282223
0.0329086
0.0131474
-0.0314403
0.00142478
-0.0739282
0.218901
0.0342731
0.0528262
0.13151
0.00487582
0.0577791
-0.042069
-0.00829787
0.0440166
0.036068
-0.0329948
-0.080075
0.0197355
0.00418963
-0.0259903
-0.0250917
0.0586326
-0.00734464
0.0913205
0.0766615
0.0394231
0.132158
-0.000862902
0.0294955
-0.0477667
-0.0902493
0.0193743
0.0672167
0.0242524
0.117699
0.0405821
0.056085
-0.0573262
-0.00725431
0.0947399
-0.0275615
0.0372063
0.00265231
0.0302898
-0.00903214
-0.273635
0.0879701
-0.0228427
0.177284
0.0860007
-0.0381384
-0.0191562
0.0842829
0.24617
0.020716
0.0666605
0.064066
-0.0717469
0.0233959
0.0037086
-0.0881413
-0.0471821
0.0235252
-0.014509
0.0620159
-0.0351409
0.174482
-0.0295465
0.01119
