0.0928621
0.0442318
-0.0541124
-0.0339347
-0.0542001
-0.0271544
-0.0565648
-0.0999361
-0.0534427
-0.00918379
-0.0160344
0
-0.228578
0.034601
-0.0071571
-0.024502
-0.0292812
0.00507291
0.0435446
0.0388532
0.135935
0.0277722
0.0626929
0.00583057
0.0813297
0.0539298
0.112181
0.0138719
0.0717811
0.0923217
-0.018912
0.0258649
-0.0178571
-0.0147589
-0.0590888
-0.0654981
0.0915336
0
0.164889
0.110096
0.0443844
-0.0206704
-0.0270374
0
-0.0255518
-0.0929868
-0.074219
0.023038
0.0282608
0.0381532
-0.0252201
-0.1422
-0.012622
0.00452149
0.0606765
0.184263
0.0251975
0.0413387
0.156147
0.085596
-0.0220361
0.104474
0.038982
0.0262979
-0.0218672
-0.0262522
-0.0842233
-0.0613303
0.00481973
-0.0505655
0.00852425
-0.0394725
0.040577
-0.070615
-0.108794
-0.00155286
-0.0646302
-0.107782
0.0117068
0.119816
-0.0434871
-0.0407485
-0.106521
-0.0353575
-0.0972161
-0.00172181
-0.00216656
0.0625301
0.140845
0.097354
0.0397626
0.032917
0.0470958
-0.1027
-0.115083
-0.0102407
-0.0782949
-0.0218303
-0.144048
0.0442444
0.074725
0.0871996
0
-0.0415543
-0.0383081
0.0360006
0.0463234
-0.00722219
0.00481537
0.0346787
-0.0442023
-0.095406
-0.0340576
-0.00449429
0.218368
-0.00798512
-0.0679954
0.0244268
-0.0407994
-0.181444
0.0882297
0.0138194
0.0251575
0.0108489
0.00368706
0.0381664
-0.0945009
0.0263583
-0.0776158
0.00489299
-0.00656161
-0.0883884
0.0483137
-0.0779885
-0.0148705
0.0146453
0.0513144
0.0383974
0.00256575
0.125418
0.1206
0.0481497
0
0
0
0.0294161
-0.00696768
0
-0.00691847
0.0757875
0.0801161
0.0678012
-0.0691321
-0.016518
0.025086
-0.0838658
0.0148479
0.0635906
-0.0162463
0.0121472
-0.139566
-0.0522941
-0.15303
0.0917823
0.0553846
0.109804
-0.0330356
-0.0293068
-0.0321038
0.0462012
0.0632203
0.0830031
0.0516748
0.0283235
-0.00263873
0.00448543
0.0421701
-0.0240378
-0.0518486
0.0060329
0.0180241
0.0114002
-0.046315
-0.0226539
-0.0367691
0.0493492
0.0458863
-0.0298789
0.0319381
-0.0301905
0.010585
-0.139398
-0.0449434
-0.130213
-0.030999
-0.0354905
-0.0330804
0.0252743
0.0184061
0.00230525
-0.0239566
0
0.027578
0.0229602
-0.0129258
0.0256162
0.0319282
0.0460478
-0.0431057
0
0.084298
0.0392479
-0.017664
0.0695063
0.00069584
-0.0213254
0.034163
-0.034753
-0.0475321
0.0585226
0.0657439
0
0
-0.100472
-0.0203454
0.065517
0.0160452
0
0.0189003
0.0679904
-0.0116091
0.00243955
0
-0.0214992
0.0210749
0.113683
-0.00471983
-0.0121769
-0.0064619
0.0451982
0.00779201
0.0372549
0.0247597
-0.0101877
-0.0271834
-0.0300292
-0.036207
-0.0197042
-0.0186365
0.0905397
0.0776615
0
-0.0886859
0.0416304
0.0288516
0.0836911
0.0339175
0
0.0182472
0.0125385
0.0200289
-0.0351282
-0.0435829
-0.00581514
0.0604048
-0.00511794
0
0.0726337
0.118222
0.0490995
0.00874246
0.000998652
-0.0168906
-0.0320104
0.0028094
0.0362506
0.011888
-0.0135874
0.0364246
0.0297894
0.00491492
0.143009
0.049491
0.00851662
-0.0102695
-0.00915898
-0.0600329
-0.0439326
0.011075
-0.0246279
-0.036462
0.0549878
0.0353795
0.086203
0.0549953
-0.0360474
0.00242662
0.0497129
-0.038655
0.0592037
0.0269002
0.0325778
0
0.0173251
0.00635778
-0.0315897
-0.0290452
-0.0166008
0.0416183
-0.0514474
0.0674047
-0.000814022
0.066721
0.0225215
0.0944257
-0.00202181
-0.013034
-0.0366521
0.0225166
0.00933166
-0.0286353
-0.061795
-0.0389599
0.0716583
-0.0123265
0.0224134
0.0349649
0.0093819
0.00687761
0.059159
0.0792671
0.0611181
-0.0454789
-0.0270708
-0.000604473
0.0196035
-0.0632218
-0.0673848
0.0687391
-0.0366302
-0.000468687
0.0484396
-0.0274639
0.0296093
0.00694595
-0.0490042
-0.0105423
-0.0199436
-0.0860002
0.0522167
0.090413
0.0968679
-0.0224136
-0.0701581
0.00186733
0.0147862
-0.0336155
-0.101861
-0.0419949
0.0196227
-0.065893
-0.0567384
0
0.132996
-0.00520461
0.0275536
0.0329362
0.0115185
0.0259035
0.0780078
0.058791
-0.0355207
-0.00580088
0.0315162
0.0789556
0.179812
0.033897
0.0554366
0.0203585
-0.0607964
-0.0951772
0.00701928
-0.0575674
-0.00318769
0.011016
0.081784
0.04691
0.0181287
0.0714313
0.0323533
0.0292853
-0.0439824
-0.0754677
0
0.0217353
0.00955571
-0.0190311
-0.0446371
-0.102802
0.0836488
-0.0556428
0.0171817
0
0
0
0.011784
0
0
0.0828624
0.146641
0.0917887
-0.0355005
0.0264951
0.0362348
-0.0635192
-0.0634839
0.0908995
-0.0247408
0.0716022
0.0682833
0.0183145
0.0338195
0.00511682
-0.00472974
-0.0405524
0.0405094
-0.0260106
0.0422974
-0.00816155
0.0301645
-0.0018853
-0.00145706
-0.0879011
0.00950747
0.00829005
-0.0718591
0.03164
-0.016133
0.0646353
-0.0580401
0.0743276
0.0579968
-0.0719559
-0.0819056
-0.0735573
0.107882
0.0691148
-0.0270537
-0.0187392
0.0407582
0.0046045
0.101448
0.00698208
0.0290255
0.102128
0.0673158
-0.0880454
-0.192044
-0.0260789
0.0674847
-0.0235722
0.0522458
0
0.125163
-0.0551054
-0.0207113
-0.0051315
-0.00568589
0.0232324
0.0473993
0.0873639
0.0641332
0.0240064
0.0303504
0.0156354
-0.0159244
0
0
-0.029109
0.0289025
-0.0357787
0.0506728
0.110739
0.0914427
0.0853277
-0.0264337
0.0820805
0.0142115
-0.0544076
0.0362116
0.0200655
0.0311331
0.0454531
-0.0375265
0.0472311
-0.0420426
-0.0800279
0
0.0542568
-0.0380245
0.021337
0.0484756
0.0159748
0.0204452
-0.00820464
-0.0878713
0.051857
0.0554893
0.0324005
-0.0106444
-0.0215592
-0.0108759
-0.0264905
-0.0122227
0.0291279
-0.0613581
0.0552392
0
0.0327615
0.0994382
0.0393215
-0.0807547
0.0263403
0.0414021
0.0410766
0.0172105
-0.00247339
-0.00444591
0.0352038
-0.0463853
0.0189123
0.00590999
-0.0178178
-0.081531
-0.0771298
-0.0481446
0.0643638
-0.0173984
0.0143372
-0.0558541
-0.0561281
0.0128129
-0.0614369
-0.053432
0.036865
-0.0462129
-0.0181591
-0.135706
-0.19938
0.0479947
0.00128278
0.0986929
-0.04517
-0.0341358
-0.108997
0.0800057
0.0511846
0.0241585
0.0198346
0.0466592
0.0208443
0.129071
0
0.0186476
0.110168
0.051729
-0.0408937
-0.0237499
0.0759755
0.000986495
0.0442133
-0.000707133
-0.00616989
-0.0599317
-0.0589404
0.0152245
0.0580217
-0.0353274
0.0238686
0.08625
0.0248587
-0.0552821
-0.0328038
-0.0683545
0.0340575
0.0739393
0.0115443
0.0294677
0.0964148
-0.0416293
-0.0236489
0.00456271
0.0026119
0.0522503
0.0561824
-0.0223114
0.0452657
-0.0349916
-0.0262082
0.088476
0.0681717
0.110424
0.000753687
0.0117878
0.0697638
0.0585845
0.0329054
-0.0167174
-0.0193098
-0.0636142
-0.0921839
-0.0444973
-0.0435916
0.0951087
-0.0109847
0.0520983
0.0456215
0.0453771
0.0201967
-0.0706617
-0.0236403
-0.022794
0
-0.0180241
-0.0313466
0.080001
0.0464418
-0.0472664
-0.0097878
0.0424569
-0.0256248
0.0447351
-0.0148895
-0.0192511
-0.0232628
-0.0512866
0.0248865
-0.0363907
-0.0368266
-0.0346058
-0.0443426
0.0550938
0.00584564
0.044716
0.0345829
-0.00934104
0.0376498
-0.0146143
0.02272
0.028206
0.0786527
-0.172984
0.0766976
0.0578754
-0.0715619
-0.0364258
-0.0901101
0.0236085
-0.0253566
0.0889958
0.0165989
0.0311285
0.00161199
0.0182386
0
0
0
0.0606181
0.13586
0
-0.00205478
0.0555869
0.0905654
0.0429787
0.0691493
-0.00261087
0.00718718
0.0733989
0.0555888
0.0229802
-0.00637417
-0.0214414
-0.0289907
0.00293825
0.187664
-0.0641917
-0.0919493
-0.0273825
0.0388432
0.0613467
0.0986064
0.132719
0.0416018
-0.0512242
-0.00431769
0.0630378
0.0674142
0.0728082
0.0143641
0.00268259
0.065633
0.0463578
-0.0483232
0.0154463
0.0512939
-0.0310568
-0.000863145
0.00842907
0.083047
-0.0144193
0.00615872
-0.0531158
-0.00880836
0.0126141
0.0180492
0.0561207
0.0157192
-0.0415667
0.0743039
-0.0134748
-0.0438859
0.0146829
0
-0.119665
-0.0716094
-0.172445
0.0285862
-0.0686967
0.146932
0.0669622
0.0238902
0
0
-0.233718
0.0534234
-0.060224
0.0159178
0.150506
-0.0202942
0.0772542
0.0184365
-0.00487302
-0.0862706
0.0916775
0.0668105
0.0268113
-0.0192902
-0.0309486
-0.00498461
0.0644419
-0.0125245
-0.0050936
0.00922611
0.0864233
0.172603
0.185463
0.00802731
0
0.0955781
-0.025597
-0.0556807
0.072857
0.0364488
0.110994
0.0011417
0.00286909
0.0289533
-0.0283981
-0.0728724
0.0920083
0.00347814
0.048598
0.00474582
0.0300759
0.044641
0.0210939
-0.0914038
0
0.0615557
0.0328492
0.060708
0.0770372
-0.00281055
0.00839941
-0.0688075
0.0800654
0.0233413
0.00139934
-0.0218461
-0.0576605
-0.0103885
0.0646769
0.0189345
-0.0119827
0.0593555
-0.0292174
0.0218914
0.0203335
0.0292421
0.0748287
0.0369427
0.0757098
0.0596855
0.0174109
0.0185574
0.01795
0.0680942
0.0586988
-0.0228541
0.140458
0.0929424
0.000609341
-0.179919
0.106866
0.124105
0.00729952
0.0341954
0.0483989
-0.135519
0.0490418
0.155006
-0.0284103
0
-0.0117026
0.0597031
0.0566844
0.02892
-0.0457838
0.0354993
-0.0867227
0.0431855
-0.13589
-0.113692
0.0800189
0.00175631
-0.000301844
-0.161218
0.0324354
-0.0749974
0.0563286
0.0299756
-0.083644
-0.0183557
0.101111
0.0350367
0.0225812
0.0155864
-0.0469983
-0.0318721
-0.0240336
-0.0506202
-0.0726491
-0.0383347
0.0866577
0.0483699
0.0442456
0.0697313
0.0483896
0.0522844
0.0264762
0.0752778
0.166134
0.0185823
0.106255
0.0862936
0.0173362
0.156327
-0.0404083
-0.0104686
-0.00862492
-0.0622422
0.0360903
0.0743815
0.058452
-0.0448244
-0.00571005
-0.0484745
-0.0609772
0.0234074
-0.0348076
-0.0785996
-0.015899
0
-0.756915
0.482718
-0.164782
0.0453443
0.0736067
-0.0252429
0.0372873
0.0325766
-0.118636
0.0387438
0.00517801
-0.110045
0.0223085
0.0257774
0.0879984
0.0240031
-0.0284644
0.0410774
0.076361
-0.072941
0.0301906
0.0481215
0.0375966
0.0109856
0.118213
0.0190033
0.047142
0.309957
0.027643
0.115278
0.135471
-0.088115
-0.118272
0.017419
-0.0694042
-0.0188053
-0.076928
-0.000203963
-0.129925
0.0246364
0.0505271
-0.00664183
0
0
0
0.243032
0.148289
0
0.00236787
0.3295
0.162962
0.1037
-0.0641248
-0.142344
-0.181287
0.253466
0.0685985
0.0850974
-0.0184298
0.0011848
0.05398
0.0218335
-0.11051
0.0153035
0.0322306
-0.0550896
0.0312113
0.0514717
0.122242
0.20614
0.158064
-0.0189042
0.0177803
-0.0207614
0.0381361
0.0177179
0.00327196
0.0212746
0.0564973
0.128921
0.0699313
0.101885
0.0979064
0.101393
0.0311192
0.011521
0.0734175
0.2209
0.0138957
0.129376
0.00406799
-0.112257
-0.150211
0.146976
0.012555
0.0487133
0.0999835
0.0112158
0.0167903
0.0295694
0
0.154018
0.128401
0.0428021
0.0141953
0.0208876
0.0393921
-0.0865881
0.0521709
0.0108834
-0.0876283
0.125477
0.0158857
-0.0221308
-0.0757567
-0.103381
-0.160819
0
0
0
0.27274
0.137673
0.0673922
-0.0301126
0.0798724
0.0735573
-0.0375915
-0.0247229
-0.0442531
-0.141494
-0.0288187
-0.0443091
0.0579784
0.142207
-0.0106424
-0.00157418
-0.00431639
-0.0921804
-0.0549066
0.135945
-0.137656
0.0786046
-0.108251
-0.00224493
-0.0928407
0.00510224
-0.110122
-0.0107247
-0.0270844
-0.0092378
-0.0367263
-0.229132
0.00531994
0.0776696
0
-0.069576
-0.0343038
-0.117525
0.124924
0.119769
0.186729
-0.0910602
-0.0310461
-0.0582393
-0.101825
-0.0752961
-0.00149893
0.0536216
0.0039554
-0.0195537
0.0811274
0.0666525
0.0682964
-0.0912969
0.178465
-0.0127378
0.12312
0.0819277
0.0356169
0.00920984
0.0718019
0.0825899
0.104879
-0.046742
0.0355784
-0.0510845
0.0850331
-0.114763
0.0665431
0.0348418
-0.0428243
-0.302375
-0.139293
-0.0492349
-0.103332
-0.0612512
-0.0304113
0.0358842
0.0699188
0
-0.00256061
-0.205766
-0.0209553
0.178927
-0.0102391
-0.265704
0.0109181
-0.229902
-0.00383968
-0.0464611
0.0884522
0.134444
-0.0758942
-0.285928
-0.0229952
0.0644089
-0.117063
-0.452343
-0.322364
-0.21006
-0.501132
0.123262
-0.19584
-0.23316
-0.0510367
0.370903
0.345713
-0.286932
-0.230903
0.176173
0.0146665
0.133119
-0.139788
0.0424838
-0.156036
0.0486715
0.29804
0.292602
-0.140923
0.236032
0.0183524
-0.159101
-0.397742
-0.378512
-0.262859
0.199022
-0.0222446
-0.468338
0.0595005
0.583471
-0.015511
0.00714455
0.219011
0.252376
-0.083058
0.199256
0.0528847
0.0549678
-0.188541
0
0.368521
-0.132243
0.0144602
0.200984
0.134251
0.0213417
0.0907585
-0.16544
0.0155267
-0.0268032
-0.00959163
0.0578623
0.039234
0.0333188
0.0902226
0.108334
-0.0449525
0.0891369
0.206172
0.225611
-0.0650505
-0.0136924
-0.0314942
0.086089
-0.10604
-0.324799
0.130209
-0.0585654
-0.0257238
0.00152268
-0.0303013
0.0156523
0.107441
-0.0526556
-0.136719
0.0561306
0.230157
0.104899
0.196495
0.16541
-0.0860195
0.0262627
0.100919
0
0
0
0.133173
0
0.161091
0.203376
0.399849
-0.201246
0.00130545
-0.0147104
-0.0841711
-0.328067
0.0750785
-0.0451723
0.136851
0.0510334
0.165588
0.085103
-0.14095
0.0402545
-0.0808443
-0.0239332
-0.0291775
-0.0358613
0.0747074
0.17066
0.0840346
-0.096943
-0.135202
-0.0310447
-0.0617028
-0.0192308
-0.0374833
0.215606
-0.0296937
0.141665
-0.133493
-0.0940855
0.0931122
-0.0389533
0.094301
0.0881348
0.0188712
0.0198103
-0.0408077
-0.0389155
0.0296529
-0.010591
0.159889
0.0537238
0.0103488
-0.102502
0.109266
-0.0425974
-0.134723
-0.0646876
0.000132134
0.15635
0.0911437
-0.105389
-0.144389
-0.0175743
-0.0587481
-0.00614702
0.081752
0.0152638
-0.0326502
0.142468
0.0246398
0.00431457
-0.0398316
-0.0104779
0.160553
-0.0982205
-0.0840702
-0.057886
0.0190255
-0.130516
0.0614489
0.228664
-0.142803
-0.0554472
0.0321464
-0.0351477
-0.0788471
-0.0555652
-0.0189995
0.0692544
-0.0870225
-0.0505794
-0.0475971
0.0111263
0.143985
-0.0706753
-0.171038
-0.107133
0.0334017
-0.0683439
0.126922
-0.00497784
0.0629417
-0.310766
-0.053918
-0.0203046
-0.0747776
0.00550545
-0.0586356
0.0368407
0.0909253
-0.0424821
0.172314
0.00701171
-0.159036
0.110011
-0.110052
-0.0731266
0.0220492
-0.00465079
0.115323
0.175673
0.0344039
-0.0222432
-0.0663703
-0.319803
-0.0999271
-0.0981654
0.109505
0.227028
0.172093
0.154287
-0.00921477
-0.0493223
0.0611094
0.0299161
0.0288314
-0.142679
0.122437
-0.0311655
-0.0161793
0.0943497
-0.185135
-0.122826
-0.0118916
-0.112014
-0.20867
0.0751169
0.0155195
-0.00944465
0.101651
-0.0793402
-0.127003
-0.0941592
0.0119627
0.0260376
-0.104306
0.0217078
0.220717
-0.0285557
0.00146903
-0.0346729
0.0051474
-0.0441502
0.0190732
0.13045
-0.0124095
0.0759818
0.0129473
0.032224
0.0226208
0.00812289
0.0853461
-0.0653809
0.0798655
-0.0675664
0.0142593
0.00330477
-0.0779118
-0.00759707
-0.233862
-0.08217
-0.0261248
-0.182475
-0.000299819
0.0307274
0.061746
-0.0262609
0.126567
-0.0655462
-0.0295835
-0.0355864
-0.0236099
0.0727177
0.0135243
0.116388
-0.0197755
-0.0115066
0.0702373
0.0357749
0.0351512
-0.0673449
-0.118335
0.0621584
-0.15026
-0.154278
-0.0255638
-0.0565454
-0.0223721
0.0910701
-0.133753
0.00315334
-0.212475
0.112398
0.0876981
0.0607142
0.118482
-0.0629001
-0.0127274
-0.0888261
0.0763432
-0.0908884
0.102612
0.0539032
0.224451
0.172718
0.221081
-0.0261437
0.0425425
-0.0719571
-0.0325095
0.00883766
0.130789
0.0273305
-0.00346257
-0.193256
0.071121
0.0444969
0.183109
-0.0516552
-0.149611
-0.205567
-0.027699
0.0899026
0.107643
-0.0274774
-0.0669762
-0.0288538
-0.0202618
0.130259
-0.109852
0.0414493
0.0684031
0.0355842
0.211385
-0.155319
-0.0960018
0.00161442
0.0407034
0.194843
0.0748622
0.0479821
-0.0810989
0.0642286
0.0179151
0.0425673
-0.239792
-0.0987604
-0.0447298
-0.0157375
-0.157611
-0.0786071
0.134235
0.117721
0.000163165
-0.0768798
-0.124271
0.233385
0.0211613
-0.0671513
0.149199
0.211986
0.0279729
-0.0333522
-0.0544678
-0.0144374
-0.0345717
0.0610904
-0.0150741
-0.175177
0.0513909
0.0906063
0.0531217
-0.0185942
-0.0642661
0.204304
0.292679
0.11039
-0.026373
-0.0205752
0.0138157
-0.0688906
-0.0254458
0.0630779
-0.0705531
-0.00184587
-0.140675
0.347318
0.242842
-0.0324576
-0.0425309
0.0119635
0.0928927
-0.0834493
-0.0113479
0.264755
-0.0200665
0.092233
0.00159347
-0.00354139
-0.242934
0.141545
-0.14552
-0.133346
-0.118045
0.189042
-0.0378097
0.0739846
-0.334072
0.083581
0.143724
-0.116328
0.0122943
0.116149
-0.132464
0.0243791
0.0515374
0.063619
0.0426704
0.0498229
-0.0363945
-0.128591
-0.0687936
-0.164869
0.0564261
0.0488812
0.170396
-0.0840552
0.0212237
-0.134445
-0.375707
-0.00390127
-0.157788
0.0596004
-0.272988
-0.0326321
0.191125
-0.205498
0.0185765
0.0913424
0.0485144
0.0142866
-0.0031597
-0.0367498
0.0410092
0.0215091
-0.118705
0.0241158
0.0924941
-0.0501101
0.0161507
-0.0740541
-0.135002
0.0387496
-0.131961
-0.0338181
0.0236805
0.0925077
0.0626575
0.0523581
0.102299
-0.142116
0.0154062
0.0888669
0.0965095
0.102447
0.0806889
-0.0333075
0.0143666
0.114622
-0.0621136
0.0113911
-0.00940403
-0.0667045
0.0381853
-0.0581285
0.0381635
-0.182718
-0.0437128
-0.017274
0.26531
0.127275
0.051588
0.0989467
-0.151576
0.0744769
0.0267078
-0.0112327
0.152055
-0.16508
0.0600683
0.122786
0.158655
-0.0402919
0.106217
-0.0696433
-0.0737845
0.0185112
-0.0458751
0.0110404
0.0312617
0.0569032
0.129227
-0.0326637
0.0146341
0.00684264
0.078646
-0.109438
-0.10503
0.122572
0.0339328
-0.020847
0.0172142
0.0342306
-0.182802
0.19455
-0.00469016
-0.109717
0.206509
-0.0227881
0.140157
0.125011
0.0837358
-0.1977
0
0.09093
0.0607709
0.0139462
-0.0678663
0.138175
-0.137366
-0.0412604
-0.0912553
0.116148
0.0266955
-0.252815
0.047089
0.157814
-0.0186594
0.13707
0.108547
0.0469086
0.18489
-0.105671
0.0376083
-0.0216216
0.012373
0.00975829
0.0888641
0.00493345
-0.061124
-0.00942129
-0.265724
0.0359203
0.0648917
0.112254
0.108058
-0.0896016
-0.00345379
-0.162219
-0.0492736
0.052075
0.0814498
-0.0804124
-0.00991114
-0.21703
0.230468
0.000362921
0.0937099
0.0689795
-0.131975
0.0131884
-0.0205133
0.0756608
-0.017126
-0.0322592
-0.0784629
-0.0304979
-0.00161688
-0.257131
-0.00290836
-0.00116001
0.0771768
-0.0109863
0.144773
0.0389801
-0.205371
0.115094
-0.0953373
-0.116741
0.00962976
-0.121579
0.090882
-0.0117832
0.0473363
-0.0188107
0.0470052
0.0126046
0.0519286
0.0239159
0.00685042
0.275921
0.114468
0.00445767
0.0596636
-0.108688
0.0701627
-0.111461
-0.0293601
0.0144502
0.0416337
0.119982
0.0433089
-0.0963752
0.02851
0.0467236
-0.108158
0.108495
0.0409766
-0.0593044
0.0879371
-0.06222
0.0437508
0.0375568
-0.136402
0.0793495
-0.10543
0.00329776
-0.165405
0.0605362
-0.0687646
0.00815926
-0.0910094
-0.0905431
-0.124739
-0.08023
-0.123647
0.0130294
-0.121446
-0.0714302
0.0850605
-0.239317
-0.507862
0.254793
0.354049
0.32565
-0.00719115
-0.124033
0.11478
-0.0187856
-0.238532
-0.108201
0.192521
0.0907495
0.159959
0.176671
0.0277932
-0.0617875
0.0534506
0.0531839
-0.148577
-0.0208864
0.0200532
0.0123491
-0.0124732
0.0295984
0.11445
0.192528
0
0.00894405
0.0105615
0.0420496
0.108681
0.0334636
0.122099
0.0739766
0.099689
-0.0963462
-0.0379239
0.104842
0.0563792
0.0297492
0.202355
0.0796864
-0.163345
0.000721018
-0.0239335
0.0990345
-0.0467821
0.0132519
0.100729
0.151714
-0.0293696
-0.0552329
-0.0250569
-0.0866182
-0.10907
0.0337078
0.00306889
0.131221
0.0521983
0.0474463
0.0566214
0.0115155
0.0162264
-0.0960356
-0.163891
0.0498122
0.0454731
0.129676
-0.0110548
0.0195514
-0.0798131
-0.049721
-0.128828
0.105427
0.0691924
-0.129853
0.105885
0.0260035
0.0119368
-0.0707171
0.0423147
0.0777502
-0.140146
0.113287
-0.17236
-0.290088
-0.060767
0.0847068
-0.0911855
-0.0311199
0.0351983
0.0120775
-0.0231162
-0.092172
0.0348256
-0.0432849
-0.231167
-0.0832445
0.088705
0.0866438
-0.100786
0.00730328
-0.0419173
0.00975319
0.0941375
-0.112131
0.065411
0.0481407
-0.0213126
0.0142417
-0.0518483
-0.187619
-0.0205078
-0.00159797
-0.00891511
0.0402374
0.0183039
-0.186131
-0.181464
-0.23782
-0.249449
0.138527
-0.179258
-0.205602
-0.046827
-0.404343
-0.371605
-0.260116
0.237358
-0.0688202
0.166264
0.162276
0.233415
-0.142127
0.00512827
-0.0201634
0.279838
0.13086
-0.169418
-0.0633116
0.156827
0.187859
0.0708986
-0.0175626
0.249042
-0.0071263
-0.0476577
-0.157425
0.025788
0.204075
-0.0151671
-0.0951305
0.0499601
-0.101044
-0.179253
0.0823892
-0.113509
0.00923593
0.138079
0.0877252
-0.17253
-0.0132726
-0.00867811
-0.0860886
0.0834837
-0.0544916
0.18456
0.0225473
0.08618
0.188967
0.0303883
0.00819972
0.0529242
0.0966721
-0.065373
-0.0946907
-0.0315789
0.105445
-0.00818451
0.0675456
0.182539
0.0546245
-0.00689622
-0.00675864
-0.0846734
-0.177079
-0.0554011
-0.226529
0.211164
0.0443951
-0.0500803
0.104666
0.238625
0.00714616
0.0810932
0.0593487
-0.10307
-0.044109
0.025946
0.0476848
-0.0572136
-0.0644553
-0.12865
0.0740941
-0.0279034
0.0814051
0.0430979
0.0740987
-0.231733
-0.0790667
0.0427414
0.00496948
0.0963965
-0.0559166
-0.0280307
-0.0882018
-0.463035
0.126678
0.164501
-0.590599
-0.345579
-0.25604
-0.107306
0.0723589
-0.0376642
0.150623
0.109005
0.0292238
-0.012898
-0.0818346
-0.0460526
-0.037229
0.0726841
-0.0317771
0.137456
0.137209
0.0175895
0.00693844
0.00457593
0.166169
0.00204141
-0.109534
-0.0108653
0.0199974
0.06413
0.0387887
0.0538438
-0.0282393
0.0322191
0.0647939
0.0811247
-0.0329591
0.000311627
0.113293
0.0353702
-0.123667
0.0295836
0.0464776
0.123726
-0.0738369
-0.0844223
-0.0109759
-0.0809579
-0.0851628
0.00917271
-0.0213109
0.00900655
0.0652468
-0.0483003
0.0108889
-0.0634755
0.0790414
0.0956876
-0.0198936
0.010681
-0.0607356
0.0437457
0.0272126
-0.00246729
0
0.0608244
0.0763188
-0.110075
0.0758259
0.0772783
0.00677214
0.0419232
0.0295999
0.0367969
-0.0935897
0.017085
0.0246438
-0.0685759
-0.020087
0.0361315
-0.0674413
0.0738824
-0.046457
0.0463617
-0.0527562
0.0312251
-0.0589753
0.0120339
0.0112531
-0.140951
0.0501825
0.0131195
-0.150639
-0.036507
-0.243472
0.0177843
-0.0102881
-0.0842724
-0.178499
0.0254659
-0.0607876
0.0610557
-0.315865
-0.0336715
0.131397
-0.113321
-0.199591
-0.423225
0.0732761
0.169398
-0.0624752
0.0941632
-0.156941
-0.27731
0.207543
-0.192751
-0.0690329
0.143353
0.0356333
-0.0978274
-0.326502
-0.249907
-0.376168
0.222696
0.0950077
0.129877
-0.0509465
0.311028
-0.0909294
0.0635317
-0.106884
0.129355
0.0391095
0.0487312
0.0352055
0.022356
0.232871
0.0599813
0.1795
-0.0226119
-0.0295902
-0.091638
0.0576683
0.0590714
-0.065736
0.0363108
-0.0165535
-0.124287
-0.126812
0.0759985
-0.094217
-0.338342
-0.0627637
-0.0903961
0.0938575
0.082267
0.14997
0.15616
-0.200168
-0.151706
0.039801
0.159737
-0.315304
-0.134395
0.0103088
-0.235168
-0.216873
-0.0200764
0.247717
-0.0476181
-0.400193
0.0638309
0.162403
-0.129169
-0.0856608
-0.248288
-0.0395054
-0.309628
0.0660514
0.477517
-0.0418165
0.352335
-0.100355
0.195442
0.151937
0.0358143
0.056449
-0.0578791
0.177658
-0.0791393
0.114807
-0.160694
0.00826299
0.335382
0.0649657
0.393043
-0.171233
-0.108183
-0.0413163
-0.0799665
0.00737323
0.149722
-0.0136498
-0.0551598
0.0495831
0.102024
-0.0315459
-0.0961714
0.126682
-0.0888174
0.0671423
-0.0560288
0.0668146
0.080365
0.0981368
0.0272281
-0.181642
-0.0291566
-0.183928
-0.0796575
-0.142146
0.0318215
0.138395
-0.230156
-0.255299
0.055107
-0.0415924
-0.148671
0.0510602
0.0641867
-0.02465
-0.0330696
0.0287645
-0.0564856
0.282332
0.136624
0.0550575
-0.0137121
-0.0607836
0.0116098
0.0782955
-0.0669152
-0.0191187
-0.161998
-0.0256888
-0.110081
0.0405374
-0.00436717
-0.068048
-0.0964985
-0.0528748
-0.260596
-0.0385163
-0.0912655
0.35779
0.0467777
0.220418
-0.315007
-0.0588275
-0.128983
-0.10189
0.0461394
0.106245
-0.0873495
0.0632971
0.0415391
0.0607978
0.0969954
-0.0614578
0.0777813
-0.0580503
-0.0968636
-0.270749
-0.102402
-0.0496006
0.152503
0.0219022
0.0410919
-0.086875
0.0433607
0.0468437
0.0365498
-0.105644
-0.104185
0.212936
0.15913
0.0121977
0.142846
0.064835
-0.0146903
0.263044
-0.10815
-0.102419
0.141381
-0.0702917
-0.109954
-0.124379
0.0786217
-0.00500159
0.0640732
0.0648377
0.116404
-0.0395749
0.0534704
-0.0969308
0.0547906
0.051713
0.12425
0.130881
-0.0371857
-0.010619
0.165769
-0.0468857
-0.0785386
0.0745858
0.044889
-0.0307994
-0.0420658
0.161738
0.191699
-0.0117414
-0.0890735
-0.0273072
0.0289605
-0.0479632
-0.0495579
0.106598
0.0453524
-0.22925
0.00689272
-0.0269346
0.124508
-0.00166496
0.0051347
-0.0504294
-0.0164339
-0.0558217
0.00170838
0.257285
0.0446658
0.0503553
0.0115141
-0.0705055
-0.149791
-0.0653938
0.102627
0.0190649
0.0779289
0.186817
-0.081937
-0.119105
0.0530085
-0.0763983
0.0220726
0.0600476
-0.204164
-0.0184228
0.0532276
-0.0347111
0.036183
-0.0239045
0.0232036
0.110204
-0.0474366
-0.0131962
0.113295
0.0760244
0.100618
0.0335932
-0.093688
0.0759586
0.0346187
-0.0826482
0.00120072
-0.0609655
-0.0713201
-0.0504914
0.0601281
-0.04588
0.110139
0.0551956
0.027902
-0.0383769
-0.0841963
-0.0958762
0.12037
-0.0438889
0.0461935
0.00417433
0.0331275
0.038454
0.00613441
0.0380578
0.11886
-0.0176143
0.0857938
0.0112998
0.0615591
-0.0918385
0.0684845
0.0143004
0.103299
0.0387211
-0.0869242
0.0795738
-0.0438027
0.0848008
0.0647901
-0.0493997
-0.101172
-0.0521001
0.00197098
0.061039
0.10285
0.198294
0.000316775
-0.115184
0.0305021
-0.105617
-0.0286676
-0.142416
-0.00854276
-0.0828701
-0.0849441
0.0259058
0.00126686
0.067467
0.058262
0.0102657
0.0239343
0.140173
-0.00917026
0.0632008
0.0592434
0.0922697
-0.0599517
0.00682068
-0.0199439
0.0390214
-0.0480283
-0.0850597
0.00191194
0.0208572
0.0824651
0.109754
0.0389931
-0.0193936
0.0118713
-0.0240088
-0.081373
0.0150925
0.0918613
-0.0315499
0.0168894
-0.0235143
0.00931566
0.0122464
-0.143483
-0.0351796
-0.0456467
-0.0744095
-0.00677236
0.0366846
0.0860612
0.0439678
0.047886
-0.00926202
0.117144
0.00213743
-0.00555407
0.0161297
-0.0393435
0.0526257
0.0362428
-0.110009
0.00888243
0.0345076
0.0699718
-0.0810693
0.0527969
0.0733302
0.0564453
-0.00263845
0.035581
0.0567411
0.0473377
0.00367899
0.10498
0.050309
-0.00884791
0.0462149
0.116355
0.0291192
0.0868523
0.0186607
0.206639
0.0519277
-0.00123144
0.036028
-0.0444248
0.0148176
0.0800547
-0.0434084
-0.0311947
-0.0524811
-0.290639
0.0461715
-0.0512452
-0.0732176
0.0164089
0.0265483
-0.0136097
0.0379313
0.116039
-0.0928526
-0.0460933
-0.0699662
-0.0238941
0.00507683
0.00616409
0.149992
0.132762
-0.127279
0.118974
-0.247399
0.020944
-0.00145933
0.0424504
0.154766
0.0932515
-0.0161053
0.0102988
-0.0160186
0.0397404
-0.00174036
-0.0936213
-0.151167
-0.0169296
-0.0515731
-0.0207039
0.102076
0.0346079
0.0543758
-0.153792
0.0817263
-0.0341202
0.174267
-0.0154667
-0.0128041
-0.00160409
0.00639549
0.080089
0.20607
0.0274987
0.077124
0.0329539
-0.0574661
0.064055
-0.0552326
-0.0428633
-0.0430854
0.0531885
0.0922289
-0.0566226
0.111363
0.128112
-0.0155199
-0.0133219
-0.111343
-0.0239133
-0.17771
-0.0336539
-0.109992
-0.0432314
0.0775608
-0.304005
0.162083
-0.129042
0.137593
-0.062727
-0.0568473
0.0912915
0.101499
-0.124868
0.0275962
-0.00173701
-0.0483325
0.124055
0.0145672
-0.0675978
0.0631782
-0.00606819
0.035877
0.0611921
0.0621392
0.037865
-0.0231384
0.00240844
0.025385
-0.0915073
0.0490815
0.00440893
0.021508
0.040332
-0.0288349
0.050528
0.0213107
0.0153298
0.00619601
0.135533
0.00631057
0.024361
-0.047311
0.00970048
-0.0437818
-0.0401589
0.0332216
0.0395848
0.0128236
-0.0194255
-0.038983
0.000812544
-0.0282562
0.0138607
0.00318025
-0.0450801
0.0792593
-0.222813
0.0540345
0.0273006
-0.159672
0.103831
0.0295333
0.0396033
0.0187186
0.0135324
-0.0629963
0.0131321
-0.206122
-0.0724748
-0.0337347
0.145331
0.114669
-0.0351661
0.0861514
0.0706485
-0.0839883
0.0486333
-0.0117444
0.0452056
0.0201454
0.00229763
0.0922645
0.0388413
-0.0136139
-0.0197035
0.163954
0.00279713
0.0268667
0.0106115
0.0635941
-0.00796964
-0.0376646
-0.0182295
0.031732
0.0626471
0.026143
0.0109703
0.0400513
0.00432839
0.0746825
-0.0302703
-0.0723411
-0.0109346
-0.0125798
-0.00987619
0.0611959
-0.0907227
0.0538267
0.100353
0.0175011
-0.0523137
-0.017099
-0.0746427
0.0365321
-0.0288029
-0.0231521
-0.0427997
-0.0127916
0.0109141
0.0766882
-0.0842553
0.0322498
0.0961831
-0.0669001
0.0223498
0.0732715
0.105303
-0.0956709
0.0735948
0.0950073
0.080492
-0.0304143
0.134774
0.0658513
0.0269333
0.0525448
0.00759864
0.085363
0.144139
-0.114837
0.0298432
-0.00148427
-0.0873821
-0.00321163
4.99296e-05
0.0140204
-0.0115242
-0.00436037
0.0561564
-0.112061
0.0788997
0.100372
0.042855
-0.0312371
-0.059249
0.0280787
0.0341588
0.0339771
0.0120519
0.0493802
0.0394881
0.0258836
-0.0243287
-0.0226023
-0.0226535
0.0424697
-0.0251256
0.0764616
0.0112113
-0.0220318
0.171834
-0.0460676
0.0575752
0.0954478
0.0695515
-0.0309632
0.03464
0.0378883
-0.0261504
0.112228
-0.00221564
0.0816382
-0.031675
-0.0512097
-0.0716659
0.0533812
-0.0132684
0.0483449
-0.0745632
-0.0714589
0.132108
0.0236044
0.0567234
0.0774162
0.0241872
-0.0325961
0.0620289
0.0352774
0.10423
0.0357221
0.0404464
-0.0212368
0.0435319
-0.0187133
-0.0197377
-0.0206645
-0.124113
-0.0465209
0.0358184
-0.612448
0.0976305
-0.0870169
-0.0037119
-0.0177182
-0.06574
-0.0125243
-0.0961818
-0.0986085
-0.019359
-0.0375109
0.0725398
-0.101849
0.0562795
0.0312777
-0.00246056
0.00108272
0.0125084
0.0435179
-0.0539104
-0.0844739
-0.101755
0.0738302
0.00283578
0.057619
0.0919465
-0.00799101
0.0532833
-0.0154601
-0.0214395
0.0894476
-0.0466144
-0.117487
-0.171907
0.0508763
0.00262938
-0.0306636
-0.0323485
-0.0442702
-0.0272839
-0.162576
-0.0608134
0.0566643
0.104011
0.154258
0.14159
-0.0362805
-0.0312691
-0.0146413
-0.0436024
0.0702295
-0.0122347
0.00268695
0.0440987
0.140604
0.0279469
-0.00313384
0.0980139
-0.00743248
-0.00977359
0.0302077
0.0227963
0.0363249
-0.0762888
0.128934
-0.0313052
0.0276993
0.0631929
-0.046461
-0.00377573
0.051184
0.0617077
0.0226453
-0.0170145
0.0102811
0.0832064
-0.0536446
0.0205323
0.0358149
0.0574676
0.00864342
-0.031043
0.0320303
0.0372318
0.0525166
0.024371
-0.00259308
-0.0475418
0.0317248
-0.0991653
0.068866
0.0818721
-0.00929209
0.0192589
0.018555
0.00107614
0.0532677
0.143658
-0.031703
0.0834025
0.049845
-0.0465339
0.0165092
0.00595907
-0.0180208
0.00107833
0.0601133
-0.000440478
-0.0429073
-0.103103
0.0361389
0.00684126
0.0221241
0.043085
-0.0180858
-0.0494824
-0.0619193
0.0296084
-0.0381673
-0.0351338
0.0138767
0.01127
0.00502474
-0.0431664
-0.0298955
0.00636855
0.0338823
-0.0284654
0.0443528
0.0254122
0.0730786
0.00203142
0.109015
-0.0183782
0.0239789
-0.0199246
-0.0419153
-0.0932148
0.00654789
-0.019269
-0.0557972
0.0220093
0.0492329
-0.0962598
-0.0858372
0.0918609
0.0990425
-0.00435765
0.0913059
-0.00431992
0.0851978
0.00270467
0.0733315
-0.00243816
-0.0868249
-0.00990234
-0.0463901
-0.00845505
-0.0601721
-0.116221
-0.0360915
-0.0171598
-0.0395842
-0.201712
0.0214944
-0.154555
0.140704
0.0834173
0.0245221
-0.146943
0.0173862
0.170957
0.105806
0.0604831
0.0663018
-0.0896147
0.0467207
0.0273864
0.00840352
0.0261173
0.0621601
0.00726249
-0.000706867
-0.0314619
-0.0282125
0.0836652
0.00703481
0.0512822
0.102404
-0.0478671
0.0116582
0.00316264
-0.0331268
-0.0154093
0.116062
0.0879453
0.0417432
0.0495119
-0.00843799
0.0629854
0.0642415
0.00497729
-0.00216677
-0.03253
0.0416552
0.132705
-0.056064
-0.0514884
0.0687447
-0.0274495
0.101894
0.043896
0.0474204
0.0222682
0.0893879
0.0702098
-0.0172419
0.0223058
0.0431728
-0.128034
0.0957417
0.0368664
0.00542258
0.0253726
-0.0154919
-0.0876189
-0.0114556
-0.0463852
-0.0265005
0.0316037
0.0204809
0.0634886
0.126453
-0.0269392
-0.00497075
0.0593682
-0.00398376
0.0650792
-0.0185303
-0.0882697
-0.0715242
0.102614
2.63286e-05
0.0259526
0.0157831
0.0436378
0.0886751
0.0364421
0.0373501
0.00776641
0.0881134
0.0893358
0.0140714
0.0411681
-0.0605356
-0.0156019
-0.0362204
-0.0846828
0.063792
-0.0496475
-0.0756698
0.11525
0.0206706
0.0904868
-0.0643762
0.0731638
-0.0446595
0.0687326
0.0515405
-0.0185
-0.0717766
0.0372316
0.0858289
-0.0417051
-0.0971113
-0.0363418
0.128109
0.0738016
-0.00683339
-0.0793529
-0.00108798
-0.00333972
-0.0931598
0.0100086
-0.107742
-0.0275174
0.0457736
-0.0579923
0.0224811
0.00529962
0.0813121
-0.103436
0.0915505
0.0439987
-0.0415901
0.0527046
-0.0075555
-0.0310007
-0.00910487
0.0854537
0.0449934
-0.0114735
-0.0362334
-0.0903697
-0.151344
-0.111876
0.140078
-0.159661
-0.118234
0.0031405
-0.292131
0.200839
-0.078972
0.0787057
0.186388
0.035406
-0.110216
0.0145783
0.0462911
0.0494382
-0.501862
-0.0189961
-0.137956
0.160594
-0.156839
-0.336661
0.0848416
0.415117
0.00984396
0.134934
-0.0731114
-0.0273356
-0.0142414
-0.0418053
0.0944855
0.013855
-0.0403168
0.0573314
0.163917
0.0473183
0.00983371
-0.0529087
0.0825234
0.0213311
0.0681147
-0.109369
0.0323923
-0.169504
-0.223881
-0.138269
-0.0178537
0.282783
0.106835
-0.121173
0.0942186
-0.0816535
0.00610087
0.114627
0.0285692
0.0078489
0.0261806
0.158106
-0.0582721
0.152235
-0.127431
0.0630971
0.0746538
-0.0982425
-0.0732738
0.0591357
0.0997544
0.0526651
0.0437943
-0.0390004
0.0259144
0.02095
-0.023996
0.0365552
0.0840343
0.0552584
0.0964582
0.015137
0.0482577
0.0582757
0.0497643
-0.016811
-0.0400739
-0.08481
-0.0643622
-0.0540586
0.0414983
0.0518725
0.0313588
0.0607642
0.0314422
-0.0192717
0.148682
-0.00658523
-0.0695431
-0.00229737
0.0393265
0.00200693
0.0284941
0.0341299
-0.0125446
-0.0587463
0.108213
0.0533329
-0.027948
0.0881755
0.0944436
-0.0551129
0.0895704
0.00476424
0.0788176
-0.0263603
0.0310615
-0.000785325
-0.034639
-0.00846075
0.0488066
0.00428679
0.0413562
0.0139493
-0.0367857
0.0766268
0.00885782
-0.0708148
-0.0279683
0.100973
0.10321
-0.0175835
-0.015992
-0.00712471
-0.0390515
-0.00443971
0.0889835
0.0769334
0.0190901
-0.00328136
0.0951638
0.0161398
-0.0055381
-0.0301595
-0.14345
-0.138649
0.128491
-0.049473
-0.0791222
0.0763614
0.0526114
0.165991
0.0481503
-0.0109392
0.0235113
0.0289908
-0.00858236
0.148979
0.143583
-0.00497831
-0.00566462
0.0939079
0.0194125
-0.00349941
0.0538154
0.0854158
-0.0389224
0.136866
-0.117805
-0.0335697
0.0407494
-0.100698
0.0461649
-0.0758824
0.00654951
0.0223006
0.0576966
-0.109622
-0.0192236
-0.00674349
0.125863
-0.0529622
-0.023826
0.133192
-0.0748062
-0.0693685
0.0235733
-0.0369149
-0.0896228
0.156581
0.148574
0.0812254
0.0333168
-0.0104954
0.0231024
0.110624
-0.04023
0.0318406
0.127182
0.0995145
-0.0219101
0.0419539
0.027992
-0.0126319
-0.0339343
-0.0245401
-0.0261482
-0.358676
-0.134656
-0.143553
-0.0199561
-0.186988
0.110128
0.130185
0.258055
0.0199615
-0.0284164
-0.103905
-0.412108
0.11407
0.0687438
0.101916
0.0413298
0.0543639
0.139603
-0.0333098
-0.0677375
-0.0743605
-0.116902
0.150954
-0.0376133
-0.0371129
0.0644666
-0.0463898
0.0647328
0.119769
0.0274181
-0.00524312
0.0501104
0.105855
-0.00361808
-0.0690245
-0.0322752
0.105577
-0.00225713
-0.132921
-0.0322349
0.0612837
-0.136979
-0.000147827
0.0195364
0.201074
0.143455
-0.0211594
-0.125136
-0.103938
-0.0701176
0.0761916
-0.0110654
0.0372707
-0.0473969
0.0141884
0.0934334
0.113739
0.0589657
0.121128
-0.0364053
-0.00566691
0.013285
-0.00782974
-0.0726131
0.00691268
0.109577
-0.251494
-0.250455
-0.047179
-0.0523578
0.102639
-0.0736781
-0.0553552
0.156952
0.161248
-0.0167953
-0.0490134
0.0716354
-0.170431
-0.112279
-0.0119486
-0.000330334
-0.158426
0.0732952
0.00161195
0.0271599
0.0376505
0.0527498
-0.0655265
0.102479
-0.0192649
-0.159002
-0.120104
-0.0255632
-0.0165822
0.0601053
-0.0403978
-0.049122
0.0659988
-0.154898
-0.0138897
-0.207478
-0.123814
-0.28356
-0.142328
-0.122278
0.365765
-0.0953572
0.247693
-0.115223
-0.143841
0.176191
0.309346
-0.21924
-0.415843
0.197845
-0.102372
-0.0603709
-0.3884
0.0612371
0.0536033
0.0466027
0.148403
0.0494292
-0.0291623
0.102352
-0.261891
0.0995083
0.0491448
0.098809
0.0456288
0.0892637
-0.232704
-0.0142905
-0.144296
-0.170815
0.137259
-0.0655878
-0.00396009
-0.35539
-0.413238
0.141544
0.454396
-0.216795
0.0953145
-0.107368
-0.229673
0.00957675
0.229944
0.115702
0.126197
0.322022
0.147696
0.0521122
0.0793494
-0.0412835
-0.0630511
-0.0907029
-0.159979
-0.200275
-0.111888
-0.0536661
0.115545
-0.12776
-0.111455
-0.190539
0.159381
-0.0232516
0.0376986
0.106516
0.00671347
-0.0411909
0.09657
-0.211238
-0.169547
-0.207722
-0.064317
-0.305323
-0.197236
0.113964
0.0423304
0.0538155
-0.243907
-0.0601882
-0.0182493
-0.292326
-0.17356
-0.390899
-0.085435
0.434274
-0.0431176
0.0721963
0.397597
0.0658338
0.350958
-0.226167
-0.23464
0.127352
0.231999
0.148618
0.177259
-0.0777987
-0.0171063
-0.3908
0.0999097
-0.271226
-0.101968
-0.00965058
-0.0370044
0.180303
0.0885748
-0.124139
0.0746276
-0.023867
0.0278369
0.0403002
-0.00663377
-0.16955
0.042636
-0.303299
-0.0876147
0.053907
0.101007
-0.378079
-0.0158951
0.0293299
0.0710071
-0.426379
0.369758
-0.0105337
0.486681
-0.0780738
-0.17769
0.117397
0.0531467
-0.136213
0.259841
0.100691
-0.434101
-0.0630191
-0.180163
0.125007
-0.0746596
0.241299
-0.0781351
-0.091885
-0.0887999
0.0811007
0.0197182
-0.00898997
-0.0600636
-0.151968
0.220502
0.281651
-0.0817881
-0.236762
-0.160817
-0.195695
-0.1406
0.278906
-0.312414
-0.0361039
-0.0903756
0.0833113
0.168659
-0.308613
-0.116474
-0.474571
0.303712
-0.0995596
0.532092
0.270279
-0.165035
0.0383743
-0.153381
0.0393192
0.372462
0.218939
-0.361004
0.0488284
0.0587694
-0.0934487
-0.147866
-0.0510354
-0.173379
-0.180962
-0.0547975
0.261405
0.00119385
0.233506
-0.0383672
-0.189695
0.0417865
-0.0851927
0.141738
0.204376
0.0125349
0.0382523
0.212446
-0.131416
0.113329
0.0304969
-0.0794179
0.0887615
-0.176812
0.0274134
0.0494201
0.0078734
0.0484265
-0.211779
-0.277959
-0.00940024
-0.131435
0.0798369
-0.00991617
0.0202146
-0.0371243
0.0130943
-0.229795
-0.07835
0.13145
-0.325446
-0.294043
0.00262443
-0.20179
0.0913607
0.0857357
-0.0979695
0.0867477
-0.241457
0.0065785
-0.042353
-0.13189
-0.19741
0.237205
-0.348177
0.123349
-0.163903
-0.260999
-0.371438
0.0860447
-0.141553
-0.00915449
-0.418771
0.268223
-0.210231
-0.59747
0.189171
-0.326422
0.208394
0.498935
0.461357
0.333613
-0.301831
0.496001
-0.401582
-0.163701
-0.541344
-0.074227
-0.317256
-0.159396
-0.66662
-0.000342329
0.768037
0.18903
-0.288869
0.317182
0.384294
-0.257341
-0.378367
0.222344
0.234281
-0.135415
-0.475727
-0.0837924
-0.220548
0.36519
-0.0892739
0.0600798
0.0754632
0.258602
-6.67418e-05
-0.0395002
0.28008
-0.180758
-0.171997
-0.372355
0.648104
-0.0223491
-0.358796
-0.203109
0.0814586
-0.325921
-0.376698
-0.483168
-0.279714
0.973309
-0.395277
-0.613403
0.094433
0.134851
-0.108818
-1.39636
0.757756
0.25213
0.486817
0.310895
-1.04345
-0.741114
-0.770728
-0.0544962
-0.563828
0.245019
0.269673
-0.65894
-0.368162
-0.0273484
0.220462
0.469629
-0.667069
-0.0585947
-0.225754
-0.324504
-0.179177
0.613109
0.33327
0.894757
-0.0139396
0.16308
-0.0493577
-0.874619
0.0822337
0.0940468
-0.151023
-0.289014
-0.20628
-0.00388881
-0.393766
-0.47966
-0.139612
-0.446019
0.0427073
0.596287
0.00750743
0.0300948
0.208759
0.0543133
-0.126102
0.037072
-0.145852
0.0920112
-0.0859635
0.567568
0.185926
-0.050478
-0.232569
-0.374339
0.023525
-0.153143
0.194595
-0.362491
-0.258917
0.0194372
-0.110803
-0.0459765
0.03933
0.0182246
-0.0312748
0.320135
0.334815
0.465707
0.00156408
0.0743351
0.169021
-0.167659
-0.00613481
-0.562167
-0.063635
-0.0952207
-0.771536
-0.192039
-0.234597
0.254304
0.190743
0.125979
0.116574
0.463887
-0.49096
-0.070101
0.0532458
-0.0112383
0.314253
-0.0346287
0.31242
0.0622982
-0.134471
-0.153152
-0.202593
-0.0640308
-0.406182
-0.275534
-0.0737426
-0.0174956
-0.440562
-0.129169
-0.0757041
0.0901335
-0.0134537
0.117448
-0.45971
-0.0850603
0.418832
-0.14244
-0.351559
-0.172016
0.354983
-0.19436
0.222824
0.122186
0.385237
-0.0489516
0.12025
-0.053462
0.223157
0.080614
-0.114267
0.0923334
0.109146
-0.0715082
-0.174393
0.298868
0.409994
0.337283
-0.144085
-0.126876
-0.12151
0.162928
0.266317
0.171268
-0.328852
0.360783
0.115534
-0.298693
0.0388285
0.246385
-0.114947
0.010373
0.0331545
-0.127193
0.416581
0.475257
0.30465
-0.0785867
-0.348045
0.327069
-0.289998
0.0416842
-0.458742
0.256538
0.285814
0.0424523
0.379745
0.0440368
-0.158778
-0.0623704
-0.0171015
0.0163601
0.186334
-0.210717
0.11567
0.344801
0.120526
0.103002
0.173895
-0.225943
0.101307
0.115492
0.0882563
0.0492093
-0.305826
0.0243049
-0.363705
-0.0439093
0.151034
-0.403883
-0.0935875
0.284855
-0.196115
-0.0390497
0.120256
-0.065489
-0.0543587
-0.0960228
0.103191
-0.359709
0.192464
0.0479092
-0.0945316
-0.243306
0.127671
0.115142
0.149509
0.0202342
0.0727576
0.144311
0.0310809
-0.0639061
0.34779
-0.0876572
-0.116689
-0.0456526
0.00239271
0.144669
-0.0279427
0.263873
0.0533864
-0.159258
0.100217
0.0595616
-0.0508716
-0.0672387
0.156181
0.194215
0.00718647
-0.31941
0.0240066
0.0392228
0.234198
0.164905
0.0433995
0.138663
-0.103833
0.163585
0.156587
-0.0613072
-0.193945
-0.205274
0.00987751
0.200401
0.0930419
0.248341
0.102157
0.0405349
0.213423
0.0487805
0.107889
0.165881
0.307342
-0.0424883
-0.248787
0.0467172
0.0550514
-0.267291
-0.0137669
0.0654348
0.0252701
0.0214131
-0.129444
-0.224826
0.00683803
0.19214
0.0454401
0.153226
-0.046929
0.0637506
-0.280906
0.146166
-0.0117753
-0.158088
0.0835621
-0.047259
-0.0783628
-0.220785
-0.113948
-0.165974
-0.115011
-0.674548
0.269401
-0.242715
0.0222309
-0.215812
0.39091
0.140839
0.0224683
0.140597
-0.209611
0.0265274
-0.00946598
0.103034
-0.100362
-0.196484
0.0225622
-0.133458
0.0281698
0.139979
-0.116293
-0.0331484
-0.287757
0.191443
-0.134686
0.148627
0.128105
0.109776
0.233726
-0.0795189
-0.312605
-0.0627931
0.0730581
0.175612
0.0101102
-0.0235493
-0.0220958
-0.0569543
0.0956669
0.0971966
0.255852
-0.0145206
-0.128632
0.229999
-0.154448
-0.123672
0.404588
-0.0850672
0.0532841
-0.0567032
0.0334243
0.0612581
-0.148565
0.110327
0.0742094
-0.0412635
0.0326448
-0.0212247
-0.0454024
-0.139132
-0.0260778
-0.0690903
0.00165767
-0.219427
-0.00993357
0.0949305
0.0175235
0.112895
0.0328777
-0.24748
-0.209512
0.0627072
-0.0828998
0.130717
-0.0897166
0.0205236
-0.13659
0.121279
0.187794
0.0571424
-0.00697332
0.0220823
-0.0799087
-0.111557
-0.153281
0.00139208
0.0851735
0.118303
0.0250651
0.0859215
0.1534
0.0152644
-0.0236034
-9.97103e-05
0.0498308
0.11041
-0.106475
0.066064
0.252006
-0.0600323
0.0626259
-0.0823942
0.194902
-0.0359004
0.172077
0.031305
-0.171344
-0.025717
0.0893598
0.209942
0.143791
-0.0735952
0.0228011
0.167389
0.00654283
-0.0695184
0.137425
-0.0403412
-0.0134434
-0.0314183
0.128884
0.109387
-0.125541
0.280001
0.105439
-0.458126
-0.253288
0.346667
0.0741334
-0.427895
-0.208569
-0.245754
-0.418387
0.757009
-0.129673
0.118073
0.0161063
-0.434732
-0.0868845
0.173471
-0.426017
-0.330414
0.0197922
-0.00585386
-0.387108
0.363033
0.379616
-0.174795
0.0303068
0.117166
0.0315351
0.142272
-0.170488
-0.19721
0.309667
0.175895
-0.0735099
0.0273229
0.10703
0.0331548
0.0113817
0.0499838
0.00945433
-0.145069
-0.246648
-0.0822207
-0.105586
0.151095
-0.385632
0.00343968
-0.289419
0.169234
-0.0574375
0.297168
-0.226309
0.163296
-0.0372369
0.0534587
0.166758
-0.00563166
-0.191036
-0.123589
-0.12276
-0.00475176
0.188923
0.221945
-0.0666365
0.0994667
-0.0116108
-0.110362
-0.00264502
0.0158253
0.160571
-0.00232935
0.00499561
0.0141969
-0.113939
0.169118
-0.0831877
-0.276075
-0.0498344
-0.13964
-0.0392678
0.156539
-0.0109579
-0.184576
-0.167308
0.0893993
-0.595437
0.0601594
0.0974398
0.0298606
-0.00513298
0.132276
0.208148
-0.0572499
0.198136
0.0257178
-0.0875537
-0.0897774
0.0824435
0
0.12466
-0.0728634
0.00686695
-0.181002
-0.147212
0.101308
0.0579473
-0.13973
-0.0980104
0.0495514
-0.0590514
-0.0815109
-0.0153434
0.0716263
-0.0530141
0.0263736
0.154695
0.106599
-0.0730841
-0.0223062
0.0346525
-0.0503629
0.0721157
-0.12559
-0.047012
0.0373227
-0.0620703
-0.0400317
0.307635
-0.104793
-0.0241867
-0.0677166
-0.0316297
-0.0106524
0.00316712
-0.0239833
0.0611313
0.0444406
0.183689
-0.201182
0.0730618
0.198003
-0.218971
-0.159124
0.0111434
0.0793634
-0.169199
0.150049
0.305333
0.0829597
-0.150276
-0.34254
0.0829911
-0.117662
0.0454388
-0.0431036
-0.0350858
0.182081
0.210562
-0.0389207
0.0408827
0.170991
0.0637968
0.0972582
-0.0479105
0.0778436
-0.0543881
-0.0283299
0.0312888
-0.070263
0.0540841
0.143007
0.0342996
-0.0123801
-0.0179559
0.0354985
-0.0304245
0.0240836
0.00284179
-0.0558746
-0.0139827
0.0174666
-0.0224926
0.145391
0.0955051
-0.109002
0.0597367
-0.0218746
0.064185
-0.132586
-0.236464
0.0691178
0.166655
0.0571055
0.0864654
-0.0769851
-0.0759218
-0.131838
0.258819
-0.0837626
0.118407
0.162303
0.0866011
-0.0531991
-0.181827
-0.0160913
0.118292
0.0182534
0.00577499
0.0330413
-0.0810211
0.135438
-0.163708
-0.112653
-0.0541919
-0.0237241
0.145687
0.112132
-0.0585611
-0.127535
0.0299722
-0.0350391
0.0197396
-0.00649573
-0.10026
-0.0706491
-0.103543
-0.0853223
-0.265883
-0.123488
0.289216
-0.0198219
0.131386
-0.0571045
0.0192844
0.189744
0.0504451
0.0855554
-0.102956
0.034633
-0.041414
0.231514
0.0347453
-0.0136598
0.111879
-0.0557326
0.000910629
-0.11666
-0.0727717
0.10095
0.00234746
0.0355866
-0.175142
0.0828241
0.0485637
0.0649169
0.0668168
-0.0207187
0.0659085
0.051544
-0.0965658
-0.111903
-0.0566981
0.223218
-0.065946
0.10876
0.0675817
-0.0779683
0.00908887
-0.0657054
-0.0352
-0.0666108
0.0856523
-0.0430377
-0.19902
0.0540598
0.0306194
-0.025766
0.139466
-0.0380498
0.0448544
0.00582406
-0.0257458
-0.0784536
-0.0536721
-0.101928
0.13272
-0.169748
0.0769119
0.051062
-0.114739
-0.0811044
0.0755978
-0.047608
0.119372
0.000619086
-0.115467
0.0290092
0.0147329
0.0870175
0.102493
0.0381319
0.137506
0.0710851
-0.0414715
-0.145134
0.0282728
-0.0833606
-0.148126
-0.0453055
0.072645
-0.0615329
-0.0996524
-0.126385
0.0517811
0.0995235
0.0614388
0.140597
-0.0425173
-0.0853385
-0.131615
-0.0959221
-0.0137786
-0.231056
-0.170036
-0.266246
-0.361259
-0.154516
-0.451914
0.290513
-0.23179
0.162174
0.286557
0.113618
-0.0463169
0.112704
-0.444539
-0.143076
0.132601
-0.0572992
0.13137
-0.0825158
-0.0822146
0.169627
0.0570489
0.36018
0.0973202
-0.315135
-0.352018
0.0567391
0.287859
0.0182019
-0.322047
-0.256786
0.14851
0.203929
-0.014722
0.134448
-0.164283
0.146968
-0.196019
-0.325931
0.161861
0.151012
0.318389
-0.0740741
0.0402911
-0.0343769
0.0601021
-0.356355
0.206364
0.27481
0.0501893
0.109167
-0.126038
0.18676
-0.13522
0.12743
-0.0628937
0.0625865
0.0602511
-0.0808517
0.116205
0.232078
-0.136626
0.0423244
0.369454
-0.0381368
-0.113823
-0.436872
0.00689896
0.272686
-0.0658355
0.00221402
0.0826925
-0.0961343
0.00120223
0.131519
-0.0090137
-0.117248
0.0602327
-0.153219
-0.120137
-0.201549
-0.0460141
-0.124984
0.00354269
0.0369839
0.348883
0.0466456
0.466622
-0.143879
0.0398132
0.157867
-0.0653024
0.0336301
-0.124872
0.0744753
-0.110594
0.0419606
-0.152971
0.100419
0.06672
0.0266297
0.178126
0.0979448
0.0940693
0.100315
-0.0759504
0.0055898
0.196837
0.200268
-0.178581
-0.0537873
-0.00916576
0.146472
0.157189
-0.107254
-0.0950831
0.0346742
0.0222321
0.0274151
0.0278821
0.28329
-0.103861
0.013266
-0.075977
-0.0142725
0.135534
-0.0523971
-0.0594273
0.0602585
0.199311
-0.00821628
0.224162
0.0125586
-0.0484086
-0.0553689
0.0378125
-0.0539511
-0.0115482
-0.0155692
0.123242
0.000447017
0.139258
0.0983853
-0.0736667
-0.0531608
0.0121814
0.0927655
-0.0279744
-0.0315415
0.0847009
0.0940605
0.0835433
-0.121904
-0.294636
0.0511368
0.278371
0.090217
-0.175459
0.177173
0.0382446
0.125161
0.114063
-0.0712193
-0.0882915
-0.0209827
-0.111217
0.00536212
0.0334254
0.00973441
0.0230623
-0.162781
0.066801
0.11012
-0.0704116
-0.200949
-0.000874287
-0.191615
-0.00748285
0.178342
-0.0489646
-0.012995
0.1455
0.00685538
-0.044504
0.0686311
-0.219553
0.0506865
0.12332
-0.0142117
0.0904905
-0.0561
0.114401
0.0211332
-0.0488271
-0.279249
-0.180309
0.0382664
0.0563771
0.0688636
-0.222041
-0.0115664
-0.000842894
-0.191382
-0.0389056
0.0556793
0.185398
-0.172573
0.0650274
0.120685
0.0382531
0.126782
-0.127297
-0.0858499
-0.207133
-0.174577
0.243253
0.0234672
0.0207553
-0.0173698
-0.0445306
-0.0204212
-0.0555593
0.207874
0.00833643
0.0524315
-0.0152628
-0.0714381
-0.0651116
-0.0795128
0.0280948
0.131543
0.021404
0.243751
0.0404122
0.0879911
0.0907664
-0.0115653
-0.129999
0.00419054
0.0462313
0.0129729
-0.117589
0.0882344
0.128568
-0.0234992
-0.00198926
0.0654992
-0.0996268
-0.232501
-0.195102
-0.02895
0.18679
0.0804912
0.156749
-0.0827677
-0.081645
0.0132568
0.093001
0.0997196
-0.0764233
0.0404585
0.094071
0.0402276
-0.050116
-0.09811
-0.0662398
-0.0137554
0.105988
-0.0743407
0.109577
-0.122079
-0.033362
-0.0463292
0.0497748
-0.0317182
-0.00688239
-0.0676162
0.0958135
0.0309569
-0.046408
0.0568423
0.165732
0.107755
0.00426041
-0.0423475
0.00289233
0.0370647
0.123737
-0.0655768
-0.0417137
0.0418356
0.12537
0.0617115
-0.0444227
-0.05401
-0.127883
0.011038
0.0181357
0.00317189
0.0617123
0.0348825
-0.0273996
0.112086
-0.126633
-0.0917981
-0.0804535
-0.0274058
0.0297196
0.00925004
0.0807278
0.00650959
-0.0320387
-0.0690461
-0.0101587
-0.140371
0.0611567
0.088478
0.00583172
-0.0451689
0.0902574
-0.0245966
0.103237
0.0935227
0.122159
0.0497306
-0.145423
-0.0939125
0.0115408
-0.0787107
0.0703905
-0.179342
-0.118848
-0.0535055
0.130358
0.058837
0.013052
0.0277751
0.036005
-0.0398803
0.0205587
0.0352109
0.0967788
-0.0317403
-0.00513768
-0.0143935
0.0490292
0.121472
0.0222784
-0.0384276
0.062385
-0.0397715
-0.0410718
-0.00327501
-0.044333
0.0604573
0.162339
0.0259433
-0.0236411
-0.0435667
0.00794074
-0.0299886
0.0900212
0.173742
0.0640557
0.0545312
0.0072027
0.0410021
-0.0287809
-0.0121641
-0.0529691
-0.0503639
-0.0345574
0.0284066
0.07382
-0.0224481
-0.00566303
0.0275663
-0.0238864
0.145246
0.0654811
0.00396759
0.00424723
-0.0216488
-0.00560986
0.0745033
-0.0828534
-0.0378038
-0.0376913
0.114253
0.137116
-0.0763254
0.132211
0.15354
-0.00521512
-0.0464857
0.0062215
0.0631958
-0.0245076
-0.155521
0.194602
0.0386318
0.0645566
-0.0299151
0.0939511
0.0144435
0.127172
0.191857
-0.15079
0.00587904
-0.00752579
0.0579174
0.0468542
-0.0182799
0.137544
-0.162793
0.147341
0.0779589
0.0885667
-0.101759
-0.0149422
0.0167226
-0.0218697
-0.026542
0.114721
0.11247
-0.1129
-0.117844
-0.267259
-0.0312942
0.0637733
0.187837
0.0561679
-0.0911341
-0.0523298
-0.0378738
-0.0963802
-0.0321147
0.039701
0.0494186
0.259612
-0.0534935
-0.0197144
-0.104544
0.0554998
-0.0636091
0.0194719
0.0632287
0.129128
0.099131
-0.0465898
-0.035478
0.0435776
0.0100081
0.016767
0.0866832
-0.0317959
0.0181708
0.145814
-0.00792756
0.0210361
-0.0689319
0.0127123
0.0823607
0.0647266
-0.173767
0.0152543
-0.0704978
0.0477068
-0.106841
-0.147374
0.128807
-0.0402634
-0.149223
-0.0680048
-0.0182095
0.107793
0.0060765
0.0329987
0.0318759
-0.13521
-0.0165928
-0.260363
0.19913
0.170647
0.0790149
0.0137353
0.152092
-0.00646321
-0.0837772
0.203486
-0.170691
0.0522499
0.0720179
-0.0276854
-0.00415944
0.0410728
0.007667
-0.148664
0.0416588
0.204241
-0.0406188
-0.0209976
-0.0623196
0.170295
0.0168687
-0.106984
-0.0167065
0.0158486
0.0624622
0.161783
0.0747472
0.015334
-0.0113615
-0.0441423
0.103871
0.0859187
-0.0655611
0.043669
0.0110342
-0.153882
-0.0390346
0.0710556
-0.0730891
0.0182627
0.0751135
0.0154191
-0.0010414
-0.207494
-0.0564653
0.192602
-0.0110674
0.138694
-0.0447727
-0.160056
0.127423
0.0223899
-0.00381103
0.0982194
-0.0282431
-0.0392217
-0.0648105
0.160112
-0.00201079
-0.0101068
0.0475674
-0.0614107
-0.0272271
0.0432939
0.00025742
-0.0340603
-0.0422145
-0.00584972
0.104705
-0.0169188
-0.0348859
0.0411987
-0.0160471
-0.114027
-0.0645928
0.160132
-0.0232938
0.0382699
0.121484
0.078448
-0.00477592
0.0874866
0.0196965
-0.0208576
-0.0497148
-0.0360135
-0.0524753
-0.0130522
-0.00115588
0.0717115
0.112549
-0.0306195
-0.0619111
0.0725374
0.0709085
-0.000654887
0.0202816
0.0791971
0.0617226
-0.0677168
0.047118
-0.0251943
-0.0501086
-0.0944291
0.0478332
-0.0106224
0.0231698
0.0516677
-0.0112718
0.0552737
0.0587613
-0.00259394
-0.0162441
-0.216923
-0.0693734
-0.0595988
0.0889237
0.0434524
0.00750714
-0.0697541
-0.0977565
-0.00442747
0.0946699
0.0745244
-0.0471449
0.167943
0.066391
-0.00574404
-0.0357629
0.165378
-0.0810504
0.0602105
0.0339115
0.0665203
0.0225252
0.186624
0.0434963
0.0907499
-0.0220032
0.119139
-0.0182145
0.0716219
-0.0223814
0.0509037
-0.0102098
0.0268378
0.0296921
-0.079701
-0.206369
-0.162893
0.172938
0.00398102
-0.0822922
-0.0692735
0.0229515
0.00844595
0.059157
0.147922
0.135895
-0.0517927
0.097982
0.1372
-0.0136906
0.0354592
0.0771276
-0.0171643
0.0352838
0.0185079
0.037173
0.0981016
0.189073
-0.0917477
0.0631669
0.116165
-0.246155
0.043125
0.0296131
0.0725823
-0.181028
-0.0456543
0.0818942
-0.136272
-0.0717585
-0.18322
0.137178
0.0387698
-0.125637
-0.0115374
0.04192
-0.131773
0.150373
0.122098
-0.0324731
0.0454649
0.008812
0.168489
0.00139747
-0.0325269
0.101859
-0.126928
-0.129542
0.0566694
-0.0247958
-0.1274
-0.0879678
-0.0997997
0.154428
-0.0328596
0.166256
-0.0824186
-0.051587
-0.0938443
-0.0848845
0.0917516
0.0348368
0.00636918
0.0553144
-0.0466858
-0.113974
0.156438
-0.0972994
0.0383881
-0.0683043
-0.0989666
-0.307177
-0.0329275
0.259847
-0.0200552
0.102617
0.0554292
-0.0136373
0.0908936
0.0324437
0.0618945
-0.0308586
-0.0261967
-0.00667737
0.0820848
0.030566
0.123333
0.021822
-0.016357
-0.106343
0.00878276
-0.140539
-0.0738455
-0.0251081
-0.10436
0.15281
-0.12297
-0.10103
-0.0480317
-0.0600741
0.0204107
0.00218061
-0.0509981
0.109611
-0.00250466
0.16584
-0.0489395
-0.114501
-0.179625
0.0324514
-0.0763435
0.0225284
0.0962045
0.0118174
0.12033
-0.0644504
-0.0707807
-0.0501178
0.0994989
0.0391065
-0.00362744
-0.0505413
0.00531991
0.0644402
-0.068785
-0.148511
-0.0711247
-0.0270146
-0.0345198
-0.0615644
-0.0172358
-0.0430986
0.125648
0.0212273
0.038096
0.0945348
0.0282684
0.0844561
-0.0361416
-0.0812627
0.0855214
-0.0110765
0.0648148
0.0809205
0.0602479
0.0302069
-0.0438707
0.0820147
0.0100312
0.114089
0.138265
0.00708735
-0.112188
0.000816465
-0.0451484
0.024144
0.0258405
-0.0865263
-0.071476
0.0283128
0.156542
-0.100053
-0.0111653
-0.106998
0.0150028
0.0201622
0.000808129
-0.019247
0.11928
-0.0704677
-0.234229
0.130312
0.0572215
-0.265474
-0.154155
-0.11845
-0.166686
-0.0611885
0.0783674
-0.262135
-0.0771216
0.316686
0.0592543
0.28509
0.101489
0.00801006
-0.0631464
0.00512039
0.0436843
-0.060362
0.0110215
0.205664
0.129036
-0.0254833
0.160076
0.0191418
-0.148203
0.00770263
0.00122111
-0.0960941
-0.0162698
-0.069728
0.0727204
0.0621156
0.110837
0.0484758
0.170545
0.0612149
0.0713705
-0.0733503
0.155505
-0.0133597
-0.0101993
0.0653747
0.111017
0.123905
0.197787
-0.0593478
-0.240532
-0.0385429
0.0501852
-0.194265
-0.236763
0.0921166
0.0754528
0.232293
0.0214012
0.0171846
0.0963918
-0.0531457
0.0620364
-0.0380274
0.0228606
0.00790185
-0.122537
-0.15378
-0.0119611
0.114711
-0.025974
-0.0140771
0.219966
-0.0987465
0.150923
0.0468916
0.0880276
0.00232583
0.108226
0.132493
0.209885
0.0245315
-0.0896609
-0.0606715
-0.017917
-0.0486977
0.0928144
0.0864871
0.0579414
-0.00910661
0.0278294
-0.0563635
0.103124
0.0840828
0.059814
-0.0186666
-0.0334314
-0.0398918
0.173403
0.0515986
-0.0512518
0.178601
-0.00584264
0.0172966
0.032232
0.133003
-0.0325272
-0.10877
0.103112
0.106098
0.00566496
-0.0768076
-0.0670853
0.139374
0.253196
0.0635131
-0.158507
-0.195924
0.131903
0.00213955
0.174841
-0.0562066
-0.0127414
-0.0796797
-0.153303
0.0108608
0.156777
-0.135141
-0.00242575
0.0125544
0.176572
0.0390404
0.130156
-0.00848445
0.0515174
-0.00199558
0.0968752
0.0273337
-0.146443
0.00762992
0.0814063
-0.0485538
-0.015439
0.0531229
0.0925313
-0.105193
-0.333147
-0.0612131
0.0329035
0.0598003
-0.0991386
0.0774717
0.226246
-0.0858623
-0.15287
0.023285
0.0998632
0.045269
-0.0568541
0.175099
0.0567596
-0.0439075
0.0095047
-0.0173098
0.00681581
0.16217
-0.0114833
-0.138535
-0.167639
0.0243452
-0.0690295
-0.0658216
-0.0338303
-0.0388298
0.156665
0.148487
-0.0577068
-0.0675861
0.00738997
-0.0364355
0.0597687
0.134324
0.0995996
0.0818753
-0.048003
-0.0110522
0.0307177
-0.252112
-0.0712778
0.131747
-0.00161696
-0.0195523
-0.151326
-0.0913611
-0.0629512
0.197055
0.180609
0.162874
0.0744353
0.0318649
0.064613
-0.0167892
0.0337655
-0.0576643
0.0811344
-0.0098544
-0.0448201
-0.2561
0.096751
0.0744862
0.0338891
0.097514
0.181431
-0.000980143
0.10802
-0.143081
-0.0363545
0.00479824
-0.0539455
-0.271562
0.19474
0.0289656
0.0263279
0.0759748
-0.115639
-0.216896
-0.315995
-0.518562
0.389337
0.0340861
0.348084
-0.0363412
0.152247
-0.229943
0.0196441
0.183647
-0.117056
0.0645148
0.0801133
0.190937
-0.0542043
-0.0729393
-0.0647608
0.100076
0.033774
0.0405353
-0.0792562
0.05668
-0.224914
0.0336108
-0.290802
0.170328
-0.129831
-0.272028
0.182361
-0.0555745
-0.0686657
0.283167
0.034141
-0.171381
-0.00972839
-0.0622196
-0.00562369
0.0294688
-0.0243177
0.158735
0.0844623
-0.000174959
0.0184651
0.0915185
0.0914836
0.168055
-0.0692633
-0.139904
0.0904986
-0.0721708
0.043729
0.106654
0.0108599
0.0561871
-0.014886
0.104831
-0.109624
0.00836005
0.0379152
-0.0988924
-0.0282348
0.022474
0.134995
-0.0363964
0.201312
0.039456
0.0186143
-0.120782
0.0969239
0.149176
-0.0192942
0.0585172
0.018306
0.051756
-0.197714
0.00189563
0.139376
-0.134668
-0.0627166
-0.0435115
-0.0851206
-0.0577845
0.100195
-0.0042525
0.145995
-0.00496321
-0.0523896
-0.0246851
0.116328
-0.0411353
0.139228
0.0223392
-0.0951482
-0.128582
0.0464103
-0.0729185
-0.186226
0.00406695
-0.0185813
0.113493
-0.0243014
-0.242491
-0.207022
-0.0675926
0.136994
-0.32974
0.153879
0.159905
-0.0459189
0.0789816
-0.0554596
-0.202559
0.204577
0.164175
-0.144332
-0.202225
-0.124849
-0.123678
-0.551094
-0.0481161
0.296775
-0.268035
0.0946919
0.274581
-0.0545257
0.314457
0.0302903
-0.00762112
0.0599632
-0.0863965
-0.0770162
0.140163
0.149161
0.165002
0.0299514
0.0245489
-0.0593722
0.0359233
-0.0872294
-0.062172
0.0218599
-0.15038
0.24315
-0.0572297
-0.182738
-0.0446615
-0.0356585
0.08053
-0.0166495
-0.00365691
0.0750862
-0.00112447
0.113668
0.0695639
-0.0490322
-0.0388936
0.00423179
-0.103234
-0.0326123
-0.073111
0.0521128
0.0120136
-0.0380442
0.178054
-0.0319412
-0.0844228
-0.00719908
0.0753091
-0.0664358
-0.100253
-0.0441756
0.0404028
0.121379
0.0823826
-0.0584845
-0.123668
-0.195441
-0.0394677
0.0329613
0.00110954
0.0993902
0.110289
-0.0085331
-0.0320234
-0.0316853
0.0592771
0.0114728
0.0395426
-0.0483042
0.110755
0.0526453
0.199293
0.131828
-0.0284204
0.0760293
-0.00226049
-0.0135583
-0.0892869
-0.000310769
-0.0513941
0.112615
-0.0954337
-0.0867862
-0.206421
-0.23198
-0.179418
0.0446202
-0.175788
0.155064
0.444659
-0.016201
0.05864
0.127079
-0.805055
-1.04164
0.278725
0.257541
0.0960739
0.188674
-0.140461
-0.263542
-0.176678
0.127247
0.154145
0.192581
0.112132
0.0497277
0.108682
-0.092817
0.0458802
-0.0201317
0.120919
-0.105808
-0.0114087
0.0538491
-0.0842498
0.0475348
-0.0232481
0.108242
-0.114308
-0.135845
-0.0144967
0.073004
0.175032
0.0632693
0.109742
-0.0855984
0.135172
0.104366
-0.011175
-0.0178464
0.00952314
0.0473813
-0.0439221
0.0350047
0.0814931
0.0249129
-0.017882
0.0849601
0.0713149
-0.0186678
-0.0522906
0.0316656
0.175066
0.0249715
-0.0787408
0.0220011
0.0117778
-0.166989
-0.0723992
-0.0440197
-0.0159674
0.044971
-0.0283654
-0.00374777
-0.0529623
0.0289203
0.0967657
-0.0732148
-0.154938
-0.0403978
0.0809642
-0.068686
0.0611327
-0.00351356
0.0552121
-0.0775654
-0.0593026
-0.244438
0.0520976
-0.0210284
-0.0487757
-0.0258877
0.160477
-0.0224531
0.187923
-0.0103944
0.0915112
-0.0322386
-0.00091127
-0.108971
-0.0124201
-0.0689675
0.0180873
-0.0327735
-0.0788349
0.0731337
0.0231903
-0.00687374
0.185312
0.0942843
0.234846
-0.00293711
-0.0223696
0.0988379
-0.0292262
-0.128684
0.15619
0.0282882
-0.0565767
0.0247668
-0.0351897
0.0649022
-0.0209981
-0.114093
0.0253205
-0.0134888
-0.044615
-0.0221151
0.0932402
0.0613298
0.0402815
0.157631
0.0686664
-0.0701674
0.0280138
-0.0806303
0.171531
0.0369246
-0.000923765
-0.0265022
-0.0431951
0.0586054
0.0435725
-0.0389031
0.0288612
0.0119601
0.0120071
0.0841802
0.0568724
-0.0354827
-0.0301166
0.0410898
0.0254011
-0.0199039
0.0810611
-0.121915
-0.0118491
-0.0440664
0.0742621
0.0493897
-0.0401683
-0.12925
0.0960252
-0.065833
0.00402589
-0.142733
-0.0764234
0.0989551
0.0229601
0.0614262
-0.0959793
-0.0821386
0.0236285
0.102887
0.00103435
0.111695
-0.029384
0.038341
-0.0197405
-0.00504442
0.0135378
0.118186
-0.030619
-0.111476
-0.0753738
0.0671972
0.0282378
0.239197
-0.0457717
-0.00352152
-0.0200739
-0.0872433
0.0532148
0.0340434
0.0296464
-0.0148347
-0.0767871
0.0400854
0.0599181
0.0457653
0.0274837
-0.10886
-0.103396
0.0753246
-0.0442283
-0.0761931
0.0370532
-0.0144034
0.060558
0.0626718
-0.0713048
0.0153257
0.0440325
0.0433454
0.0489256
0.0571937
-0.051266
0.0466729
-0.0824561
-0.026079
0.0397123
0.0240853
0.0323255
0.302876
-0.0401869
0.00338157
-0.0623378
-0.0250968
0.171361
0.0140029
0.109285
0.11373
-0.0573931
0.0487141
-0.0392335
-0.022577
-0.0883614
0.0309438
-0.0574356
-0.173515
-0.0386396
0.0906013
-0.00357889
0.0302935
0.0322964
-2.86871e-05
0.00296868
-0.00219416
0.033691
-0.0706337
0.157663
-0.0172176
-0.104091
-0.0108494
0.0378072
0.0178935
-0.0763413
0.0629528
0.0306656
-0.0603786
0.0621032
0.0664355
0.0451881
-0.00792386
-0.00194668
-0.131699
0.00411604
-0.179047
-0.0316607
-0.046177
0.00975926
0.0699404
0.0421622
0.0320721
-0.109931
0.0352172
0.0681723
-0.116593
0.0783824
0.00974026
-0.0131777
0.025658
-0.0699136
0.0193023
-0.148325
-0.103202
-0.0869929
0.0767871
0.0489199
0.050293
-0.151839
-0.0211825
0.0633386
-0.0871737
0.0210976
0.114898
-0.0574038
-0.0156421
-0.0777192
-0.00773273
-0.056804
0.13905
0.163345
0.102696
-0.0987167
-0.119561
-0.0465044
0.0902844
-0.112214
0.0838576
-0.107927
-0.0609665
-0.134918
0.0551995
0.107017
0.132091
-0.0490827
0.0171353
-0.0323047
-0.0108515
0.0341658
0.0260517
0.0381255
0.0133149
-0.0543367
-0.0332327
0.00968806
0.00255896
-0.0266242
0.0814021
-0.0295228
0.0171639
-0.0192387
0.14163
0.0470168
0.0808286
-0.00372068
0.0484203
0.0426426
-0.05373
-0.0659965
-0.0613145
-0.0106987
0.0093198
0.00539711
0.0247629
-0.0347234
-0.0421816
-0.0166096
-0.0386361
0.062524
0.0512691
-0.066421
-0.0861135
0.190909
0.073312
0.015608
0.0873188
0.0541504
-0.0642089
0.026638
-0.024126
-0.0902666
0.0845384
-0.0606129
-0.0641519
-0.128845
-0.0456032
-0.0503469
0.169956
0.0826167
0.0650119
-0.0272223
-0.0615262
-0.0360683
0.0295108
-0.0169005
0.0162024
0.0555551
-0.0661207
-0.0079826
0.134054
0.00323465
0.0222835
0.0316026
0.10316
-0.064804
-0.000968498
-0.00936224
-0.0649212
-0.0808554
0.0616661
0.0620597
-0.0256372
0.0433387
0.00715739
0.016491
0.0334678
-0.0185952
0.0230898
0.0236164
0.0779561
0.0665284
0.0138596
-0.00719905
-0.107401
-0.0865293
0.047324
0.0257357
-0.0363287
-0.0215459
0.0306263
0.117706
0.000530926
0.107848
-0.109385
-0.172856
0.0918039
-0.0555874
-0.107971
-0.0313085
-0.0220306
-0.0883349
-0.191341
-0.143187
0.140892
-0.152688
-0.0772652
0.117854
0.0330395
0.0338828
0.0820248
0.0812404
-0.0523361
0.0264004
-0.0358197
-0.0273959
-0.0748279
0.0237732
-0.0114189
-0.0703598
-0.0226939
-0.0849095
0.133947
0.0528817
0.0251148
-0.0126681
-0.008855
-0.0935064
0.00149773
0.0455884
-0.0206243
-0.0350032
-0.0673572
-0.036394
-0.128854
-0.00348371
-0.105638
0.108892
0.0492568
0.0676263
-0.0192491
-0.0536617
0.192835
-0.0612071
0.00495921
0.00385714
-0.0893663
0.0937188
-0.00465384
0.107523
-0.00766327
0.087435
0.0283174
0.0659933
0.0198113
-0.0981374
-0.0262802
0.0793978
-0.017856
0.0100121
-0.0114978
0.0691402
-0.0713472
0.100612
0.122718
0.0490639
0.0112487
-0.042715
0.0699828
-0.0282548
0.0238033
0.105713
0.0200735
0.119338
0.0214635
-0.0741976
-0.000559967
0.0394568
0.0185707
-0.0808869
-0.0157137
0.0354647
0.0580316
-0.0284989
0.0210614
-0.0573602
-0.0118203
0.0305666
-0.0388477
0.00979623
0.0695879
-0.0699386
-0.0661797
-0.0249555
0.0518772
-0.0555444
0.0623867
-0.181802
-0.00256577
0.061711
-0.0938892
0.0425948
-0.079957
0.0227538
0.0462131
-0.0087061
0.0463833
0.016597
-0.0331214
-0.0639529
0.112946
0.0309163
0.0155853
-0.0403107
0.000810938
-0.066258
-0.0675794
-0.103027
0.0305449
-0.00392197
0.0652529
-0.0432371
-0.0857085
-0.0106209
-0.0245031
-0.13023
0.0939666
0.0392274
-0.00538483
-0.0762556
-0.0240015
-0.0948352
0.00704634
0.0119271
-0.115427
0.0816413
0.039654
0.0413857
0.0136236
-0.0176087
-0.00568302
0.11002
0.00307568
-0.0201931
0.0541832
-0.0208739
-0.046115
0.0198654
-0.0441201
-0.0890524
-0.00598902
-0.0708253
-0.0179056
0.0184773
-0.0519649
0.0262651
0.0120145
0.0507776
0.0545321
0.0239133
-0.0218413
-0.0539962
-0.135148
-0.0359112
0.0238284
0.0168966
-0.0982378
-0.0425751
-0.033947
0.103806
-0.0879058
-0.0498081
-0.0961711
-0.0952876
-0.27976
-0.221818
0.131352
0.0253025
0.241346
-0.120745
-0.158374
-0.154417
0.0447852
-0.157297
-0.0219959
0.0893864
0.0128216
0.119538
0.0872544
0.0727802
0.0142718
0.109335
-0.0526765
-0.0892954
0.191175
-0.0837581
-0.0492456
-0.0740079
0.0186389
0.0914501
-0.390566
0.0440179
-0.140297
-0.141314
0.12817
-0.0584325
0.119124
-0.00301992
-0.090905
-0.0627219
0.0247805
-0.054674
0.0496646
-0.252686
-0.0573752
-0.315632
0.10118
-0.254878
0.151859
0.0570843
0.0234183
-0.0308803
-0.0883356
-0.0880532
0.038706
-0.124174
0.0275074
0.0126232
-0.134725
0.247036
0.0376817
0.0192522
-0.0167889
0.314797
-0.00935653
0.0519075
0.0950653
0.0147411
-0.0766254
-0.0503066
-0.0538403
0.103428
0.0109783
0.163951
-0.0129057
0.0430519
0.0193379
-0.0920083
0.128282
-0.00986886
0.00870631
0.0186358
-0.158438
0.121355
-0.0120831
0.177357
0.0582256
-0.216068
-0.0168736
0.121435
0.0268954
0.126366
-0.0758159
0.0327544
0.0127907
0.00558661
0.129834
-0.0202073
-0.0194527
-0.0220147
0.0696439
0.011456
0.0745463
0.129997
0.0395786
0.0344732
-0.0572799
-0.167016
-0.0339577
0.0596978
0.0251524
0.0619332
0.00775724
0.120826
0.000527787
-0.0208928
-0.0562187
-0.127602
-0.148982
-0.0193546
0.0236451
0.0205652
-0.0025952
0.147383
0.0980732
0.00572494
0.176437
0.00291414
0.108578
-0.13871
-0.0766115
-0.00968793
0.0620322
0.0872044
0.093427
0.0604718
0.0837334
0.0799347
-0.0710916
-0.0697861
-0.0874069
0.0112724
0.0842569
0.00209154
0.0769582
-0.0097971
-0.0565087
-0.111496
-0.04322
-0.188936
-0.0015056
-0.147343
0.127846
0.0174947
0.108594
-0.0464644
-0.091412
0.0137291
0.00939877
-0.137658
-0.0467241
-0.0147893
0.0617084
-0.164181
0.126223
-0.0813998
0.00560732
0.121679
0.0363447
-0.085707
0.0832148
0.0366575
0.0344025
-0.147113
0.0990741
-0.0617148
-0.055299
0.0680944
0.00353695
0.0616305
-0.11268
-0.105788
0.0645829
0.0329843
-0.033983
0.0738339
0.125384
0.00322567
0.182857
0.107061
-0.120967
-0.0357666
-0.0788269
-0.049899
0.0656536
0.0302119
0.0427196
0.0917942
-0.105454
-0.057758
-0.015481
0.0278676
0.0603599
0.0164188
0.0359041
-0.0501249
-0.0900586
-0.223424
-0.0293785
-0.0588856
-0.16112
-0.28608
-0.0481574
0.0595287
0.216832
-0.137831
-0.0341233
0.0149828
-0.177517
-0.0879971
0.131638
0.0694759
-0.208821
0.177293
-0.0465083
-0.0327667
-0.0106501
0.152059
-0.127296
0.154286
0.0551231
0.0511326
-0.0697572
0.158422
0.115711
0.0504233
-0.0286616
0.166537
0.137958
-0.0797347
0.160701
-0.120553
-0.162322
-0.0577721
0.0549553
0.0252084
-0.0828486
0.0708167
-0.0768644
0.0579699
0.122424
0.108475
-0.0263464
-0.18929
-0.000523646
0.0509432
0.0918748
-0.136634
0.0612387
0.103973
0.366577
-0.00618931
0.259385
-0.0465859
-0.0855666
-0.097871
0.167171
-0.111152
0.034311
-0.00940309
0.0650116
0.0104694
0.00595365
0.0377255
-0.0820441
0.146333
0.17486
0.0403403
-0.00827644
0.12903
-0.0745253
0.0400226
0.0341239
-0.00193806
-0.0379333
0.124935
-0.0484135
0.00104518
-0.121976
-0.114827
0.142809
0.10064
0.172631
0.0390327
-0.0210271
-0.0403867
-0.0477125
-0.0839727
0.114136
0.0667271
0.0981719
-0.0276221
-0.0311398
-0.0340933
0.0557543
0.158984
0.0346594
-0.12748
0.0221303
0.0160971
0.0688544
-0.0151379
0.0479346
0.0509985
-0.106156
0.000278423
0.181446
-0.10009
-0.0435213
0.0496502
-0.0479445
0.0522077
0.0338341
-0.0440606
-0.0798099
-0.0625365
0.0427804
-0.0696799
0.0840898
-0.175282
0.031512
0.127673
-0.127009
-0.114472
0.14091
0.0518694
0.0905145
-0.0168492
-0.0497956
-0.120899
0
0.19543
-0.0546531
0.00753306
-0.0193882
-0.00185844
0.137758
-0.0269275
0.00630016
-0.44482
-0.142347
0.00702812
-0.391806
-0.26566
-0.0154088
0.154063
0.0797069
-0.140027
-0.284976
-0.662714
-0.0650911
-0.234789
-1.04649
-0.781945
-0.0180316
-0.803476
0.148846
0.38044
-0.292919
0.67105
0.387517
0.445636
-0.554492
0.0546871
0.416599
-0.320729
-0.224645
-0.197507
0.47433
0.193273
-0.0100931
0.344951
-0.202136
-0.419513
0.224014
0.375566
-0.0799585
-0.221888
0.215851
0.0577042
0.0612643
0.183983
0.161558
0.369385
-0.14944
-0.394082
-0.0126322
-0.13263
0.214253
0.15345
-0.175045
-0.0379687
-0.123864
-0.0890682
0.00242488
0.580981
-0.0223303
0.12385
-0.0404913
0.0416943
0.122617
0.262251
0.0469055
0.0530422
-0.0762807
0.177242
0.0807065
0.296596
0.0243745
0.189538
-0.103222
-0.258672
-0.0416167
-0.428577
0.0581944
0.0396132
0.281363
0.0676133
0.0930681
-0.00174893
-0.0644861
0.0687769
-0.292
-0.0387779
-0.0110329
0.10105
-0.0941005
0.0295684
0.17481
-0.110809
0.162012
0.0214177
-0.169013
-0.109594
0.133841
0.0679942
-0.00751753
0.281782
-0.0038001
-0.0649843
0.0712425
0.060369
-0.0606403
0.0121862
-0.128944
-0.060543
0.11348
-0.0081309
-0.132109
-0.0644031
0.197043
-0.0648137
0.131605
-0.0466063
0.0714848
0.0163765
0.227727
0.0833554
-0.0463208
-0.119899
-0.0526594
0.00516662
0.0454864
-0.151144
0.181588
0.0970507
0.0125755
0.169539
-0.0652159
-0.0488275
-0.159013
-0.0424962
-0.127121
-0.00368631
0.0333973
-0.0474081
0.111856
-0.0184141
0.0418354
0.0481165
0.207324
0.0898469
-0.0427887
-0.120298
-0.364984
-0.0401682
0.0969322
-0.0804576
0.111921
0.170836
-0.0580529
0.000188063
0.0281382
-0.0200392
0.0702654
0.15318
0.139218
0.0926841
0.0067157
0.0790667
-0.0805322
0.0191529
-0.168564
0.0328698
0.0034943
-0.0159385
-0.1636
0.0451379
0.0774928
-0.168298
-0.195031
-0.274368
0.305504
0.106606
0.13762
0.281836
0.0686721
0.0740441
0.0221831
0.258668
0.157861
0.176008
-0.0905402
0.0163849
0.0801144
-0.180011
0.114363
-0.139486
0.053525
-0.062841
0.0932886
0.0880451
0.0104509
0.00862692
-0.0554499
0.0625065
-0.0504465
0.201462
0.233365
-0.055497
0.00658283
-0.0659837
-0.0375809
-0.115033
0.110924
0.00246036
0.0792585
-0.0445805
0.000121229
-0.165601
0.0621315
0.17149
-0.0253175
0.129447
-0.0283339
-0.20822
0.157691
-0.147109
0.436428
0.0601413
-0.0768661
-0.0703317
0.0278165
-0.134297
0.00712173
-0.0631623
-0.104312
0.00153104
0.0139834
0.0258219
-0.164436
-0.202825
0.0565518
-0.247566
0.107157
-0.139656
0.110367
0.243917
0.0494022
0.027777
0.00535327
-0.00171165
-0.0359306
-0.101959
-0.0324774
0.0583533
0.11454
-0.0318058
-0.0527469
-0.0765741
0.172231
0.111576
-0.0545529
0.137365
-0.0985625
-0.135602
0.237224
0.0269267
0.279398
0.0748907
-0.233399
0.237355
0.0744699
-0.00171523
0.162335
-0.0280812
0.114792
0.014181
-0.039124
0.059833
-0.121676
-0.0586686
-0.0219559
0.0390817
0.0128596
0.134315
-0.055587
0.0831849
-0.027202
0.0238953
0.0615748
-0.0270069
-0.00525264
-0.0122998
-0.0910115
0.00160363
-0.00723704
-0.0136677
0.154872
-0.00592569
-0.224806
0.0243948
0.041719
0.0645399
0.101439
0.0139703
0.0504732
-0.0426021
-0.0975583
-0.115855
0.356457
0.0138143
0.0421204
-0.0166755
-0.241223
-0.0624151
-0.0935153
0.128284
-0.0650356
0.00171428
-0.153834
0.104999
0.146435
0.0346644
0.0482414
0.0576933
0.0791181
-0.0325307
-0.0624038
0.0652646
0.0266611
-0.0261663
-0.0149519
0.0239509
0.0553116
-0.0355326
-0.0131134
0.0439084
-0.0936883
-0.0987316
0.0643416
-0.00953123
-0.162744
0.0908586
0.156992
-0.0326996
0.150241
-0.0195185
-0.222249
0.0546761
-0.0731557
0.141391
0.0316114
0.0911298
-0.0933664
0.0342038
-0.245015
0.115387
-0.0524913
-0.048254
-0.0450502
-0.0474572
-0.0348189
-0.324966
0.104214
0.217211
0.146541
0.102382
0.0268712
0.0205886
0.0721774
0.0428788
-0.0730927
0.0355658
-0.0203215
0.0612703
0.0647946
0.063789
-0.00500293
0.229516
0.116282
-0.0137496
0.0041451
-0.0859858
-0.0557125
0.05856
-0.140666
0.0840456
0.0113889
0.0359968
0.128047
0.0409047
-0.0107506
0.0163304
-0.0780045
-0.00835681
0.00958583
0.0116455
0.0434822
0.0126665
-0.158222
0.019994
-0.0856016
0.0894857
-0.0452123
-0.0765261
0.210555
-0.0253284
-0.214502
0.0472895
0.199975
-0.0154303
-0.0503278
-0.11561
-0.191358
-0.0188952
-0.0871092
0.0552971
-0.0235935
0.0544971
-0.114352
0.107896
-0.0577027
-0.0555534
-0.0349307
0.0708107
0.0725457
0.0950893
-0.11615
-0.00385987
0.0528548
-0.114137
0.0729639
0.0500513
0.088304
-0.0998448
0.0369072
0.0387831
0.0760269
-0.08829
0.0808829
-0.0727253
-0.0219833
0.0276089
-0.0370636
-0.0133879
0.000117515
-0.0299877
-0.0586932
-0.0400115
-0.0974406
-0.0187571
-0.025008
-0.0352911
-0.0130935
-0.0644802
0.0150924
-0.458733
0.0695505
-0.0531368
0.133769
-0.0225447
-0.0954225
0.299803
0.20555
-0.0436037
-0.0405494
-0.0266639
-0.157865
0.0212246
-0.0133005
0.0839842
0.0318976
-0.178127
0.234324
0.0628216
0.148947
0.00317763
0.086352
0.0513542
-0.0518753
0.254072
0.0518751
-0.103963
-0.0245752
-0.0996494
0.0556002
0.0547698
0.0357644
-0.179773
-0.00797313
-0.163151
0.0255013
0.0808519
-0.19377
-0.438518
0.00634377
0.187474
0.0312817
0.0876034
0.0717582
0.157437
0.0386976
-0.211985
-0.0975404
0.168513
-0.00589315
0.189279
0.111524
-0.0112706
-0.220028
0.0939436
-0.0308542
-0.0739379
-0.139647
-0.163841
-0.0318683
-0.103534
-0.467878
0.27787
0.0725245
-0.479705
-0.0553979
-0.255108
-0.56919
-0.171787
-0.253424
0.627532
-0.145278
0.261081
0.153664
-0.0580187
0.377996
0.0618428
0.136302
-0.0856047
-0.022914
-0.226012
-0.114551
-0.0949473
0.0756121
0.33879
-0.358926
-0.0403366
-0.00898118
0.152938
-0.130118
-0.315264
0.00559258
0.149491
0.104794
-0.0429144
-0.0123735
0.180632
-0.0661223
0.192559
0.184226
-0.143587
-0.158716
-0.138332
0.0512123
0.10499
0.086173
-0.0250201
-0.0474241
-0.163417
-0.149921
-0.299783
0.00748064
0.182912
-0.0871962
0.277507
-0.0540484
0.125522
-0.10376
-0.185653
0.157651
0.125809
-0.136601
0.152147
0.112993
0.13463
0.107874
-0.155217
-0.247537
0.068657
-0.0354085
0.076838
-0.0704111
-0.0793257
-0.06065
-0.366235
-0.26692
-0.160079
0.0941768
-0.197503
0.09558
-0.0780424
-0.0498297
-0.100254
-0.0714666
0.241542
0.0545201
-0.123083
-0.155112
-0.0914728
0.0642406
0.0343639
-0.244099
0.151752
0.16553
0.147032
-0.183502
0.0426525
-0.199274
-0.0630914
0.117869
0.137469
0.180134
0.0316156
0.058956
0.0994057
-0.0858813
-0.101789
0.143799
0.135079
0.179326
0.033445
-0.0623319
0.174312
0.076525
-0.0796955
0.0998717
-0.15525
0.210233
0.0155139
0.267107
0.0922395
0.0337524
-0.127711
0.00198209
-0.0670124
-0.164195
0.0111137
0.0172415
0.091456
-0.206736
-0.055322
-0.0147861
0.0534548
-0.277587
0.21632
-0.217705
0.104524
0.0337038
0.0424663
0.19134
0.194086
-0.228477
-0.190321
0.0686665
-0.222608
0.080939
-0.162241
0.0204358
-0.178161
-0.271522
-0.0618004
0.01964
-0.0510286
-0.337378
0.2231
0.0451173
0.54618
-0.220639
-0.0242132
-0.202106
0.100582
-0.0872851
-0.123992
0.184355
0.1672
0.242503
0.046304
-0.112277
0.0801287
-0.154429
0.15636
0.277073
0.0257606
-0.0778303
0.0619633
0.0745863
0.0150196
-0.0595376
-0.0898529
0.140674
0.186792
-0.000829263
-0.097828
0.337289
0.0569811
-0.127188
0.0679152
-0.170165
-0.0768483
0.164286
0.0163184
0.0335075
0.106029
0.0133994
-0.0480569
-0.0633868
-0.00714435
0.00911193
0.0360771
-0.00100077
-0.0297809
-0.0717051
-0.0273489
-0.0400206
0.109922
-0.0829641
0.10334
-0.00273917
-0.253207
0.00297879
0.0716043
-0.0401062
0.19472
-0.0865522
-0.00336911
-0.0232806
0.0176397
-0.0963576
0.256404
0.247413
0.0663245
0.148718
0.125591
-0.026317
-0.00957052
0.0949357
0.0444326
0.0129528
0.0120299
-0.0147648
-0.0759429
0.065661
0.0435612
0.0893985
0.0132232
0.0279282
0.0392545
-0.0688095
-0.0276569
0.117923
0.207363
-0.0175942
-0.0728495
-0.0577671
-0.0476984
0.0473381
-0.232285
0.122158
0.066871
0.144919
0.028812
0.0817211
0.032061
-0.0183375
-0.0853936
-0.00674049
-0.122485
0.193217
0.000133904
0.0062793
0.208837
0.0639753
0.134868
0.0240772
-0.0202121
-0.0870873
-0.126719
-0.341096
0.229807
-0.373509
0.22306
-0.197428
0.197281
0.250357
-0.0507581
-0.116346
-0.290965
0.118044
0.0371656
0.120749
0.127224
0.0149611
-0.106013
-0.0444814
-0.213469
0.102703
0.166304
-0.0373836
0.0286535
0.0644906
0.0840169
0.121026
0.0732511
-0.037939
-0.0243873
0.00609947
0.0141393
-0.0542189
-0.109949
0.0755803
-0.0519604
-0.083522
-0.0379627
0.131315
0.136382
0.0530664
-0.0238679
0.00837194
0.00162674
0.0977374
0.00352225
0.0306629
0.0194294
0.0125444
0.0433177
0.00145559
-0.241654
0.039629
0.0677265
-0.0257149
-0.122158
-0.0243966
0.0716042
0.156184
-0.059306
-0.044195
0.0209981
0.0210006
-0.117622
0.034292
0.0761685
0.0929962
0.00224675
0.105488
-0.0946646
-0.0364664
-0.00299192
-0.0866913
-0.122368
-0.0582491
0.0847469
0.110498
0.0123859
0.137672
0.00894922
-0.0239207
-0.0321294
-0.330697
0.085659
0.0784688
0.211022
0.116045
0.0463978
0.0317762
-0.0693483
0.0432341
0.0762144
-0.0412533
0.03307
-0.0848911
0.0576961
0.00135871
0.152689
-0.00792071
0.0332448
-0.0429108
-0.0788944
-0.00642209
0.157865
0.023485
-0.106286
-0.126489
0.0602024
-0.146381
0.0056507
-0.0454772
0.0308513
-0.136994
-0.105319
-0.0408304
0.127857
0.0813202
-0.0195729
0.0461499
0.119979
0.029558
-0.0461397
0.085374
-0.035599
-0.0430918
-0.115334
-0.104856
-0.0884172
0.02436
0.0332468
-0.118657
-0.0651073
0.222978
0.0133515
-0.167868
0.0199414
0.0843446
-0.110763
-0.0572914
-0.158539
0.00213876
0.0437856
-0.0129143
0.0243268
-0.164113
-0.0632827
-0.00600617
0.0485175
0.0375215
-0.15346
0.345693
-0.0375656
-0.0639363
-0.19464
0.0765243
-0.0842273
-0.107398
-0.162758
-0.261687
0.152598
-0.0113283
-0.0578933
-0.0864634
0.0456622
0.017859
0.0140882
0.167302
0.114976
0.259306
-0.0778521
0.0199638
0.0401718
-0.192684
-0.0909713
0.0658614
0.227612
-0.0100604
-0.148039
0.107744
0.0185896
-0.0615749
0.121084
-0.00439326
-0.021463
-0.104209
0.104777
0.0143734
0.0929804
0.131227
-0.0412264
0.0407893
0.123188
-0.0844938
0.00986763
0.0143313
-0.0436333
-0.0295655
0.124318
0.0687956
-0.0200161
0.131631
0.077226
-0.0354483
0.049438
0.0532994
-0.0945511
-0.00204309
-0.0238745
-0.107204
0.0231162
-0.00557487
0.0710514
-0.103767
-0.189785
-0.0715824
0.00843832
0.0885283
-0.00121292
-0.0253755
0.378525
0.0549383
0.0581344
0.0156454
0.0695066
0.0670122
0.0373484
0.114432
0.0471671
-0.0396137
-0.0616182
-0.0112542
-0.0804303
0.0248405
0.0919174
0.158083
-0.0424457
0.0655398
-0.0291775
0.0931596
-0.0618237
0.0166281
0.105346
0.0099228
0.0802914
0.0515718
0.102052
-0.215654
0.042544
0.036741
-0.0424193
0.0334751
0.0147033
-0.0268306
0.128924
0.0291788
0.0173942
-0.0221772
0.0510661
-0.0489227
0.0151971
0.165072
0.00665791
0.0701816
-0.0431077
0.0352039
-0.0361971
-0.0592617
0.0884077
-0.0282136
0.0902398
-0.0633198
0.16949
-0.0430296
0.0300934
0.095537
-0.078021
0.0772227
-0.161495
-0.0927394
0.00691263
-0.121799
0.0512973
0.114192
-0.0107585
0.0315884
0.104109
-0.102554
-0.0486934
0.0521853
-0.013503
-0.0368974
0.152104
0.0127831
0.0265759
0.0534623
-0.202293
0.0412213
-0.0324298
0.0244172
0.0193352
0.0126765
-0.0156333
-0.0245074
-0.00218357
0.0704945
0.0681833
-0.0496193
-0.0468638
-0.0307112
-0.133892
0.10409
-0.0240648
0.0969798
-0.0954005
-0.00153906
-0.0730908
-0.0327757
-0.119441
-0.146412
0.107557
-0.135923
-0.173476
0.0483262
0.0706488
0.0906226
-0.0412217
-0.137995
0.0281393
0.0788822
-0.0789564
-0.0812504
-0.0498095
0.007906
-0.0148302
0.121575
0.0628208
0.0267953
0.151465
-0.0312736
0.067982
0.0835294
-0.00365374
-0.0290625
0.0692109
-0.0518351
0.0140816
-0.0696798
-0.35251
0.0417386
-0.0605127
0.0454907
0.157371
-0.00569257
0.0876389
0.0560796
-0.184563
-0.249249
-0.125097
0.00615232
0.134456
0.0015412
0.117592
-0.0107845
0.0421658
-0.0394792
0.152802
-0.00982028
0.0367424
-0.0826315
0.0350493
-0.0266288
0.0820914
0.0755482
0.0494855
-0.00681068
0.0338526
0.0755474
0.0351867
-0.0990156
-0.0742702
0.0301154
-0.106091
0.0862653
0.0415195
-0.0910054
0.00946755
0.0561835
-0.00918677
0.184122
-0.0548285
0.213553
-0.0314939
-0.0457342
0.047891
0.0965698
0.155842
-0.115114
-0.209952
-0.260757
-0.0562017
-0.0844049
0.104555
0.0241493
0.0583904
0.102668
-0.0871852
0.0333178
0.0629158
0.0492041
-0.0306121
0.0326333
0.0234732
-0.0423709
0.00724206
-0.0517349
-2.0441e-05
-0.0210355
0.0702791
-0.0790193
-0.0785225
-0.044287
0.227466
-0.0494536
0.131065
-0.157535
0.097416
-0.0797381
0.114781
-0.122335
-0.104009
0.120314
-0.0982266
-0.00373787
-0.0980006
0.0253036
-0.044313
0.0180213
0.0225044
-0.0304231
-0.161144
0.0558483
0.107783
0.0104226
0.0989395
0.0263795
0.0603918
-0.140475
0.0267382
0.0659652
0.0290072
0.046107
0.000885376
-0.123094
-0.0172816
0.0399828
-0.0258748
-0.018495
-0.0177328
0.0453236
-0.0122394
0.0185181
0.0399165
-0.0124703
-0.0827313
0.0450827
0.0697874
-0.0634548
-0.00943352
-0.0924462
-0.0977604
0.0869706
0.0226481
-0.0363055
0.184922
0.156741
-0.0130852
0.152635
0.0407293
0.0670471
0.0798696
-0.024239
0.0790889
-0.104092
-0.159637
0.112868
0.0174877
0.130444
-0.0892068
-0.0284999
0.0603046
0.0752917
0.0557886
-0.0502034
0.0740727
0.0403959
-0.141019
-0.0037071
0.299206
0.0960465
0.0516576
0.0440758
0.0405696
0.107901
-0.00110177
-0.238839
0.337722
0.0929227
