0.207824
0.323789
0.0878007
-0.110583
0.037945
-0.0161113
0.129086
0.0588046
0.030663
0.144615
-0.114042
0.158753
-0.119981
0.0825867
-0.125988
0.0498484
0.0953101
0.0790362
0.0829079
0.131058
0.0679698
-0.0768305
0.142594
0.101736
0.0646744
-0.0430709
0.155043
0.074522
-0.159881
0.00428514
0.047872
0.115314
-0.0846618
-0.159401
-0.142684
-0.0315972
0.00527254
0.280684
0.00939538
-0.0170862
0.261575
0.0448735
-0.0573732
0.0515681
0.145769
0.14529
0.04743
-0.00080197
-0.0458223
0.148756
0.175479
0.0303731
0.0419065
0.0293858
0.18892
0.107769
0.32376
0.112573
0.0329516
-0.0991883
0.127044
0.0965297
0.295788
0.188851
-0.0519512
0.371161
-0.278914
-0.36447
-0.168944
0.127847
0.208598
0.217723
-0.219774
0.0388963
-0.0279607
0.0612778
-0.0380853
-0.372058
-0.390848
-0.636075
0.469223
-0.364755
0.405054
0.434312
-0.111147
-0.00432717
-0.0978656
0.236135
0.277162
-0.142887
-0.122898
-0.0491575
-0.00642931
-0.346092
0.332503
-0.0257937
0.169313
0.0709959
0.230563
0.0525647
-0.332982
-0.0515189
-0.0262154
-0.159464
0.152368
0.0876457
-0.0310131
0.137411
0.114921
-0.120493
0.0451813
-0.238624
-0.267048
-0.115191
0.080113
0.284355
-0.16284
-0.189828
-0.155248
0.118326
-0.0936533
0.259469
-0.131842
0.155098
-0.0772467
0.288432
0.0814084
0.113564
0.175504
0.104926
0.123941
-0.0147375
-0.00804778
0.0748647
0.176248
0.0300544
0.021506
0.209992
0.126051
-0.0669457
-0.114717
-0.0153945
-0.100003
-0.139079
0.00262951
-0.165028
0.12287
-0.089514
-0.123984
-0.0229529
-0.200029
-0.0442296
0.125953
-0.168985
-0.282904
0.145625
-0.00141045
0.199024
0.106599
0.241954
-0.120245
-0.0705338
-0.419768
0.0304748
0.273607
-0.250285
-0.46826
-0.273741
-0.175653
-0.296865
0.255768
-0.326965
-0.0620088
0.272526
0.252274
-0.329612
-0.558775
-0.272594
0.483146
-0.065012
0.195401
-0.577442
-0.023189
-0.555966
0.402616
0.173108
-0.119124
-0.210605
0.493138
-0.043994
-0.317871
-0.465825
-0.0349088
-0.414277
0.50132
-0.203668
-0.477663
-0.0509114
0.699346
0.0602246
0.472644
-0.0321601
0.3069
0.0564045
0.283876
-0.26375
-0.104431
0.188691
0.150888
0.124429
-0.337819
-0.0267855
0.190132
0.213994
-0.0484187
0.288629
-0.140085
0.0580122
-0.161358
-0.0646303
0.154419
0.0755338
0.00633423
0.19363
-0.0623048
-0.087886
0.201302
0.180655
0.274606
-0.133742
0.129313
0.243629
0.0725171
-0.252847
-0.424162
-0.0552696
0.180035
0.109027
0.0186771
-0.0313976
-0.00674089
-0.150992
0.0576453
0.0723425
0.0367255
0.0492538
-0.060481
0.394309
0.0337834
0.138955
0.279821
-0.0151495
0.00551157
0.622844
0.125416
0.0376386
-0.0504288
-0.241601
-0.23885
-0.428719
0.00280291
0.27505
0.224456
-0.186355
0.0872187
-0.218458
-0.240941
-0.0268203
0.0816452
0.00420465
0.188789
0.0555379
0.152003
-0.113785
-0.128194
-0.0221011
-0.0186887
-0.183876
-0.332885
0.152751
0.186482
0.101034
0.108311
-0.143276
-0.0329798
0.075621
0.191376
0.321209
-0.0445018
0.178785
-0.266367
0
-0.0545394
-0.020951
-0.16234
0.268003
0.314999
-0.158236
0.161479
0.150609
0.0261581
-0.142458
0.127791
-0.0685071
-0.0199377
0.0878067
0.0648786
-0.113493
-0.171386
-0.0891105
0.162553
-0.0891089
0.187053
0.035845
0.10677
-0.122756
0.105671
-0.0228209
0.0380086
-0.11766
0.0485031
0.0817936
-0.0633487
-0.0611922
0.0236305
0.0566096
-0.0808794
0.0637403
-0.0260849
0.00127389
-0.0947139
0.208712
-0.0777577
-0.0445235
0.104001
0.0145013
-0.0100864
-0.0645271
-0.0547336
-0.0492591
-0.00834003
-0.100632
-0.107554
0.084185
-0.221435
-0.219656
0.169034
0.240815
0.00847312
0.0726832
-0.117729
-0.0163693
0.0562011
-0.151019
-0.00264656
0.0580658
-0.0971869
-0.0406087
0.140427
-0.033603
0.0401781
0.0347786
-0.00655224
-0.0961602
0.00198512
-0.129868
0.02477
0.118322
0.0138665
0.0900014
0.00457652
-0.0491462
0.00590999
-0.0157704
-0.0964652
-0.000663903
0.0205632
-0.0298625
0.104456
0.00920268
0.184891
0.0713447
-0.0044865
0.0409234
0.0204004
-0.0491553
-0.166488
0.0441501
0.051048
-0.0594729
-0.0507043
-0.209409
-0.219331
-0.0402143
-0.144464
-0.212891
0.0303879
-0.10784
-0.274803
0.225462
0.106243
-0.0440719
-0.0714937
-0.215406
-0.0721053
0.161877
-0.153021
0.0463731
0.258077
0.113857
0.0219091
0.132555
-0.0888772
-0.0847108
0.100867
0.160815
0.080477
0.119852
0.0526596
-0.0128011
-0.05273
-0.225514
0.076656
-0.193802
0.234994
0.0669159
-0.0888652
0.0629724
0.0163611
0.0841142
-0.0548645
-0.0688378
0.019815
0
0.0259016
0.022442
-0.0306142
0.00476793
0.0739572
-0.0270775
0.00406589
-0.0495837
-0.136429
-0.0228036
-0.0041517
0.0634736
-0.0165188
0.0261422
0.00755473
-0.0571481
-0.0408237
-0.185443
-0.0965228
-0.0600852
-0.192689
-0.147365
0.189698
-0.0511164
-0.0388724
0.171951
-0.132347
0.0241287
-0.00584331
0.203955
0.0421507
-0.049312
0.00429742
0.12808
-0.0524559
-0.0177859
0.111165
0.0533704
0.0670099
-0.0635089
0.0843597
0.0443337
-0.0777142
0.113592
0.0405515
-0.0439954
-0.0103417
0.0742077
0.156223
-0.00471843
0.111304
-0.0716043
0.136739
-0.0165772
0.169752
0.0527047
0.0898049
0.167106
-0.00759513
-0.0304279
0.188683
0.0930257
-0.121101
0.101327
0.0721051
0.17651
-0.207877
0.244011
0.17224
0.125071
0.126983
0.0287676
0.0309762
-0.328949
-0.223852
-0.215985
-0.157719
0.344
-0.120932
0.0398615
0.104718
0.051953
0.265176
-0.00998152
-0.105688
0.0792246
0.0610567
0.00292593
0.0740378
-0.203603
0.0473088
0.138855
-0.0203861
-0.0937203
0.224049
0.138302
0.206159
0.0460402
-0.0822449
0.319597
-0.0108142
0.150354
0.235962
0.109748
-0.358509
0.156198
0.0774564
-0.0438887
-0.126993
0.00424129
0.236254
-0.0482641
0.279065
-0.101696
0.152157
0.0406877
0.160624
-0.0598703
0.189265
-0.239015
-0.0234695
0.0861159
0.0247517
-0.235118
-0.00556913
-0.313811
0.16842
0.133737
-0.161525
-0.127054
-0.180099
0.00371872
0.283316
-0.043985
-0.0478262
0.00260502
-0.264473
-0.0493342
-0.261977
0.172338
-0.263809
0.280069
0.0475412
-0.0151037
-0.24258
0.0875474
0.0235463
-0.26491
-0.185353
0.0820489
0.0136084
0.232998
0.122702
-0.00328153
-0.0901215
0.133789
0.300453
-0.206127
0.162691
0.00265369
-0.067093
-0.155609
-0.0195556
0.0914691
0.0911738
-0.00373977
0.190443
-0.233796
0.0982131
-0.357953
-0.280247
0.245504
-0.122277
0.217394
0.00875075
0.0957628
0.116286
-0.0827709
0.172289
0.079258
-0.062296
-0.0877652
0.130569
-0.0544602
0.051296
-0.0444063
0.0438788
0.107037
0.00365236
-0.187472
-0.0138318
0.0430262
-0.0728782
-0.0728777
0.117625
0.0164625
-0.0398774
0.122845
-0.145245
0.162595
0.0602337
-0.0381927
0.0120484
0.0673122
0.155323
-0.0153739
0.071031
-0.0168185
0.0447831
-0.0468233
0.00815859
-0.0490538
0.0163773
0.104292
-0.0858973
-0.0660677
0.0128372
-0.10265
-0.173108
-0.103403
0.115001
-0.0269077
0.0131991
-0.139208
0.0400478
0.231252
0.0726367
0.0623572
0.0271917
-0.0575488
0.0667662
0.0637808
-0.0919739
-0.0452738
0.0242068
-0.0113247
0.065702
-0.0889039
0.074057
0.0204727
-0.0481796
0.0261697
0.108053
0.0389584
0.0498689
-0.0498689
0.00706669
0.057362
-0.119116
0.0410444
-0.0385041
-0.108712
0.0506755
-0.112446
-0.114245
-0.0172489
-0.204013
-0.122491
0.0946861
0.0762768
-0.0655742
0.0347065
-0.0405915
-0.0386078
0.114317
0.00371714
-0.0644531
0.00801429
-0.147388
-0.156193
0.0620052
-0.215645
-0.0470632
0.191342
0.0170633
-0.0490689
-0.0271196
0.243087
0.0620104
0.0712394
0.1257
-0.0316742
-0.0158737
0.156582
0.0317498
0.107004
0.123151
-0.0356142
0.0127353
0.0588728
0.0237566
-0.0577193
-0.0142267
-0.152175
-0.154524
0.278693
0.121134
-0.0880445
-0.0407411
-0.157387
0.0625312
-0.205592
0.102543
0.163655
-0.00614621
-0.0854188
0.0725999
-0.271453
0.0294771
-0.277655
0.207505
-0.0861147
-0.0766387
0.0418765
0.053962
-0.0138628
-0.100822
-0.179469
-0.196173
-0.0488058
0.20539
-0.244269
-0.0651363
0.0938878
0.141973
0.0558973
-0.125514
-0.208953
-0.23968
0.220257
0.027979
-0.0336982
-0.00572243
0.028011
0.152389
0.145116
0.00221605
-0.107495
0.262511
-0.023481
-0.047682
0.0181136
-0.0671257
0.12999
0.00871452
-0.0409174
-0.0339523
0.0672448
0.0630065
-0.108882
-0.107865
-0.0878066
0.00558001
-0.138189
0.0101781
-0.148007
0.151397
-0.0328168
-0.142122
0.0767339
-0.217407
0.0151477
-0.156051
-0.0807388
-0.0922153
-0.168652
0.100441
-0.0491813
-0.0133991
-0.175855
-0.0784661
-0.00938174
0.201339
0.0568771
0.00121951
-0.187106
-0.284833
0.00127828
-0.0976235
0.0777917
-0.175729
0.00716904
0.142267
-0.113004
-0.450953
0.296512
0.253953
0.25456
-0.142036
0.147675
0.011269
0.0187561
-0.293439
0.114468
0.157712
0.0200101
0.100683
0.10825
-0.0429131
0.0520843
0.0152667
0.207154
-0.0515389
-0.0796239
-0.179655
0.121956
0.0182559
-0.0243486
0.107907
0.159706
0.000593346
-0.251156
0.0309838
0.036933
-0.0539304
-0.119806
0.113726
0.00668758
0.032753
-0.0607411
-0.0231803
-0.0146663
0.0360187
-0.0697129
0.147412
-0.0509208
0.0943621
-0.102268
0.0418803
-0.107785
-0.191001
-0.0268717
-0.0640289
-0.0505103
0.112036
-0.113302
0.0825851
0.081286
-0.0224425
-0.173128
0.0335986
-0.183959
-0.101727
-0.152906
0.04355
-0.102578
-0.0767931
0.0621461
0.0987731
-0.11544
0.0359693
0.124225
0.0419398
0.216063
-0.0758022
-0.0368233
-0.0207308
-0.220988
0.0119296
-0.0591165
-0.123335
0.00674452
0.0363271
-0.0228572
-0.170388
-0.137876
0.139245
-0.0480339
0.0651321
-0.0253157
-0.0735788
0.0619257
0.138281
0.0909126
0.029454
0.0646246
-0.0592791
-0.0187244
0.0899494
0.0198809
-0.073086
-0.0870677
-0.149094
0.0463215
0.0825727
-0.11184
-0.199647
-0.0118302
0.0166963
0.0381539
0.038006
0.171646
-0.0319154
-0.0943105
0.0294823
-0.208918
-0.0757826
-0.09839
-0.00498321
-0.329179
-0.346474
-0.0756665
-0.0924938
-0.786692
0.042634
0.132582
-0.684754
0.00616837
-0.205607
-0.231067
-0.530092
-0.509614
0.762574
0.287254
0.204746
0.202407
0.479111
-0.262568
0.121914
0.106944
0.314951
-0.257707
0.170617
-0.103688
0.337764
0.218474
-0.195122
-0.192448
0.173125
0.214444
-0.0950927
-0.217333
0.244367
0.303457
0.000770278
-0.248795
0.284167
-0.157045
-0.401725
0.1754
0.0207174
-0.0374795
0.220448
-0.148011
0.110428
0.207284
-0.0910787
-0.287095
0.314194
-0.00928303
0.0755667
0.141865
0.248333
-0.179649
-0.00978228
0.0705218
0.0298609
-0.0770715
-0.187276
-0.0298912
0.0390737
-0.00841721
-0.0922592
0.128926
0.37489
0.0417755
-0.057948
-0.246503
0.0135646
-0.145623
-0.252218
-0.047122
0.319183
-0.076539
-0.101942
-0.139128
0.231843
0.169291
0.0143555
-0.0849271
0.222157
-0.0425425
-0.0909136
0.0504423
0.0516834
-0.215223
0.0654333
-0.259674
0.140663
-0.154682
0.122395
0.0330539
-0.1251
0.0750939
0.0300316
0.0811779
0.0464181
0.103471
-0.0648266
-0.0675365
0.0379976
-0.0166998
-0.1647
-0.17767
-0.166485
0.0597773
0.0341132
-0.019027
-0.0772619
0.159445
0.108016
-0.120614
-0.0489734
-0.217733
-0.03973
0.105068
-0.0766738
0.133594
0.0597773
0.335228
0.0207257
0.0779147
0.251716
-0.0364252
0.085278
-0.0295804
0.102413
-0.0720947
-0.0904853
0.0757056
0.0523617
0.038177
-0.0374415
0.106087
-0.0869798
0.0241947
0.0365504
-0.113003
0.0639957
-0.0485116
0.168048
-0.0472059
0.0283485
-0.11976
0.00293797
-0.225798
0.0561816
0.120288
-0.162958
0.0478972
0.0260984
0.281937
-0.0333584
-0.0560873
0.0451864
-0.100856
-0.00220372
0.000734626
-0.147273
-0.0463311
-0.010494
-0.0217663
-0.184285
-0.109282
0.0100539
-0.0744867
0.198943
-0.131415
-0.132378
0.146292
0.167764
0.00227854
-0.00607726
-0.0525734
-0.209201
0.0101354
-0.102613
-0.026807
-0.0458938
0.0285118
-0.00632821
-0.0356743
-0.156072
-0.0355567
-0.13611
-0.254315
0.00168325
-0.0709452
-0.0919637
0.0894207
0.251989
-0.191132
-0.200017
-0.188315
0.358793
0.00760312
-0.104417
-0.253224
-0.0315612
-0.274158
0.147804
-0.118969
0.0466836
0.30606
0.056304
-0.303424
-0.213283
0.0770201
0.417205
-0.0338219
-0.0382918
-0.221301
-0.311477
-0.0849755
-0.441861
0.0338716
0.198977
0.166253
-0.421422
-0.423739
-0.133682
-0.108457
0.142299
0.0357728
0.471272
0.0213909
0.066786
-0.314562
-0.0709325
-0.213823
0.386769
-0.108985
0.293516
0.145023
-0.179908
0.115821
-0.320803
0.358156
0.332833
-0.083576
0.0881983
0.138603
-0.125672
-0.0471904
0.239187
-0.365185
-0.234724
0.0689918
-0.158815
-0.376657
0.115192
-0.0970756
0.260064
-0.219918
0.297997
0.178258
-0.346887
-0.17052
-0.0100618
-0.101182
-0.310897
-0.176754
-0.150621
-0.501244
-0.0114031
0.142747
0.323178
-0.0589806
-0.457277
0.0845037
0.210416
-0.0479908
-0.310198
-0.0404764
-0.219069
-0.0868375
0.327897
0.35215
-0.116765
0.640796
-0.144025
0.242052
-0.0536373
0.104902
-0.0869921
-0.200953
0.246116
-0.0630721
0.0944575
-0.361625
0.340713
0.105173
-0.124032
0.451128
0.0629594
-0.113212
-0.299661
-0.0970205
-0.146789
0.175052
-0.0356036
0.291552
-0.0142746
0.161945
-0.00200811
0.0440896
0.302323
0.0261548
0.0376628
-0.175018
0.328056
0.0850691
-0.00282375
-0.0103644
-0.289706
0.0116339
-0.211522
-0.0456317
-0.267005
0.142953
0.0881931
-0.132585
-0.141542
0.271134
-0.0791618
-0.232046
-0.101421
0.179369
0.00816942
-0.233412
0.0666531
0.392846
0.0368599
0.106817
-0.128715
-0.118286
0.132227
-0.0438829
0.0289458
0.0189165
-0.101982
0.0230892
-0.341643
-0.139998
-0.151589
-0.153923
-0.0315044
-0.109412
-0.189912
-0.00560723
0.113779
0.191153
0.0477609
0.0980691
-0.301556
0.191568
-0.129866
0.00878293
-0.078224
0.29534
-0.104711
-0.0152032
0.156362
0.139194
0.142485
-0.224065
-0.0341028
0.175649
0.026186
-0.256421
-0.0387158
0.219531
0.0557112
-0.0831531
-0.164116
-0.119979
-0.275622
-0.157731
-0.220445
0.00116076
-0.337618
0.389713
0.366192
0.239786
-0.109281
0.149411
-0.136235
0.306888
-0.321163
0.171059
-0.00648327
-0.168972
0.0471637
-0.316819
0.0910716
0.304222
0.111204
0.0171626
0.259206
-0.00209314
-0.0492142
-0.0864517
0.0570127
0.0336369
0.0960725
-0.0813937
0.119775
0.0598685
0.101366
-0.0695155
-0.183246
0.236449
-0.0122516
0.00102154
0.0132706
0.0782477
0.125738
-0.0280263
-0.148453
0.0162683
-0.015251
-0.0132327
0.0284837
0.1091
0.0120528
-0.345076
0.0103814
-0.0823127
0.173216
0.0471905
0
0.142264
0.159153
0.0633541
0.0874423
0.100247
-0.114933
0.0293478
-0.0342468
0.100446
-0.114176
0.0674916
0.0805858
0.0453483
-0.0743993
0.146338
0.0400625
0.0853071
-0.105316
0.0665462
-0.264023
0.0562676
0.0434397
-0.0754129
-0.0077665
-0.179338
-0.196721
0.0853535
-0.0380662
0.0430641
0.243855
0.0165657
-0.0703536
-0.06789
0.0982441
0.103091
-0.0106484
-0.0378492
-0.0555711
0.0409771
-0.100796
0.0304425
-0.0324097
0.0998419
-0.0909925
0.1017
-0.104649
0.024548
0.100515
-0.0848357
-0.0648395
0.0334566
-0.104673
0.00694573
0.067227
0.0746086
0.0585045
0.0145768
0.123506
0.0726157
0.00761277
-0.0620261
-0.00478691
0.0439573
-0.0977317
-0.0763538
0.0619018
0.0413734
-0.0655107
0.0894904
0.0220071
0.126325
-0.00944228
-0.0113425
0.124073
-0.107064
-0.102494
0.0095341
-0.0372384
0.000956466
0.0951953
0.0151463
0.119424
-0.00467457
-0.24328
-0.0201456
0.0115184
-0.0837899
-0.0805936
-0.0136577
-0.152482
0.13685
-0.0137018
0.19874
-0.0674218
-0.0212814
0.00774395
0.136474
-0.0526359
0.106899
-0.00379807
0.115205
-0.0140922
-0.049956
0.00283415
0.0226444
-0.149078
-0.0941932
0.00772226
0.0644449
0.0706981
0.0474889
0.065165
0.0197477
0.139237
0.00855079
-0.0545002
0.0527435
0.118922
-0.0316281
-0.0851804
0.0521161
0.0651461
0.0411352
-0.159904
0.056124
-0.0217705
-0.0301012
-0.000356501
0.188451
0.0216302
0.00437388
0.0556682
0.0247986
0.117898
-0.00906584
0.0715165
0.0566415
-0.0677759
-0.0477431
0.000334686
-0.0755257
0.0799301
-0.048523
0.0617246
-0.0283617
0.00983879
0.0526798
-0.0922174
-0.182066
-0.0105248
0.0608776
-0.0493374
0.183432
0.0529517
0.0441127
-0.169395
0.11555
-0.0224262
0.0106024
-0.028449
0.0867666
0.0401779
0.0427274
0.0971886
-0.0333148
0.0347543
-0.0149628
0.0123894
-0.00578549
0.0445829
0.0241426
-0.0974572
-0.0930285
0.0239939
-0.0666539
0.00789045
-0.0551899
0.0224888
0.111788
0.00322563
-0.00161985
-0.00757593
-0.108831
0.0337337
0.0639219
-0.00471937
0.0633994
-0.0737331
0.0445578
-0.0651563
0.0201705
0.0269827
0.0272392
0.0822651
0.0358866
-0.0284537
0.0401084
0.0127379
0.0297877
-0.0360029
0.00323153
-0.233959
-0.0532492
-0.244875
0.0261884
0.0951208
-0.137821
0.00776614
-0.145394
0.000657325
0.00265153
0.133309
0.0129043
0.140749
-0.0252137
-0.0122992
0.0925691
0.172549
0.0697921
-0.0268811
-0.0388583
0.0346141
0.157805
-0.0699483
-0.0113411
0.0530894
-0.0311595
0.061737
-0.0634497
0.0560165
0.02565
0.0214626
-0.00289009
-0.0871358
-0.0648879
-0.0323955
0.0753255
-0.0262245
0.0566259
-0.208501
-0.0167049
-0.225721
0.123146
-0.10769
0.104004
-0.0388053
-0.12163
0.0448753
0.163443
-0.0333365
-0.0223362
-0.0998304
-0.0415118
0.10236
0.040564
-0.0121413
0.00374411
-0.0452535
0.0357881
-0.00496668
0.0791978
0.0899962
0.0213297
-0.0207214
0.0615707
-0.00787299
-0.073088
0.11611
0.0388577
0.0282851
0.0192895
-0.0861614
-0.0580139
0.0373537
0.0546263
0.0158174
0.041077
-0.026981
-0.0503361
-0.0543374
-0.0109259
0.0115272
-0.0525369
-0.0159401
0.0335214
0.0307137
-0.0724689
0.0160828
-0.0458771
-0.0767589
0.000718064
-0.0391495
0.0189475
0.0431383
-0.132947
-0.00290434
-0.0896076
0.0710596
-0.00629501
0.123679
0.0511333
-0.0395476
0.028313
-0.0937348
-0.0457998
-0.175987
-0.0880368
0.0612492
-0.102627
-0.0231703
-0.0192384
0.0955063
-0.000907419
0.012889
0.00997179
-0.032704
0.111707
0.00434067
0.0281461
0.0438728
0.059611
-0.0278115
-0.035481
0.0955437
0.0755252
0.104668
-0.00251608
-0.011247
-0.0064884
-0.0522887
0.0451002
0.0885601
-0.0245963
-0.0180775
0.0102305
0.0680327
-0.0107667
0.0673145
-0.038754
-0.0238312
0.0235917
-0.0570281
0.0482333
0.0213586
-0.0804264
0.18867
0.0672963
0.0370314
-0.0146155
0.0281561
-0.0250773
-0.00288978
-0.0671721
0.0242133
-0.0318074
-0.0101792
-0.0199581
0.0725937
-0.0590179
0.0495741
0.0208495
-0.115203
0.0141708
0.115741
0.0672763
-0.0255208
0.100656
0.0310584
0.0184714
0.0340445
0.0396346
0.0381094
-0.0222954
0.00537693
0.100535
0.011452
-0.0274029
-0.0758885
0.139208
0.010554
-0.0484829
-0.0293825
-0.0138568
0.028264
0.0562124
-0.0233848
-0.03058
-0.0219176
0.101643
0.0171825
-0.0201913
0.0316532
0.0563945
0.0328265
-0.066599
0.0600959
0.0297746
0.0213563
-0.0170168
0.0143461
-0.0416928
0.0643451
0.0260455
0.0729333
0.0310131
-0.0139437
0.0258845
-0.00502004
0.00471586
0.0328941
0.0285901
-0.037738
0.0310946
0.0176397
0.00202371
-0.127341
-0.0310467
0.0710607
0.0621006
0.0225823
-0.0102057
0.0407894
-0.0285887
0.0184334
-0.0474617
0.057444
-0.018277
-0.0111024
-0.03913
0.104833
0.0574647
0.0152827
-0.00827892
0.11306
0.0449927
0.0424792
-0.0233024
0.010253
0.0601694
-0.00639285
0.0199201
-0.0709927
0.00562959
-0.0476873
-0.104463
-0.0531291
-0.0339483
0.000882117
0.108063
0.0333331
0.0310629
-0.00509686
-0.00984103
0.0805949
0.0237561
-0.0584339
-0.0266639
-0.08214
-0.00699576
0.0119533
0.0781805
-0.122418
0.0194412
0.0722348
0.0192013
0.0111559
-0.0189229
0.0655555
0.0206205
0.00778111
0.0296896
0.0553607
-0.0389601
0.00936675
0.0380563
0.106425
-0.0133397
0.0118969
-0.0557446
0.00903203
-0.0341179
-0.239447
-0.243196
0.0112556
-0.0197225
0.0437714
0.0523283
0.0123181
-0.0132215
-0.120902
-0.0339849
0.0227201
0.0771566
0.0236604
0.0135285
0.0536867
-0.00711252
-0.0215147
-0.0990701
0.0259203
0.070543
0.0115294
-0.0127102
-0.0874205
0.161936
0.0215814
0.0126803
-0.029131
-0.0163954
0.0102701
0.0633899
-0.0194744
0.0550229
-0.0436046
0.116427
0.00864751
-0.0563618
-0.0310199
0.0917181
0.0121192
0.0266732
0.0310661
0.0693063
0.0182913
-0.0125266
0.0335986
0.00787302
-0.146435
0.0425685
-0.0106043
0.00174758
-0.103484
-0.101187
0.0954052
0.0457495
0.0487943
0.058374
0.0360316
-0.0297352
0.0546906
-0.16827
0.179794
0.0656453
-0.0429057
0.0850605
0.0577666
-0.0456196
0.019204
0.111474
-0.0404352
0.00275773
0.0197539
0.0218869
0.00482423
0.00820654
0.0345919
-0.0241599
-0.0226685
0.0929699
-0.0103176
-0.117082
-0.0497549
0.0636195
0.0611733
0.0808025
-0.0309703
-0.0410103
-0.0544443
-0.0311709
-0.0781969
0.146223
0.00263281
-0.0908581
0.0653606
-0.0746986
-0.0974148
0.0405525
-0.0188994
0.112853
0.0487734
-0.00523823
0.04114
0.0535136
0.0307733
0.0218583
0.0196346
0.0158871
-0.0624794
0.0718253
-0.00989713
0.0732656
-0.00324043
0.00825105
-0.0394552
-0.0701072
0.0171976
0.13189
-0.0265831
0.0781188
-0.0282952
0.000641284
0.0282877
-0.063051
-0.150598
-0.0793231
-0.0732656
0.00473422
-0.00994981
-0.0593927
-0.101495
0.04481
0.00158955
-0.108998
-0.17825
0.0177235
0.0362682
0.0995198
-0.034895
0.0498876
-0.219674
0.0214877
0.184427
-0.0121939
0.0592458
0.129453
-0.00878226
0.0351068
-0.0359467
0.0285427
-0.0231353
0.11567
-0.0146729
0.0144536
-0.0165078
0.0604489
0.041839
0.0351308
0.0156015
0.0605886
-0.0147854
0.0220014
-0.0522246
0.0147339
-0.0633276
0.144196
0.046173
-0.0275552
0.0448778
-0.00446579
0.0224696
-0.0165617
0.0215477
0.0246216
0.00878038
0.00517829
0.0754387
0.0173234
0.0538481
0.0744761
0.00909554
-0.0268946
0.0293861
0.00582339
0.0254625
-0.0705931
0.0718723
0.0364721
0.066921
-0.0692846
0.077477
-0.0380755
-0.0222428
0.110326
0.0308271
-0.108608
0.0990512
-0.0749246
-0.0907712
0.0172515
-0.112903
0.0297169
-0.0378843
0.0773654
0.15429
0.0583541
-0.00939933
-0.00342063
0.0851125
-0.134684
-0.0177634
0.124028
-0.0411866
-0.0164693
0.114121
-0.0954915
0.0665942
-0.0264961
0.0181249
0.0810775
0.0450004
0.0513977
0.0248691
0.102524
-0.0273747
0.0392491
0.0525668
-0.176953
0.0420599
-0.127389
0.0160518
0.0880619
-0.0547478
-0.0419698
0.079787
0.0714041
0.0703952
0.0386424
0.0385897
0.0112223
-0.0443236
0.032483
0.0293136
-0.0213275
-0.0723414
-0.016582
-0.123329
-0.0707392
0.0679757
0.133348
-0.072979
0.0921539
-0.0631228
0.105062
-0.00923934
-0.108797
0.132365
-0.220222
0.0219823
-0.0166328
-0.0443025
0.142071
0.0792075
0.0377722
-0.119748
0.0108074
0.0687271
-0.0547052
-0.0944724
0.105279
-0.0690015
0.05938
0.068735
0.0397968
0.0550928
-0.0318707
-0.0307732
-0.152664
-0.124007
0.0181679
-0.288749
-0.00962587
0.0565797
-0.38349
0.180232
-0.065367
0.144456
0.117167
-0.00691167
-0.220071
0.181047
0.0393304
-0.0175624
-0.0182597
-0.186751
0.0925519
-0.228006
0.146005
-0.112879
-0.140827
-0.0224082
0.190828
-0.0827966
-0.0216594
0.0577949
0.0407699
0.0321957
0.0341437
-0.0417445
-0.0549928
0.0345379
0.147261
0.111024
0.0605528
0.0196993
-0.145564
0.0899221
-0.0275547
0.0422233
-0.103845
0.0243092
-0.145257
-0.0924723
-0.0450241
-0.0291077
0.223889
-0.0258979
-0.0823963
0.156466
-0.0328028
0.0472362
0.0805619
0.0605008
-0.0311785
-0.0862641
0.122395
-0.0721625
0.115001
-0.10575
0.0340222
0.0594015
-0.0543635
-0.00202471
0.0643984
0.122564
0.0443796
0.0127089
-0.0292714
0.0378113
-0.0794856
0.103379
0.0124873
0.0236028
-0.00197602
0.0509236
-0.0144106
0.0580632
0.0154603
-0.0217413
-0.0804147
-0.0550345
0.0513594
-0.0348056
0.0623357
0.0160289
-0.0135741
-0.00977566
0.00924044
-0.0657017
0.107959
0.0406863
-0.101851
0.00655967
0.0883149
0.0294232
0.0258921
0.0122803
-0.00822422
-0.011655
0.0799447
0.0646005
-0.000657139
0.0325022
0.0614703
0.0420569
0.0290039
-0.0059406
0.0177003
-0.129783
0.0865073
-0.0101117
0.00760629
-0.0224833
-0.0208645
0.0276955
-0.026693
0.0077497
0.0124856
0.0447046
0.0489541
-0.042889
0.0574661
0.0994868
0.0303007
0.0190789
-0.0268105
0.044613
0.0270904
-0.0213608
0.0763394
0.000810978
-0.0412078
0.0177707
0.0106816
0.0235956
0.000379329
-0.0610684
-0.146822
0.019463
0.108685
-0.0663628
-0.0800694
0.0514238
0.0628386
0.0184596
0.0475668
-0.00368104
0.0574143
-0.00727502
0.058033
-0.00019707
0.0768949
-0.0166173
-0.030547
0.0218952
-0.0103819
-0.104778
0.123118
0.0128535
0.00811495
0.139612
0.0107162
-0.05236
-0.0586438
-0.0168734
0.00932685
-0.0497747
0.139905
0.0400414
0.0465447
-0.0454881
-0.0872389
-0.00918281
0.0982689
-0.0287763
0.0248062
0.108657
-0.0257813
-0.064492
0.0177447
0.0074395
-0.0220105
0.0622604
0.0317414
0.0236271
-0.0186748
0.058701
-0.0891462
0.0602763
-0.0688496
0.0469137
0.0578902
-0.00507612
0.000671679
0.0265023
-0.0807266
-0.0810858
0.0449267
0.00154836
0.0817452
-0.291894
-0.111478
-0.114656
-0.0275366
-0.103181
0.0538674
-0.00105767
0.129718
-0.0036929
-0.0453551
-0.103657
-0.248011
0.15786
-0.0118696
0.152302
0.00959517
0.049135
0.201466
0.0645202
-0.11388
-0.00137156
-0.0329667
0.13628
0.00103667
0.0524875
0.0966748
0.00326846
0.0119305
0.100502
-0.020143
-0.0114444
0.0604487
0.0980999
0.00843341
-0.0440056
-0.0722428
0.132968
-0.0190403
-0.0376562
0.103822
0.0202378
-0.046058
0.0258819
0.0183923
-0.03452
0.0657676
-0.00568239
-0.072539
0.0514851
-0.0967326
0.0360593
0.00886275
0.0895998
-0.0498771
0.0368432
0.0906259
-0.197847
-0.0385542
0.0551193
-0.145107
0.0183903
0.0340457
-0.046399
-0.000339812
0.0265914
-0.0159859
-0.0662527
0.0478586
-0.146315
-0.0905088
-0.0512113
0.0387961
-0.0456766
0.0590697
0.157681
0.117221
-0.0885348
0.0295381
-0.0179317
-0.0849901
-0.0597942
-0.00933686
-0.117217
-0.0445546
0.0637392
0.0597655
0.00805566
0.0911206
0.00859166
-0.0863672
0.0557886
0.0629092
-0.119773
-0.0582895
0.0823976
0.0362202
0.017465
-0.0619444
-0.0836226
0.0872319
-0.154981
0.0681778
-0.191272
-0.113547
-0.207603
-0.0227301
-0.0105839
0.171062
-0.205936
0.0780472
-0.0847523
-0.0659951
0.188944
0.194604
-0.146177
-0.268569
0.147311
-0.0827388
-0.343507
0.206301
0.0508136
0.0112019
0.162335
0.0299801
0.0615442
-0.00450867
-0.19692
0.0850437
0.0881273
0.0864368
0.0232092
0.0107388
-0.245273
0.0224314
-0.241675
-0.0224808
0.11556
0.0385833
0.0934093
-0.07961
-0.0961911
0.178529
0.229262
-0.0781174
-0.00271419
0.0124267
-0.0723136
0.0852814
-0.0029377
-0.0427654
0.131617
0.00584484
-0.00440249
0.0379559
0.0550108
-0.0292926
0.0960905
-0.0392528
0.0270916
0.0199514
-0.136882
-0.0329741
-0.0382509
-0.0888854
-0.00384005
-0.163286
0.0460464
-0.0363827
0.125283
0.0615154
0.0362135
-0.000659794
0.0866717
-0.19956
-0.00158655
-0.0634134
-0.00713733
-0.0369571
-0.188808
-0.183499
0.0899643
0.0579816
0.0458106
-0.0358935
0.0226182
-0.242312
0.0861688
-0.153849
0.00164608
0.17185
-0.072926
-0.00636729
0.203357
0.0291001
0.0969842
-0.0399229
-0.0857014
0.164034
0.011472
0.0554218
0.0464547
-0.0369588
0.00995569
-0.165142
0.0133534
-0.16177
0.000418334
-0.0669675
-0.0332539
0.0828825
0.0421018
0.0548975
-0.135358
0.00724853
-0.162259
0.0400901
-0.00782206
-0.0668402
-0.00758037
0.0191275
0.0489111
-0.233237
-0.0135582
-0.108252
-0.134569
-0.5314
0.117019
-0.405035
0.386214
-0.0119677
0.0109863
0.0962372
-0.0844868
-0.0128575
0.111831
0.0437202
-0.319139
0.0534841
-0.187537
-0.0522089
-0.0879467
0.304834
0.0694599
0.0321237
-0.164073
0.116155
0.0468864
-0.0894149
0.0180167
-0.133228
0.149235
0.146849
0.0287276
-0.131308
-0.146162
-0.1241
-0.159552
0.240504
-0.188089
-0.197095
-0.114966
0.206544
0.0132968
-0.167693
-0.1
-0.34494
0.274552
-0.181064
-0.163951
0.349973
-0.0546563
0.123099
0.00762607
-0.0243632
0.279904
0.190855
-0.0109325
0.0729252
0.0809383
0.0165613
-0.00956134
-0.0352431
-0.103122
-0.113682
-0.0206719
0.157932
-0.0283234
0.214398
-0.0644676
-0.0513208
-0.0192027
0.0484901
0.125321
-0.0191199
-0.0313738
0.0333118
0.167134
-0.00918554
-0.0572182
0.0722526
-0.135403
-0.106322
0.00674412
0.0178773
0.136684
-0.0109193
0.0440303
-0.215238
-0.159906
-0.0170961
0.0654605
-0.123409
-0.0323643
-0.00625578
0.00458307
0.00325359
0.138024
-0.153939
0.0293636
-0.0933604
0.010478
-0.245157
-0.0105868
-0.119801
-0.198056
0.0523324
0.0168168
-0.0402697
0.0498509
-0.165036
-0.0316412
-0.170662
-0.0428294
-0.049827
0.144405
-0.214296
-0.059812
0.0506531
-0.192477
0.0647821
0.0416306
-0.192111
0.122381
-0.204978
0.163056
-0.116798
-0.271256
0.02592
-0.256952
0.0551755
0.172799
0.154829
0.0428164
0.00357483
0.214223
-0.0614823
-0.00133972
-0.102513
-0.0319278
0.0483023
-0.0297362
-0.0710728
-0.10882
0.327878
0.0902464
0.0482468
-0.0224647
0.159634
-0.0599323
-0.214041
0.00715027
0.0307812
-0.213616
-0.038816
-0.139294
0.118709
-0.0678595
0.0277467
-0.00699384
0.235889
0.0571082
-0.00483983
0.149501
-0.050455
-0.289101
-0.2387
0.307706
-0.0583716
-0.0709112
-0.0435459
0.152797
-0.373063
-0.275893
-0.254883
-0.0991433
0.826899
-0.158448
-0.136175
-0.0512591
0.236311
-0.152976
-0.510333
-0.106458
0.0589405
-0.166152
0.255121
-0.859813
-0.0649444
-0.584925
-0.185385
-0.740842
1.08769
0.35937
-0.547252
-0.702154
0.439281
0.245505
-0.140672
-0.36293
-0.015002
-0.567067
-0.414486
-0.246461
0.941132
0.146466
0.288558
0.115412
0.65614
-0.145113
-0.519026
0.140101
0.0751797
-0.639653
-0.23531
0.0921377
0.202199
-0.366734
0.0188853
-0.294663
-0.212683
-0.313917
0.711307
-0.0609919
0.0617507
0.125675
-0.0824681
-0.646494
0.19356
0.0141509
-0.114327
-0.511674
0.722124
0.157358
0.106531
-0.076799
-0.259434
-0.0612739
0.127238
0.0260471
0.105423
0.0643888
-0.236862
-0.0419245
0.0130518
0.1515
0.250301
0.15397
0.227514
-0.0593257
0.0115773
-0.263635
-0.0909107
-0.231777
-0.362294
-0.194401
0.162222
-0.181103
-0.188293
-0.190645
-0.179941
-0.0496435
0.293207
-0.0324517
0.333453
-0.13623
-0.0877238
-0.264272
0.114945
0.19424
-0.00111024
0.231153
0.123454
-0.223012
-0.098114
-0.226248
0.0347965
-0.182366
-0.400984
-0.0876295
-0.0479611
-0.606298
-0.0899777
0.0288906
-0.14174
0.288504
-0.246754
-0.621024
-0.243181
0.243724
-0.602357
-0.47536
-0.215279
0.675839
0.0482062
0.256588
-0.0842783
0.253375
-0.053731
0.27368
0.189024
0.133698
0.561422
0.016317
0.26545
0.134304
-0.0851346
-0.679911
0.389258
0.10769
0.465485
0.0523806
-0.124568
-0.077759
0.225767
0.2729
0.231452
-0.00230162
0.190229
0.194358
-0.429671
-0.0243312
0.222359
0.0324366
0.275378
0.0918384
-0.174527
0.217138
0.143236
0.315962
-0.0541578
0.210611
-0.145299
0.344425
-0.151454
0.067528
-0.481622
-0.0566384
0.142667
0.204957
0.108951
0.173577
-0.317948
0.0625024
-0.0200428
0.163842
0.00745645
-0.0800998
-0.133125
0.310992
0.00584861
-0.199828
0.00584887
0.0201739
-0.140033
0.0906057
0.113155
0.139925
-0.098045
-0.305707
-0.0919008
-0.293489
0.110172
0.0591939
-0.425873
-0.0417454
0.307469
-0.0526367
-0.0577941
0.139573
-0.0173169
0.197408
-0.268192
0.00716118
-0.204675
-0.128625
-0.206174
0.116963
-0.178677
0.211066
0.127126
0.361641
0.0536717
0.0257714
0.120694
0.15939
0.0480029
0.157641
-0.04016
0.0913027
-0.165397
0.133827
0.261145
-0.117448
0.163378
0.0250374
-0.00208446
0.0789529
0.128628
0.0811475
-0.143804
0.129802
0.129486
-0.126697
-0.277573
0.13524
-0.0545447
0.123303
0.231971
0.207174
0.0530777
0.0358973
-0.0354746
0.0876071
-0.111819
-0.204681
-0.0880577
0.0745733
0.125942
0.155758
-0.00904531
0.114285
0.0209542
0.082582
-0.00435871
0.0341675
0.153463
0.0499571
-0.0420848
-0.187447
0.00825332
0.0743536
-0.12368
0.0648515
0.161309
0.0370674
-0.0394955
-0.180213
-0.175284
0.0782305
0.271667
-0.0193327
0.105953
0.0450646
0.154617
-0.0882807
0.173777
-0.0034793
-0.0772996
0.112661
-0.0813627
-0.0215602
-0.151062
-0.166346
-0.180522
-0.075076
-0.22768
0.202699
-0.317753
0.107299
-0.158845
0.197973
0.0874005
-0.0144466
0.226375
-0.0226868
0.109309
-0.0245847
0.0321463
0.143374
-0.10181
-0.0198819
-0.221648
-0.137442
0.195642
-0.108614
0.0146974
-0.366956
0.128189
-0.125584
0.282317
0.00745863
0.0190578
0.13618
-0.0601605
-0.170031
-0.0753086
0.0669808
0.0115364
0.106885
-0.0155115
0.119702
-0.092984
-0.090946
0.117782
0.106682
0.0549168
0.0833588
0.031569
-0.0548424
0.126785
0.0045477
0.0282165
0.0366439
0.0429797
-0.015286
-0.0808356
0.0317728
0.06219
-0.141243
0.0160275
0.0829861
-0.247559
-0.1085
-0.135839
-0.0866566
0.015462
-0.184722
-0.180947
0.13479
0.0527054
0.180864
-0.10968
-0.350901
-0.279
0.05861
-0.0571256
0.200983
-0.0780663
-0.0192533
0.0410643
0.078625
0.16843
0.0162956
0.0396747
-0.0310738
-0.223966
0.0574298
-0.238497
0.107413
0.119126
0.0517448
0.14529
0.0456531
0.196531
0.0537601
-0.0189525
0.125728
-0.043294
0.0107923
-0.085433
0.109627
0.124217
-0.0514056
-0.0430371
-0.0284661
0.0630467
0.0144015
0.102878
0.0127597
0.0178042
-0.0440832
-0.0677715
0.15577
0.0601463
-0.08403
-0.144132
0.123624
0.0809479
-0.0413405
0.12206
0.0250193
-0.228607
-0.0967142
0.211005
-0.0978617
-0.187713
0.0482992
0.0251685
-0.333277
-0.245882
0.0900348
-0.0615932
0.0307608
-0.480968
-0.127573
-0.435867
-0.332798
1.0684
-0.0461504
0.0738976
-0.0718954
-0.540053
0.023056
0.242846
-0.351454
-0.170007
0.130797
-0.262119
-0.346319
0.212973
0.444465
-0.0797749
0.0349002
-0.13641
-0.0499451
0.150156
-0.386678
-0.055425
-0.0475495
0.197632
0.249689
0.137862
0.265153
0.193368
-0.00976538
0.00305362
0.0887685
0.0279722
-0.0972545
-0.122102
-0.206715
0.00969825
0.084241
-0.454445
0.0391668
-0.192391
0.068437
-0.118818
0.266
0.33349
0.114596
0.115539
0.0189966
0.16144
-0.0227961
-0.157104
-0.157017
-0.0215897
-0.0659407
0.076066
0.272518
-0.0436725
0.10423
0.161097
-0.0359942
0.00706986
-0.0358085
0.24727
-0.0230079
-0.0148401
-0.0764429
-0.103097
0.121224
-0.0383696
-0.325394
-0.0193781
-0.0323072
-0.0313535
0.126353
-0.0639725
-0.207168
-0.122659
0.0701493
-0.158904
-0.117176
0.137764
0.0414584
-0.0596199
0.0177054
0.316893
0.0207541
0.110875
0.0101935
-0.129317
0.0902053
0.134277
-0.0121271
0.0805219
0.00110462
-0.0626364
-0.0906854
-0.0807726
0.114162
-0.00617435
-0.182669
-0.0504578
0.168791
-0.00668905
-0.0254525
-0.0826811
0.0649501
-0.0557164
-0.148364
0.206431
0.0283799
0.0599078
0.0283959
0.0418242
-0.0420748
0.188589
-0.0238636
-0.0155039
0.0928203
-0.0118187
0.0901616
0.0885834
-0.0371797
-0.047092
-0.0334171
-0.0528931
0.121048
-0.0274719
-0.12463
0.0999897
-0.101935
0.135233
-0.128658
0.0161419
0.163293
-0.244155
-0.0964125
-0.0125366
0.0781582
-0.207052
0.0368962
0.116236
-0.0515012
-0.194886
-0.20894
-0.00489821
0.00238172
-0.051083
-0.270674
-0.108627
0.238092
0.246367
0.0332098
-0.0951342
0.0909784
0.138998
0.0682233
-0.0225349
0.0716214
0.0357883
-0.145099
-0.0214092
-0.14712
0.150576
0.176574
-0.00155775
0.0196543
-0.126262
-0.0317514
0.0110119
-0.146503
0.129523
0.0540465
0.00221419
0.0416666
-0.0462999
-0.238374
0.139056
0.375068
0.0903917
0.0710624
-0.054177
0.114928
0.0560147
0.0368423
0.137435
0.0284741
-0.0982932
0.030432
0.137426
-0.1292
0.0114984
0.21319
0.0566634
-0.0930126
0.0773118
0.0770565
-0.0258483
-0.0223305
-0.0382816
0.0434515
-0.0255446
0.0820618
0.149492
0.0046606
-0.051625
-0.366057
-0.106839
-0.0292188
0.00863293
0.181041
0.0521508
-0.107103
0.00518149
-0.0380781
-0.00712985
0.00331947
0.0933326
0.0391967
-0.160261
-0.100776
-0.0268851
-0.203353
-0.250536
0.144757
0.0266949
0.154487
0.0137917
0.0654536
0.148911
-0.0176873
0.0113468
-0.104667
0.100686
-0.125206
0.110004
0.0182101
0.0232238
0.120554
-0.0370335
0.0650461
-0.0103765
-0.156535
0.0355476
-0.119845
-0.0057084
-0.296069
0.0307438
0.118147
0.142338
0.0558165
0.138274
0.0636646
0.0168623
-0.00904148
-0.036687
-0.181036
-0.0798514
0.0973762
-0.131757
0.145668
0.0212834
-0.111127
-0.0107366
-0.0363502
-0.128279
0.0163816
0.0538001
-0.150879
-0.33723
0.0240838
0.112848
-0.0710541
0.0783248
-0.0189273
0.151917
-0.116001
-0.0795631
0.0525117
-0.137842
0.0240635
-0.145509
0.0552343
-0.134349
-0.0180952
0.137386
-0.218687
-0.0332303
0.122357
-0.203237
0.205974
-0.043987
-0.276495
-0.162576
0.0742498
0.0813231
0.208551
0.160931
0.162175
-0.0199253
-0.0974791
-0.246793
-0.0240797
-0.353648
-0.404226
0.117016
0.177832
-0.107943
-0.102398
-0.31085
0.190358
0.299718
0.369292
-0.0152085
-0.250639
0.0265356
-0.285484
0.0344109
-0.0672261
-0.394607
-0.255863
-0.15565
-0.530062
-0.0698113
-0.237644
0.0521027
-0.688098
0.401446
0.392416
-0.0872404
0.126274
-0.634296
-0.248951
0.176023
-0.104381
0.184608
-0.0245539
-0.0972284
0.227771
-0.0229442
0.297986
0.0689123
-0.397057
-0.494666
-0.200263
0.415628
0.0691583
-0.505826
-0.397254
0.216794
0.265617
0.3493
-0.0653237
-0.321784
0.189445
-0.166018
-0.462502
0.135062
0.326888
0.47861
-0.047333
0.204659
-0.140346
-0.131493
-0.27596
0.386637
0.349141
0.127978
0.359957
-0.0386005
0.288778
-0.377565
0.245637
-0.23293
0.034838
0.200265
-0.384977
0.275928
0.0715827
-0.106384
0.00711431
0.534703
-0.179205
-0.389272
-0.704415
0.228521
0.31759
-0.269752
0.131018
0.0737645
-0.385455
0.0967782
0.361692
-0.201266
-0.108479
0.0791753
-0.144292
0.02251
-0.486013
-0.155497
-0.262608
0.00344873
0.0120755
0.449534
0.0336511
0.429079
-0.0157571
0.150696
0.286863
-0.0492594
-0.125262
-0.438764
0.331475
-0.386597
-0.0305769
-0.287733
0.136055
-0.0379933
-0.016497
0.282589
-0.09758
0.139097
0.0309288
-0.0999942
-0.0857728
0.0753949
0.120815
0.238929
0.122792
-0.205692
-0.372081
-0.0826718
-0.168068
0.303145
0.0253169
0.20639
-0.120317
0.138855
0.0687469
-0.0313554
0.241842
-0.0127413
0.17468
0.0136509
-0.056035
0.169512
-0.102422
-0.122229
0.0474397
0.272042
0.00734457
0.0997193
-0.0303386
0.0619742
0.107061
-0.00923685
-0.177373
0.00503509
0.0467041
0.0408385
-0.0873105
0.107879
0.106405
-0.00799161
-0.0921239
-0.14927
0.106849
-0.109118
0.0224782
0.00373738
0.288845
0.0426347
-0.0684842
-0.344883
0.110882
0.160521
-0.111667
-0.0133652
0.205575
0.0304969
0.0845009
0.0518739
0.0302381
-0.105496
-0.12994
-0.171206
0.0209862
0.080878
-0.0726983
-0.0285399
-0.335539
0.0446676
-0.0195497
-0.205644
-0.24511
-0.0196311
-0.510401
0.158473
0.121836
-0.34928
0.0359671
0.361709
-0.245184
-0.202921
0.0798288
-0.390991
0.244799
0.287292
-0.0662653
0.183652
-0.127038
-0.263277
-0.0670921
-0.142359
0.253104
-0.240086
-0.119012
0.167856
0.0288126
-0.277558
-0.259177
-0.0209138
-0.147344
-0.0308821
-0.0282876
0.335523
-0.374925
0.112727
0.0357924
-0.0744241
0.0381206
-0.180569
0.000978777
-0.104523
0.118588
0.0631729
0.343576
0.0876232
-0.073996
-0.282646
-0.0699108
-0.065617
0.146134
0.231222
-0.288698
0.329517
0.21099
0.0141684
-0.0648055
-0.410132
-0.111649
0.254736
0.0663296
0.638604
0.0240841
0.12889
-0.0784126
-0.205459
-0.256419
0.0585087
0.0401866
-0.00494055
-0.202301
0.0958741
-0.0364288
-0.0941718
0.0425048
0.0528964
-0.4484
-0.280041
-0.274341
0.115992
0.547094
0.288632
0.276472
-0.062471
0.0270313
-0.474924
0.614873
0.152559
0.216309
0.00658915
-0.00763317
-0.0722332
-0.0108454
0.0849619
0.184835
0.129358
-0.101547
0.236679
-0.111035
-0.137754
-0.0489905
0.0884411
-0.0132374
-0.0330299
-0.10969
0.214144
0.109782
-0.0292163
-0.0623052
0.42211
0.206934
-0.0113097
0.0832959
0.118317
-0.107465
0.231337
-0.0932849
-0.242167
0.0150421
-0.16909
0.101078
-0.0778643
0.0412143
-0.334785
0.0272926
-0.231989
0.2791
-0.0176086
0.0253296
-0.0153577
0.232587
-0.199922
-0.0369207
-0.0413763
0.124745
-0.0786676
0.0506582
0.249849
0.154372
-0.0298526
-0.201668
0.0028176
-0.18307
0.0815782
-0.114033
0.0362482
-0.152418
0.111854
0.0115513
0.170371
-0.0237206
-0.143633
0.0892215
-0.253072
-0.0640955
-0.00861232
-0.0391385
0.138864
-0.0524554
-0.0592524
-0.204567
0.300486
-0.0254881
0.0812863
0.102753
0.052755
-0.0743038
-0.0260194
-0.0170561
0.277325
-0.0503215
0.0428099
0.103693
-0.0544507
-0.0749996
-0.0862554
-0.222344
0.149714
0.11443
0.0640571
0.0263105
0.0605652
0.0935396
0.109187
0.0408532
-0.0399655
0.0454032
-0.0825544
0.373918
0.00972688
0.0294955
-0.0378787
0.032783
0.218888
0.0717712
0.0293648
-0.0637081
0.0437424
-0.0732778
0.141668
-0.0189064
0.0442562
0.0474768
-0.0775753
0.10054
-0.0167627
0.0957331
-0.00307354
-0.342256
0.0858942
-0.0691182
-0.460795
0.104214
-0.0656821
-0.122589
0.139229
-0.0606931
0.0690778
0.0405917
-0.100551
-0.0333891
-0.0509306
0.15627
-0.0825025
-0.318402
0.13878
0.0728615
-0.501475
0.175165
0.0593609
-0.15564
-0.0853372
0.274242
-0.0468094
0.0298114
0.159786
-0.0693897
-0.0423466
-0.175419
0.242015
-0.0434267
-0.0856774
-0.160518
0.218032
-0.050069
0.0684899
-0.253186
-0.0953371
-0.0921051
-0.00985906
0.140037
-0.230689
-0.0304932
0.063412
-0.00461077
0.12561
0.314118
0.05776
-0.151464
-0.0962342
-0.061556
-0.0965696
0.0627264
0.179395
0.164201
0.288562
0.0439642
0.0519795
-0.0508807
0.217612
-0.0961626
-0.0115646
0.103361
-0.0351041
0.152353
0.077784
-0.0960521
0.112532
-0.0653076
0.0833542
0.102115
0.029135
0.0344822
-0.0556742
-0.0454568
0.0674753
-0.310867
-0.0658367
0.154067
0.207995
-0.162671
0.065838
-0.0792018
-0.0910542
0.0452893
-0.0963515
-0.266374
0.0999463
-0.0810414
-0.164264
-0.162532
0.0574419
0.0226656
0.0254923
0.00234625
-0.0945439
-0.314186
-0.191156
-0.0938124
-0.0369983
0.201398
0.0438992
-0.124678
0.143519
-0.0608983
-0.0540974
0.33797
-0.175144
0.169747
-0.00574229
-0.0720041
2.55146e-05
-0.158632
0.107498
-0.0432997
0.105737
0.225896
0.0439743
0.0674892
0.00309804
0.124923
-0.0065339
-0.00636767
-0.0891825
0.162832
-0.036669
0.202173
-0.0236799
-0.0130902
-0.0442998
0.0924909
0.181446
0.0233361
0.0442969
0.0676677
0.0478655
0.121972
-0.248872
-0.142339
-0.0718002
0.252683
0.0187059
-0.212415
-0.237192
0.0980055
0.0963267
-0.132754
0.181979
-0.0280227
-0.135995
0.0777834
0.120569
0.115329
0.0507157
0.131901
-0.0227104
0.014371
0.104253
0.0111827
0.02984
0.141944
-0.0494653
-0.0317362
0.0841636
0.0136417
-0.120524
-0.127467
-0.120465
0.306249
0.0672925
-0.0444228
0.157482
0.0662131
-0.0288435
0.0968583
0.152575
0.0243058
0.0185395
0.0430152
0.144131
-0.0399968
0.037911
-0.00432349
0.0565505
-0.240983
0.127289
-0.146307
-0.0240451
0.224489
-0.0468304
0.0958457
-0.0972388
0.0761174
-0.113931
0.0889499
-0.209367
0.0519762
0.0767756
-0.0539609
-0.144154
0.0148078
-0.0393026
0.221359
-0.178859
-0.0205521
0.0604738
-0.0103759
-0.0202145
-0.00534099
0.0798539
0.0918212
-0.0408596
-0.153057
-0.197212
-0.0293296
-0.176195
0.0726908
0.0885094
-0.0267235
-0.145131
-0.0945203
0.000483002
0.231324
-0.164446
0.114421
0.176304
0.0603034
0.0706016
0.137768
0.00590124
-0.0200964
0.09622
0.0631561
0.121446
-0.0166816
0.0342585
0.0337838
0.0653235
0.0168055
0.158581
-0.0852028
0.0470022
0.00206295
0.0111586
-0.0187065
-0.0723259
-0.232596
-0.0442166
0.0902544
-0.0571861
0.0382617
0.00349731
-0.266773
0.0593512
0.0262068
0.225354
0.0958465
-0.0047035
0.103397
0.128683
-0.0172201
0.160889
0.011336
0.00922366
-0.0196643
0.00683776
-0.029566
0.0418896
-0.00211474
-0.0367349
-0.0378791
0.0595781
-0.339677
0.355665
0.136706
0.0389951
-0.0983026
0.0575778
0.0387427
-0.0252118
-0.0916733
-0.119816
0.248655
0.0855391
-0.0290563
0.0558575
-0.0581221
-0.166191
0.0948529
0.135934
0.0311007
0.152018
0.0896877
0.102502
-0.102447
0.13737
0.0830479
-0.0847486
-0.147196
0.0230361
-0.133469
-0.108052
0.054463
-0.235969
0.338637
0.0365164
0.147902
-0.119049
0.0660902
-0.174716
0.0336396
0.212937
-0.0884188
-0.000633531
-0.0654234
-0.054822
-0.131384
0.227562
-0.157486
0.0482981
-0.111197
-0.0336424
-0.367783
0.111508
-0.161172
0.0301684
0.106235
-0.109754
0.181567
0.354162
-0.0421098
0.0848862
-0.0346472
0.0548713
0.0766643
-0.064217
-0.0156564
0.15069
0.153259
0.0813369
0.0137187
-0.124849
-0.027161
0.00111889
-0.0859545
0.00916024
0.0154179
0.0842051
-0.103406
-0.134302
-0.0246954
-0.0798606
-0.0394646
-0.0303389
-0.017243
0.130888
0.0532585
0.0945852
-0.14981
-0.133532
-0.272897
0.0888913
-0.191725
0.0613622
0.0400268
-0.133556
0.311895
-0.22398
0.0647456
-0.148622
0.214173
-0.0202567
0.201656
-0.0908773
-0.0591539
0.0695031
-0.0941525
-0.152797
-0.10182
0.00931676
-0.162834
-0.274199
-0.196272
0.0327888
0.138249
-0.0228465
0.0621255
-0.0288583
0.0812563
0.00227572
-0.0195667
0.204235
-0.0463479
0.22705
0.131715
0.0567998
-0.205363
0.0536386
-0.0512988
0.04924
0.186874
0.278082
-0.0113326
-0.0472202
-0.0681086
-0.00433195
-0.0229205
-0.0100182
-0.104669
-0.0303649
0.154255
0.00807758
-0.0742835
-0.143764
-0.15697
0.165692
-0.136028
0.186324
-0.130326
0.176738
-0.0893309
-0.399761
0.152509
-0.0401237
-0.174488
-0.0640433
-0.134777
-0.0940928
-0.0322848
0.00875834
-0.454345
-0.121953
0.335976
-0.0863998
0.275363
0.108826
0.0871967
0.0311837
-0.242461
0.23268
-0.165252
0.0193992
0.302435
-0.211976
-0.226829
0.257151
-0.073406
-0.0992372
0.0851132
-0.00159423
-0.291519
0.0428494
0.0968855
0.13165
0.0706309
0.0139262
-0.0884711
0.380648
-0.014388
0.0420727
-0.0357513
0.0809766
-0.0427318
-0.165424
0.0477007
0.0994704
-0.281187
0.335553
-0.067975
-0.285293
-0.0892626
-0.00865202
-0.317598
-0.284568
0.321713
-0.054255
0.261487
-0.0405627
0.0474068
0.144742
-0.115437
-0.0619057
0.0620312
-0.504851
-0.0248709
-0.0109246
0.362155
-0.332602
0.0942124
0.194177
-0.1607
0.232912
0.215247
0.116686
0.0910245
0.162844
0.241454
0.0244014
0.114822
-0.0535717
-0.0814025
0.0561355
-0.0439642
-0.00863157
0.253457
-0.0332847
-0.0587539
-0.0280473
-0.191654
0.174728
-0.0774354
0.210334
0.0953214
-0.0180458
0.0473275
0.18315
0.0601392
0.0241059
0.0555713
0.0840826
-0.0964056
0.103347
0.0775953
-0.0180081
-0.140195
0.065234
0.120816
0.0160808
0.0569862
-0.0973419
0.215716
-0.0105298
-0.0419221
0.0952279
-0.0910595
-0.0697181
0.105788
0.161593
-0.0517199
0.119026
-0.0809414
-0.106344
0.0365963
0.119513
-0.0445736
0.0867963
-0.0216253
0.169231
-0.0539876
0.0950567
0.0307669
0.0549889
-0.1072
0.116205
-0.176209
-0.242958
0.124589
-0.0398169
0.0322797
-0.0498638
0.0977643
0.160448
-0.11584
-0.230608
0.0216719
0.074207
-0.279892
0.0369174
0.0800281
0.203893
0.00404423
-0.093477
0.0458159
0.144409
-0.0319552
-0.118
0.21964
0.0249969
-0.0138575
0.0177141
-0.211056
0.0179524
0.226389
-0.0491292
-0.105188
-0.0255735
0.0597681
0.0138476
-0.116021
-0.21184
-0.090153
-0.0508439
0.247291
0.0349517
-0.127919
-0.243246
0.0248035
-0.0710271
0.105164
0.106003
0.340652
0.0345567
-0.0528311
0.0847609
0.0665431
-0.53086
-0.0485181
0.212732
-0.14361
-0.0480315
-0.411499
-0.301833
0.260857
0.345445
0.295952
0.0996181
-0.0300576
0.127013
0.165508
-0.00745764
0.111214
-0.133334
-0.0134152
-0.0203153
-0.0531813
-0.301597
0.224869
-0.0339739
0.063111
0.060485
0.074642
-0.102201
0.18511
-0.0422104
-0.0446544
0.109685
-0.112432
-0.300236
0.154667
-0.0461286
0.0683594
-0.00780807
-0.17876
-0.263132
-0.286697
-0.614337
0.569872
-0.0815708
0.333141
-0.0939028
-0.0235891
-0.226104
0.074602
0.258237
-0.32291
0.0694561
0.146441
0.0840799
-0.102263
-0.0635857
-0.0964214
0.161002
0.0707783
0.0182614
-0.268106
0.111172
-0.338273
0.0176149
-0.233884
0.361329
-0.27538
-0.0157835
0.270462
-0.071691
0.118685
0.269658
0.0917386
-0.0793442
0.0676571
0.0455481
-0.0751404
-0.0193839
-0.0958339
0.172281
0.0538522
0.036651
-0.0669372
-0.0438632
0.198383
0.0528998
-0.0472684
-0.115434
0.140414
-0.107936
-8.02046e-05
0.0177541
-0.0102088
-0.0655858
-0.039936
0.136858
-0.189372
0.151154
-0.0262731
-0.2377
-0.00765643
-0.0142943
0.225767
-0.0981203
0.0453578
-0.0233916
0.0695628
-0.156661
0.185568
0.103358
-0.00723985
0.0630561
-0.0603322
-0.013037
-0.249723
0.0116546
0.00717682
-0.229099
-0.0172681
-0.0425304
-0.185906
-0.245054
0.366788
-0.0294001
0.146432
-0.131497
-0.0673625
-0.0185913
0.186394
-0.0407281
0.135804
-0.112797
-0.324833
0.119583
-0.270922
-0.114702
-0.159763
-0.0572106
0.107718
0.0846528
-0.168473
-0.311553
-0.268782
0.103101
-0.495433
0.411771
0.161692
-0.20545
0.150333
-0.0401358
-0.355392
0.253677
-0.0922597
-0.309569
-0.288922
0.122154
-0.215501
-0.480368
-0.326465
0.491111
-0.579555
0.459616
0.314091
-0.0494006
0.244684
-0.153977
-0.119219
0.345834
-0.196799
-0.262154
0.227766
0.219285
0.0793639
0.218244
0.107405
0.077741
-0.0379606
-0.120926
-0.0231229
0.105647
-0.0499297
0.468754
-0.00314989
-0.114659
-0.017932
-0.0662674
0.00177864
0.0458827
0.00101081
-0.126982
-0.162193
0.00331336
0.111342
-0.141644
-0.189476
-0.0776939
-0.305049
0.0766287
-0.248204
0.400002
0.123792
-0.158024
0.404875
0.0896027
-0.0392168
0.0551133
0.0487581
0.113394
0.0399024
-0.024543
-0.15304
0.144137
0.042869
0.119856
-0.200208
-0.0974271
-0.249228
-0.017347
-0.0065645
-0.0453495
-0.0883801
0.139764
-0.132823
-0.0264332
0.0441426
0.00426882
-0.135171
0.12197
-0.0953291
0.150911
-0.277369
0.328673
0.164755
0.00852868
-0.0169107
0.0577015
-0.146564
-0.119657
-0.0244813
-0.154394
0.0739808
0.196908
-0.036667
-0.0817528
-0.369105
-0.295374
-0.213134
0.148008
-0.0986259
0.343467
0.251006
0.0446865
-0.062093
0.364399
-1.33314
-0.402443
0.32443
0.218916
0.156079
0.0603198
-0.175484
-0.146043
-0.228423
0.00801686
0.400161
0.120186
0.27918
-0.116162
0.16182
-0.0291718
0.00843894
-0.0532114
0.0538617
0.0247727
-0.0159183
-0.0516869
0.00289914
0.098928
-0.203909
0.194327
-0.174864
-0.279599
0.0195295
0.0658528
0.237283
0.0704466
0.0311986
-0.00273314
0.10553
0.0165688
-0.121259
-0.158821
0.0874774
-0.220433
0.0361576
0.246736
0.0674675
-0.107642
0.079399
-0.112702
0.140821
0.030714
-0.0118701
0.152827
0.00380516
-0.0805249
0.139916
0.0478186
-0.126985
-0.186023
-0.175235
-0.00474497
0.0335171
-0.246002
0.12709
-0.117868
0.0876747
0.174537
-0.111725
-0.159512
-0.0357408
0.0540844
0.0716013
0.0380089
-0.0777664
0.0209134
0.10283
0.00912394
-0.0524975
0.13753
-0.0956858
-0.00229478
-0.122801
0.196052
0.0234606
0.200186
0.0457089
0.0567724
0.0147953
0.0806502
-0.0438618
0.0293879
0.0839715
-0.0588364
-0.115638
-0.133305
-0.253969
-0.0332093
-0.0618845
0.253013
0.0480776
-0.010447
0.00299363
0.00445605
-0.075251
-0.00237348
-0.0737199
-0.00273591
-0.17636
0.019261
0.135681
0.00748514
-0.01909
0.00871097
-0.182187
0.210455
0.22009
0.0986938
-0.00671636
-0.0214664
0.406623
0.207796
0.162592
-0.0736431
0.0423698
0.245881
-0.118231
0.206634
0.0105026
-0.0241209
0.145648
-0.0164575
-0.0492112
0.116342
0.0236525
-0.0784053
-0.0184427
0.0159423
0.171108
0.00355135
0.0271224
0.00823541
0.0228322
-0.167845
0.0330908
0.0322222
-0.170946
0.18513
-0.137916
0.0253792
0.0320482
0.0683983
-0.00590191
-0.0778454
0.0881484
0.0423165
-0.0730773
-0.0569478
-0.29925
-0.0903189
0.0803189
0.0789484
0.11938
-0.223439
-0.0166184
0.0583262
0.0931415
-0.0451368
0.106802
0.0643257
-0.0687748
0.0164536
-0.0425684
-0.0146426
0.0341537
-0.0836738
-0.0346963
-0.11911
0.169363
-0.000539289
0.235715
0.0392888
0.114477
-0.109731
0.00267319
0.014043
0.0455016
0.0444206
0.0246816
-0.0864079
0.120384
0.168363
-0.0176588
-0.0528086
-0.0249252
0.0173554
0.106703
0.0101746
-0.0316679
0.101957
-0.0264091
0.0447539
0.0612767
-0.122773
0.00702223
-0.0018415
0.0215041
0.00152228
-0.0483976
-0.0461362
-0.0519172
-0.11627
-0.168796
0.194519
0.012517
-0.0544011
0.466446
0.0583806
0.014884
-0.115448
0.00573696
0.0600305
0.0125613
0.195865
0.147206
-0.0259881
0.0274263
0.0306043
-0.0326662
0.0431651
0.0596168
0.03837
-0.234123
0.00729869
0.125161
-0.116095
0.0454717
-0.0215073
-0.0365717
-0.0381862
-0.203248
0.014741
-0.0398593
0.0981054
-0.00374066
-0.0994983
0.0187893
-0.00968677
0.144801
0.0379511
-0.100965
0.0850263
-0.0609905
-0.0540758
0.0446155
0.0350471
-0.0976618
0.125063
-0.0674492
-0.0461545
0.0803478
-0.101018
0.122826
-0.164377
-0.0583306
0.206227
0.00851961
-0.0436784
0.068914
-0.0328224
0.0831976
-0.037336
0.150834
0.0416069
-0.0137722
-0.00346696
-0.0591183
0.0563764
-0.0187895
-0.110914
0.0585112
0.0611772
0.0558198
0.0264555
-0.0949082
0.026353
0.0584228
-0.0181539
0.10151
0.0649769
0.0433872
0.00777233
-0.0910918
-0.0766188
-0.152244
0.170906
0.120229
-0.0895475
0.0119714
-0.0285349
-0.0107262
-0.050381
0.0505605
0.00765013
-0.00933459
-0.147257
0.0442021
0.0771589
0.0866287
-0.03113
-0.0243198
0.0353002
-0.0422859
0.024897
0.162811
0.0447581
-4.49775e-05
0.0214942
-0.0232079
0.0606583
0.0270953
-0.0311918
0.0607173
0.0173691
-0.0628937
0.018331
0.0850296
-0.015271
0.0479861
0.0504841
-0.0115668
-0.145198
0.0487092
-0.0772808
0.0376385
-0.0628574
0.0963737
-0.0683863
0.00670802
0.0065876
-0.0404458
0.00756727
-0.0995695
0.0960618
0.014448
0.111273
-0.0812766
0.159561
-0.0626271
0.0386896
0.0179157
0.0866215
0.0234849
-0.0138601
-0.00490254
-0.0175175
-0.0573397
-0.0835629
-0.0356267
-0.0547354
-0.0628418
-0.0621741
0.0215122
-0.0513099
0.0434938
0.0616369
-0.00501773
0.0369199
0.00826972
-0.107466
0.0517536
0.0153168
0.018951
-0.117907
0.115144
0.0242081
-0.0487574
0.0680105
0.138966
-0.0364326
0.0160024
-0.144983
-0.0934929
-0.0441226
0.133302
-0.0517448
-0.0744946
0.0588955
-0.0140385
-0.00350369
-0.0362437
-0.121714
-0.00374384
0.0271545
0.273594
0.110509
0.0365726
0.0694824
0.0660453
0.0636384
0.0533091
0.048419
-0.0205235
0.00824932
0.0492689
0.0499832
0.0591781
-0.0224528
-0.0901749
0.0410584
0.0576669
-0.0232655
-0.135625
0.0111263
0.0146232
-0.144962
-0.165582
-0.210162
0.282006
-0.228634
-0.134363
0.0764123
-0.136289
0.179607
0.0275499
0.13346
-0.100938
0.0462575
-0.00906753
-0.0840052
0.0924508
0.0150116
0.00803422
-0.051553
-0.0706812
-0.241776
-0.0421797
0.17382
0.121306
0.113985
0.00637689
0.00848595
-0.0325283
-0.105726
0.115633
0.0632946
-0.0987417
0.0726596
0.00963211
-0.186781
-0.0486676
-0.125209
0.0895453
0.0546059
0.0356663
0.0441571
-0.0300536
0.231983
-0.0172682
0.0539843
0.051783
-0.0696396
0.126096
0.0109102
-0.000432922
0.13612
0.0467592
0.0135263
0.0156652
0.0640764
0.0220626
-0.0979549
0.0996772
-0.046707
0.0216086
0.118662
-0.0832406
0.111804
0.0856155
-0.165026
0.0512384
-0.0963394
0.0520572
0.0256838
0.0312045
-0.23442
0.028513
-0.149136
-0.153529
0.0536355
-0.132181
-0.0712343
-0.155463
-0.210001
-0.268853
0.20717
-0.00625947
0.148256
-0.0451502
-0.11874
0.0263742
-0.0183545
-0.190908
0.336212
0.0151835
0.0434953
0.120863
-0.132451
-0.0411744
-0.00676269
0.0164009
-0.204361
0.0988769
-0.246652
0.0299618
0.0645182
-0.0584181
0.0900778
-0.0924764
0.156034
-0.0356956
0.104439
0.00511864
0.049105
0.0108231
-0.1596
0.0377304
0.046806
-0.0317463
0.0707114
-0.00254835
-0.0395918
-0.0415752
-0.0872774
0.123958
-0.144228
0.138823
0.0420878
-0.00641059
0.124413
-0.192811
-0.174392
0.080058
-0.00309032
0.126
-0.0291036
-0.0718721
-0.254417
-0.0577842
-0.0300462
-0.184517
-0.0531812
0.0272463
0.151656
-0.0405415
-0.0441511
0.064546
0.0268947
-0.0858427
0.0676753
-0.128456
-0.1107
0.0621269
0.100111
-0.009334
-0.0265441
-0.0388189
0.227831
-0.0311495
0.0522088
-0.0558826
0.0188107
0.107614
0.0551872
0.0247242
0.0504347
0.0691253
-0.0918316
0.153051
-0.0104582
-0.062687
-0.378689
-0.0492285
-0.0231612
0.0841201
-0.0595325
-0.130362
-0.246043
0.105619
-0.172553
-0.185507
-0.052123
0.0164281
0.220588
-0.134197
-0.190684
-0.00386191
-0.0598955
-0.0867126
-0.170038
0.17687
-0.0704296
0.189057
-0.0215833
0.0270283
0.0705737
0.10639
-0.0565329
-0.00660971
0.14051
-0.0573775
-0.0884173
-0.105545
0.0891276
-0.0778252
-0.0906258
-0.0143184
-0.0292721
-0.188639
0.139868
-0.0688426
0.0599499
0.27331
-0.0432839
-0.0184082
0.0232216
0.0153174
0.223341
-0.138001
-0.0127863
-0.360758
0.0525067
-0.178649
0.0977707
0.189041
0.0542341
-0.0727302
-0.115595
-0.0260323
0.158064
-0.194575
-0.0972094
-0.182426
0.14258
0.00379757
-0.06161
0.331143
0.0643008
0.0246987
0.0937793
0.0631916
-0.00551945
-0.0616773
-0.00313014
0.161631
-0.00379479
0.121334
-0.0352864
-0.103067
-0.0191156
0.0843488
0.124974
-0.102688
0.0475557
0.0354419
-0.0206418
-0.0783619
0.0147158
0.115567
0.0818383
-0.262537
-0.0651145
0.12053
0.11105
0.0927858
-0.0778111
0.188473
0.0579596
-0.0501209
0.0375108
-0.0466458
0.026087
0.0857265
0.0110669
0.0191414
0.0780747
0.0169609
0.0114795
-0.00112467
0.0652387
-0.0741295
-0.103527
0.0748156
-0.00340688
0.0570368
0.0616098
0.0801381
0.0894991
0.0917574
-0.0468376
0.0200687
-0.138654
-0.00909385
0.0378208
0.0258849
-0.0535635
0.0968495
0.109387
0.00124061
0.107657
-0.0231377
0.0243925
0.00613362
-0.0461195
-9.2286e-06
0.00603368
0.0796777
0.0155929
0.0121019
0.0373181
-0.0201513
-0.0272499
-0.0790444
-0.00209924
0.00832531
0.0232364
0.0424962
-0.0784327
0.0244285
-0.164084
-0.0892134
-0.00720364
-0.184056
0.0276409
-0.135556
0.144117
-0.0141394
0.13741
-0.0220176
-0.271554
0.0769867
-0.0607194
-0.21466
0.118306
-0.00633297
-0.0502904
-0.129676
-0.026044
-0.0733638
0.0363592
0.177136
-0.0364937
0.0109487
0.0901768
0.0609125
0.0606942
-0.0713124
0.0815209
-0.00887419
0.00677516
0.242999
0.0413646
0.0657826
0.0127204
-0.0489916
-0.0734173
-0.0337889
0.0254838
0.058528
0.00906121
0.0651069
0.236728
0.0978338
-0.0611749
-0.00445387
-0.0409602
0.0722907
0.0562986
0.00598844
-0.00209645
0.0117299
-0.0563191
0.00517544
-0.205508
0.0434515
0.100233
0.057073
-0.0804986
-0.0299719
-0.0589893
-0.200558
0.0562138
0.0785386
-0.244088
-0.130829
-0.0683784
-0.0451245
0.146112
-0.251156
-0.0297625
0.135089
-0.256007
0.149873
0.191487
-0.111678
0.174995
-0.0144393
-0.166205
0.098648
0.150943
-0.000281073
0.192254
-0.0352379
0.0603534
-0.0246201
0.156977
0.0994541
-0.003526
0.0193003
-0.0550496
0.0103107
0.0871415
0.0443877
-0.0961126
-0.076448
0.0666385
0.0819227
-0.00225529
-0.101479
0.000515971
-0.051633
0.0729153
0.0317207
0.0409291
-0.0818121
-0.291203
0.00622862
0.074298
0.0842765
-0.114461
0.0595772
0.102911
0.186223
-0.0304542
0.12028
0.0280175
-0.0233998
-0.0241177
0.0698307
0.00395416
-0.0606673
0.0785904
0.0361438
0.0382522
-0.00656729
-0.0152934
0.0210367
0.10544
0.163093
0.0228767
0.0035945
0.0553843
0.0133766
-0.0189519
0.123635
-0.0860299
-0.0412582
0.0455663
-0.0529664
-0.0576026
0.00966989
-0.0308804
-0.00858624
0.0887928
0.0337475
-0.0261739
-0.0609089
-0.0356596
-0.230827
0.00348839
0.130076
-0.0281717
0.0924428
-0.0978863
0.0720146
0.0141837
0.101108
-0.0263783
0.0834212
0.0449619
-0.000804069
0.0338292
0.123533
-0.0439314
-0.0590987
-0.10631
0.139365
-0.0563375
-0.051206
0.0600746
0.0456899
0.0771937
0.00195678
-0.0520933
0.0132233
-0.0689216
0.0740189
0.0834671
-0.0575863
-0.0656961
-0.0584588
0.000320585
0.109943
-0.233417
0.257793
0.0568971
-0.16003
-0.23144
0.0955014
0.16271
0.162969
0.10414
-0.00491335
0.0119953
0.0736599
0.0695823
0.0124092
-0.0101047
0.101438
0.0409066
0.100212
-0.157206
-0.123167
-0.558631
-0.144786
0.142801
-0.269659
-0.364084
-0.150839
0.0429046
0.0905526
-0.17984
-0.356545
-1.1848
-0.333343
0.0326603
-1.85411
0.687398
-0.629891
0.22079
-0.127676
0.226567
0.169805
-0.109967
0.854946
0.172605
0.0726319
-0.319863
0.0295712
0.105256
-0.301232
0.173203
-0.270758
0.391964
0.216205
-0.0177624
0.137593
-0.0359238
-0.489842
0.0293067
0.169903
0.00508212
-0.36602
0.189329
0.145566
-0.0898855
0.304541
0.169406
0.218303
-0.210759
-0.377213
0.204388
-0.132038
0.0498368
0.112017
-0.0332791
0.101865
-0.216387
-0.18542
-0.00913995
0.320634
-0.213105
0.104283
-0.0734985
0.133262
0.160182
0.149234
0.0278384
0.243196
-0.0840527
0.17764
0.238647
0.347442
-0.00396172
0.277998
0.0217077
-0.149987
-0.0867719
-0.493373
0.0431357
0.0428608
0.34015
-0.0202696
-0.0512547
0.0681097
-0.0717182
0.184566
-0.347994
0.0373825
-0.0575562
0.167309
-0.0368343
-0.023066
0.283564
-0.080897
0.153535
-0.00957933
-0.0566996
-0.199766
0.133247
0.118505
-0.0619313
0.200016
0.0367691
0.0310481
0.0984831
0.0493121
-0.0603261
-0.070309
-0.187122
-0.0275893
-0.0587789
-0.0110901
-0.333509
-0.0712626
0.14965
0.120103
0.0641612
-0.135179
0.0211738
0.0690056
0.279763
0.112311
-0.0884888
-0.113789
-0.038916
-0.0526236
0.105156
-0.144866
-0.0362523
0.209976
-0.0415062
0.0533967
-0.145013
-0.00321001
-0.10504
-0.0197152
0.133421
-0.155665
-0.0822905
0.177243
-0.182953
0.199815
0.0247023
0.0002674
-0.0136061
0.082087
0.00352697
-0.112968
-0.109407
-0.381895
0.0542548
0.0181359
-0.0121892
-0.110874
0.243942
-0.0517619
-0.0241147
0.0242825
0.00147407
0.104984
0.0849203
0.00271196
0.0755306
0.00661089
0.0627715
-0.0815129
0.0250419
-0.280466
0.168637
-0.00798166
0.0555483
-0.205452
-0.00471662
0.108681
-0.178014
-0.154359
-0.414343
-0.0142633
0.0395529
0.251461
0.313622
0.194057
0.1909
-0.0252201
0.528667
0.048748
0.0676028
-0.0838497
0.0411541
0.195849
0.0552489
0.0871161
-0.0400474
0.0789585
-0.00238201
0.202197
0.0713276
-0.0459005
0.0677923
-0.131259
0.0176355
-0.0579597
0.0160074
0.0775812
-0.0323444
-0.0243475
-0.0380847
-0.0246462
-0.0978281
0.0264922
0.080248
0.0234372
0.011614
-0.0163453
-0.260745
0.200595
0.130009
0.0712946
-0.013096
-0.0118897
0.0372491
-0.0517877
0.237564
0.00517146
0.0210189
-0.0316065
-0.0334773
0.0429966
-0.0466844
-0.113895
0.0523795
-0.0254425
0.0927256
-0.0984264
-0.153009
-0.160832
0.114838
-0.148581
0.116465
-0.15819
0.116587
0.109979
0.206772
0.164064
0.0795368
0.147285
-0.0536871
-0.0153806
0.0182771
0.0442487
0.0824041
-0.069508
-0.112508
-0.11138
0.0931351
-0.0550998
-0.0303818
0.0689744
-0.0149908
-0.0936448
0.180551
-0.0782383
-0.0159461
0.0200824
-0.0553512
0.306984
0.0568151
0.0458544
0.0813411
-0.00337932
0.0108719
0.0502764
0.00821142
0.0326635
-0.0663389
0.026173
-0.0615918
0.0392364
0.00408448
0.07188
0.0115293
0.0876482
0.00493863
0.0248954
0.0206666
-0.00823808
-0.0665976
-0.0600337
0.011361
0.0583684
-0.0104158
-0.0187563
0.0875494
-0.0214096
-0.247167
0.0301472
0.0976248
-0.00505078
0.0522497
-0.0166494
-0.0055137
-0.0744272
-0.0566056
0.11483
-0.182841
0.20081
0.0127372
0.0476388
0.0772483
-0.16541
0.0233045
0.0135189
0.113734
0.0389251
0.00714471
-0.159526
0.0875896
0.109867
-0.0335939
0.000666879
-0.0462485
0.111631
0.0450767
0.000460867
0.0599181
0.0228277
0.0285804
0.0463049
0.0989401
-0.00602318
-0.0261528
-0.0403115
0.0308555
0.0157008
-0.00818727
0.0119563
-0.0209553
-0.194557
0.0709504
-0.0323978
-0.0946295
0.136669
0.0346654
-0.111713
0.0515021
-0.101199
0.0730414
-0.00144359
0.0626651
-0.0842409
0.0225962
-0.257801
0.165157
0.0919366
-0.0501787
0.0149669
-0.127356
-0.033309
-0.339197
0.0588312
0.232994
0.0523841
0.128061
0.0680231
-0.0833025
0.0695638
0.100355
-0.0603153
-0.00450363
0.0017946
0.0527355
0.0685478
0.129577
0.053376
0.0236069
0.0971745
0.0380195
0.0356021
-0.0767593
-0.0850413
0.0503672
-0.163883
-0.00405423
0.0491723
-0.00695934
0.0124251
-0.0765578
0.0559536
0.00678059
-0.00575782
0.0660538
0.0197348
-0.0644767
0.075925
-0.0724918
-0.07578
0.0127214
-0.0865804
0.0927152
0.0390124
-0.102327
0.0780385
-0.0984536
-0.260585
0.121069
0.142589
0.140419
-0.0431471
0.0627244
-0.216229
0.0637693
-0.0206298
-0.0267061
-0.0605021
0.192636
-0.135874
0.149838
0.0225658
-0.046382
0.0229428
-0.0120619
0.122093
0.0802062
-0.0836128
0.0244745
0.0940312
-0.021323
0.0175453
0.0914302
0.0576947
-0.0612753
0.0313466
-0.00535279
0.122053
-0.00601887
0.0689937
0.0525248
0.0990211
-0.0305691
-0.0978461
0.0435365
0.0261622
0.035831
0.048827
-0.022704
0.00719398
-0.0587962
-0.117952
0.0165971
-0.163277
0.0628694
-0.00386289
-0.470643
0.0726708
-0.0876319
0.213697
-0.139956
-0.0257509
0.213428
0.238623
-0.143276
0.0244356
-0.0356374
-0.0641828
0.00212775
0.0411141
0.043541
-0.0640638
-0.164299
0.180028
0.0653054
0.0699392
0.0792595
0.0781808
-0.0367518
0.000943481
0.139258
0.0806395
0.0740699
-0.181658
-0.0134674
-0.0963258
0.0662319
0.0647173
0.0468658
-0.108504
0.0523606
-0.0744151
-0.0409924
0.0724965
-0.186199
-0.410547
0.0215339
0.224276
0.0983976
-0.118644
0.0931601
0.152056
0.0599999
-0.110054
-0.180801
-0.103778
0.031399
0.267947
0.0225372
-0.0827609
-0.20633
0.207027
0.000496873
-0.11188
-0.0611104
-0.17382
-0.0023304
-0.0341853
-0.423079
0.352692
-0.13954
-0.42286
0.0698479
-0.237364
-0.643846
-0.136508
0.0799359
0.671435
-0.428831
0.067284
0.165925
0.0311807
0.328582
-0.0666291
0.0407813
0.0299071
0.0979476
-0.0963218
0.0422258
0.0642401
0.0624544
0.238065
-0.00305484
-0.110884
0.0566072
0.00499015
-0.0859583
-0.207675
-0.0593437
0.210277
-0.0281065
-0.0332762
0.0222274
0.056546
-0.0961638
0.102549
-0.0292288
-0.214325
-0.154016
-0.09531
0.0624478
0.0941625
0.0813953
-0.164184
0.160097
-0.141323
-0.0597336
-0.120246
-0.277791
0.103359
0.279721
-0.0668087
0.202491
-0.00633926
0.111143
-0.0892096
-0.00862705
0.0124377
0.0172335
-0.108506
0.155581
0.121341
0.0365006
0.0697304
-0.123119
-0.0908086
0.0586903
-0.106946
0.163759
-0.0815342
-0.0532974
-0.191493
-0.530942
-0.283133
-0.0325146
0.282809
-0.338003
0.0286013
0.0982724
0.0387178
-0.137128
-0.07998
0.230585
-0.0864471
0.0783197
-0.121878
-0.250267
0.0285075
-0.00502124
-0.303893
0.103748
0.299973
0.0997464
-0.0952804
-0.0380923
-0.0932251
-0.349935
0.182677
0.112042
0.245936
-0.161594
-0.0713741
0.00725797
0.0801654
-0.10471
0.150432
0.207946
0.213561
0.0107015
-0.0350376
0.0996671
0.031375
-0.0260696
0.062258
-0.105914
0.0946878
0.0683663
0.0491176
0.0117907
-0.104915
0.099639
-0.198217
-0.165063
0.0962614
0.022945
0.0102304
-0.252182
-0.0244049
-0.00763046
-0.12258
-0.119997
0.286485
-0.203258
0.000195527
0.00407261
0.0874368
0.190298
0.230786
-0.136502
0.0490191
-0.0212777
-0.114637
0.0134865
-0.167138
0.119637
-0.107997
-0.341827
0.0665663
-0.116614
-0.051997
-0.242547
0.144323
0.155558
0.336659
-0.153276
-0.103607
-0.113692
0.00545265
-0.0876302
-0.128035
0.154684
0.0695121
0.184107
0.0929311
-0.0217116
0.106265
-0.0619151
0.190773
0.138643
0.0447319
0.0892088
-0.0271323
0.0544076
0.0631629
0.00321501
-0.042607
0.250702
0.0900222
0.0852652
0.0361881
0.255008
0.0250932
0.0575388
0.0418124
-0.0684449
-0.078411
0.136904
-0.130176
0.0957991
-0.00380707
0.0607359
-0.00488577
-0.113074
0.0102521
0.0588229
0.0305827
-0.0259393
-0.0300511
-0.115703
-0.00993675
-0.0140065
0.0289039
0.010782
0.136192
-0.0256082
-0.351125
-0.0159826
-0.00195053
0.014645
0.164636
-0.124641
0.0269444
-0.00908797
-0.035871
0.119645
-0.146386
0.188585
0.114495
0.172059
-0.0112128
0.139026
0.0809807
-0.00807098
0.0715952
0.0729711
0.0192246
0.0456034
0.030785
0.027367
-0.176625
0.0697818
0.0178034
0.0243145
-0.00348148
0.131406
0.0828785
-0.037812
0.0996538
0.0390706
0.147481
-0.0554585
0.0265281
0.0356144
0.0154718
0.125502
-0.0860227
0.0623106
0.0217158
0.0128762
0.115569
-0.0369033
-0.0556949
-0.068236
-0.112936
0.064764
-0.107354
0.168277
0.0124029
-0.0596022
0.0301649
0.154824
0.0445402
-0.0673911
0.0538682
-0.0722702
-0.155868
-0.410947
0.233075
-0.471814
0.137099
-0.165027
0.157621
0.249665
-0.011681
-0.0155154
-0.225322
0.12073
0.0467451
0.154351
0.104923
0.0343253
0.0240987
-0.0563814
-0.059068
0.128131
