-0.360609
-0.265614
0.0929648
0.200855
0.237139
-0.0535041
-0.158318
0.156105
0.0765992
-0.00164704
-0.0104376
-0.00219877
0.0559181
0.0114738
0.12589
-0.199331
0.0952597
-0.00163474
-0.0283781
-0.259654
-0.0145936
0.120043
0.219029
0.0395589
-0.0200309
0.104583
-0.113258
0.0950075
0.036467
-0.00535447
-0.103366
-0.0787769
-0.0552412
0.0208196
-0.103428
0.105617
0.127231
0.0490448
-0.054449
-0.0781466
0.0765248
0.192767
-0.0825417
0.0719293
0.0444963
0.253112
-0.00257699
-0.0185739
-0.0222308
-0.267508
0.0868052
-0.245951
-0.0189225
-0.0700538
0.0299279
-0.0966349
0.098808
0.00597355
0.044418
-0.0841276
0.0163381
-0.0901917
-0.194612
0.179775
-0.115039
-0.0496307
-0.519173
0.325562
0.144856
0.0263682
-0.191193
0.0302227
-0.10762
-0.245286
-0.185742
0.133108
0.199596
0.0336544
0.0836439
-0.139409
0.237161
0.166981
0.123431
0.0891193
-0.0147982
-0.00438885
0.0487178
-0.0987771
0.0467663
0.157389
-0.0189297
0.133898
0.122636
-0.146702
-0.0590733
-0.0172507
-0.147297
0.0785387
-0.111446
-0.0517736
0.113659
-0.0273359
0.178513
-0.0896722
-0.0871988
-0.00876184
0.0682485
0.045061
0.0189409
0.0323869
-0.0177998
0.0661844
-0.00804786
-0.048963
-0.103555
0.0619365
0.0642464
0.0220401
0.00805131
0.044968
-0.047651
0.0812448
0.0700231
-0.0275264
-0.0100766
0.0116668
0.0554955
-0.0306166
-0.00846247
0.15124
0.0882114
0.0211586
0.00154643
0.00618334
0.0246952
0.0333445
0.00767912
0.0245336
-0.0240219
0.00511587
-0.0538477
0.0384922
-0.0261586
0.0338392
-0.00921753
-0.0632149
0.109218
0.0239399
0.0233752
0.124589
-0.0401829
0.120067
0.191111
0.0394401
0.0962406
0.0115446
0.0436525
0.177432
-0.0726795
0.0806703
0.0893427
-0.00978405
-0.0635962
0.00515887
-0.0201816
0.0874716
0.0181467
-0.0550067
-0.0995921
-0.0288409
0.0561866
0.0235139
0.0314222
0.139498
-0.0444281
0.113454
-0.0238751
-0.0349973
-0.0652554
-0.114879
-0.10814
-0.207726
0.0280763
-0.0518575
0.0566903
-0.0416385
0.0464689
0.0755338
0.122426
-0.12003
-0.0263897
0.00816425
-0.121711
0.0199034
-0.207769
-0.0104035
-0.0791226
-0.000499613
-0.115074
-0.284511
0.332409
0.0496727
0.0862139
0.157049
-0.124353
0.0370252
0.0663018
-0.119166
0.149957
0.0292369
0.11129
0.0943471
0.0627229
-0.0875404
-0.0172175
-0.0561624
-0.131798
-0.206488
0.121256
-0.0815
-0.0581961
0.0069815
-0.130458
-0.100503
-0.242693
0.0801712
0.149249
0.11024
-0.165562
-0.0551136
-0.288189
0.0419088
-0.34358
0.0415528
0.133866
-0.138778
0.0544397
0.0907967
0.0509808
0.17089
-0.17089
-0.267435
0.00219889
0.0290897
-0.325304
-0.14141
0.24617
0.24955
0.0762157
0.0432925
0.16176
-0.317401
0.164277
0.0800671
0.0229879
-0.049248
-0.0387118
-0.00323276
0.0601732
0.0133822
-0.102157
0.15604
0.00265993
0.0106326
-0.032465
0.0282133
0.089962
-0.0512321
0.0422722
-0.015303
0.100361
0.0931498
0.050633
0.0164779
-0.0567568
0.0973206
-0.0174377
0.0317753
-0.0538725
-0.150839
0.0687038
-0.101661
-0.0199318
-0.03524
0.103264
0.0421513
-0.0677368
0.0708521
-0.0520482
0.0515291
-0.00155759
-0.023393
-0.263673
0.0138837
0.140944
0.200543
-0.0703827
0.0098627
-0.0692441
-0.209589
-0.190667
-0.326648
0.210148
-0.126784
-0.11995
0.134982
-0.11808
-0.263518
0.0138616
0.117054
0.103287
-0.0896053
-0.013111
0.136534
0.00674992
-0.158698
-0.0630411
0.198658
-0.0220047
0.0214411
0.2064
0.100531
-0.0905977
0.0955159
-0.0109325
-0.0109445
0.0246083
0.126457
-0.0232175
0.0118855
0.133546
0.0964962
0.0079116
-0.139098
0.0133565
0.0998733
0.0337731
-0.00526954
0.110603
0.0348659
-0.224315
0.0672441
-0.103435
0.20529
0.160119
-0.00205645
-0.0381208
0.0996311
-0.0173895
-0.114293
-0.05764
0.00936963
-0.011453
0.0436591
-0.00622536
-0.0603791
0.0333577
-0.111979
-0.211116
0.152007
-0.164914
-0.0712861
-0.0412752
0.0872374
-0.0140366
-0.0917214
0.0234173
-0.0168767
-0.141021
0.000552593
-0.0426393
0.112023
0.0126135
-0.00054808
-0.00767628
-0.0594159
-0.0104894
0.00220921
-0.114973
-0.107271
0.0191798
-0.0661561
-0.0460581
-0.146399
-0.0702246
0.161187
-0.0218015
0.131235
-0.0979786
-0.0793108
0.0775933
0.0764277
0.0594818
0
0.0686708
0.00728965
-0.104807
-0.00963419
-0.0585711
-0.0910946
-0.027087
0.00461574
0.0195932
0.0275957
-0.0483426
-0.0265727
-0.0836436
-0.0790564
0.0527737
-0.0504222
-0.0630917
0.103567
-0.038712
-0.0306063
-0.0882211
-0.0470926
-0.0647407
-0.0948676
0.066562
0.0601289
-0.060732
-0.140304
-0.236426
0.254149
-0.485399
-0.0572073
-0.114102
-0.0418165
-0.168371
-0.267222
-0.39976
-0.557651
0.33234
0.164625
0.0742013
0.0354786
0.195693
-0.182951
-0.0361433
-0.0362744
0.104201
-0.0928064
-0.086494
0.0850704
0.108323
0.209742
-0.028312
-0.197639
0.0660811
0.218311
-0.16799
-0.132638
0.12078
0.125544
0.0474472
-0.137457
0.147742
0.153692
-0.010128
0.00202641
-0.0943243
-0.0348325
0.203176
0.0307919
0.0413527
0.0868159
0.0939159
-0.216071
0.27408
0.0207752
-0.164126
-0.0502314
-0.0225539
0.103066
-0.0685928
0.171258
-0.11582
0.0131544
0.0413237
-0.0610619
0.0577884
0.0574564
-0.0352182
0.141423
0.135003
0.015241
-0.0496184
-0.0453805
0.0370868
0.0407644
-0.177643
-0.00711997
-0.0819197
0.0397433
-0.0586933
0.102165
0.0497272
0.263207
0.096788
0.0353587
0.11207
0.0452102
-0.0427612
-0.0534022
0.0393121
-0.0491643
-0.0481691
-0.0857947
-0.1624
-0.132232
0.11254
-0.032481
-0.0370679
0.0472693
-0.0909039
0.128432
-0.0228819
0.110743
-0.0498408
-0.145895
0.0951689
0.0399683
-0.00633352
-0.107648
-0.00640615
-0.00705151
-0.0759579
0.0618399
-0.0154242
0.0979239
0.0476539
-0.013955
-0.0572922
-0.0794774
-0.056789
0.0580759
0.0858484
0.0203926
0.0906245
0.155867
-0.0136739
0.0341499
0.0956178
0.0922792
-0.0213135
0.193196
0.191881
-0.0747744
-0.0242596
-0.00592593
0.0230913
0.037189
0.0300044
0.0871478
-0.0830366
0.0859478
0.022679
-0.0029047
-0.0139543
0.098426
0.0974667
-0.0182742
-0.181692
-0.00990013
-0.0128265
-0.0145956
-0.0380485
0.00703524
-0.0234701
0.0299147
0.112403
0.0323793
0.0305485
-0.075677
-0.0663256
-0.0567834
0.0293101
-0.178951
-0.012522
-0.047847
0.0627523
0.199954
-0.0450675
-0.057064
-0.113324
0.156887
0.0778214
-0.00349773
0.144137
-0.0854213
0.102648
-0.0460035
-0.167973
-0.0023448
-0.04819
-0.0165085
-0.0585887
-0.221451
-0.074309
-0.00917459
-0.0638431
-0.258264
-0.0500492
0.0734041
-0.218626
0.0417994
0.161053
0.0132521
0.0321108
-0.279195
0.199674
-0.0209318
-0.0656158
-0.274079
-0.0632622
-0.24154
0.045946
-0.424834
0.302749
0.156407
0.056274
-0.0582897
-0.153026
0.0102295
0.218441
0.00666667
-0.0427437
-0.110372
-0.106131
-0.10174
-0.0491776
-0.0920765
0.157823
0.0516015
-0.14516
-0.346413
-0.299993
-0.574774
0.407748
0.0594904
0.210988
0.00147016
0.236792
0.0329655
-0.154293
-0.307671
0.181911
0.0879062
0.100146
0.00649655
-0.123431
0.0626322
-0.0728654
0.130778
-0.0521061
0.00797824
-0.00797824
0.0694146
0.111068
-0.038555
-0.089822
0.0381831
-0.193123
-0.208148
0.137523
-0.0584949
-0.241265
-0.125547
-0.199968
0.192261
-0.0696274
0.0572846
0.0738295
-0.137327
-0.180284
-0.0467754
-0.0222753
-0.294186
-0.278616
0.0630546
-0.100232
-0.361137
0.107373
0.178138
-0.00255918
-0.136582
-0.0537682
0.102086
0.109571
0.0263572
-0.071581
-0.0274043
-0.0740234
-0.0164282
0.422747
0.0339531
0.280423
-0.0790901
0.167126
-0.142848
-0.0218473
-0.160043
-0.101759
0.0654762
-0.0546721
0.00166113
-0.178479
0.0396575
0.151271
-0.0615694
0.23018
-0.0588959
0.0368506
-0.0499858
-0.172347
-0.0309714
0.0251193
0.071661
0.0033206
0.0141003
0.0413566
-0.0962104
-0.0954621
0.175977
0.0231214
0.014012
-0.120983
0.207911
0.150732
0.124692
0.154492
-0.23985
0.0734358
-0.0854604
-0.343525
0.0777313
0.0115255
-0.0618993
-0.0389864
-0.034134
-0.0543548
0.0209407
0.115637
0.0297324
0.0403276
-0.110672
0.032337
-0.0389832
0.132912
0.139259
-0.0380829
-0.0300825
-0.185738
-0.00497843
0.0686492
0.0959771
-0.0286147
0.0261652
0.0415598
-0.0972429
0.0507823
-0.0360125
-0.157848
-0.0317037
-0.0687576
-0.304115
-0.0941183
-0.124225
0.132102
0.0235942
-0.0367262
-0.103911
0.0168045
-0.113759
0.0641485
-0.13141
0.109183
-0.0428152
-0.138616
0.018111
0.00904323
0.065769
-0.140166
-0.157874
0.021256
-0.0806419
-0.152861
0.0339623
0.0806683
0.183288
0.177285
-0.121488
-0.0328918
-0.0467826
-0.0488503
-0.0231257
0.032361
0.0488053
0.113264
0.0516376
-0.0625427
0.00545405
0.195282
-0.0563029
0.164441
-0.212954
0.0896545
0.00267726
-0.0348604
-0.00447808
-0.0926974
-0.0171938
0.100929
0.0750338
0.0488261
0.334409
-0.0549641
0.0763526
-0.0729085
0.0455229
0.0265309
0.0978107
0.068323
-0.0311514
0.189607
-0.0855878
0.0233392
-0.0291825
0.234373
-0.0384097
0.037594
0.073957
0.114324
0.0813207
-0.0469578
0.0929057
0.00948017
0.0181452
0.0652082
0.10981
0.126223
-0.116933
0.0224155
-0.171317
0.145032
-0.00542026
-0.0559225
-0.0931186
0.298946
-0.0045791
0.198026
0.0767887
0.225438
-0.0882477
0.229562
-0.0473628
0.128647
-0.0920285
-0.142194
0.031935
0.0671652
-0.0483424
0.193402
-0.0654807
0.0463079
-0.0341759
-0.0264239
0.0278502
0.0767213
-0.0752951
-0.0794592
0.128536
-0.0113588
0
0.142467
-0.0956945
-0.0966191
-0.088915
0.162884
0.156088
0.0895933
0.145517
-0.104118
-0.0718682
0.0117831
-0.00207835
0.0752376
0.132525
-0.0108637
0.0582539
0.0626159
-0.0302491
0.119786
0.0669608
-0.0430421
0.0258475
-0.0597492
-0.00866003
0.184231
-0.0445902
0.0655053
0.0182648
-0.00456308
0.0695237
0.0632546
0.00385976
-0.0911006
0.130257
0.0402801
-0.0768643
-0.048342
0.0290332
0.0507664
0.0383853
0.11996
0.0226872
0.0696299
0.0784562
-0.082833
0.0691786
-0.0279877
-0.143021
-0.0735577
-0.101712
0.0640905
0.0763703
0.0114054
-0.0813891
-0.031333
-0.243756
-0.0177346
0.0727085
-0.16451
-0.18144
0.0639797
-0.0781781
0.158414
0.0650517
0.11643
0.044372
-0.0404489
0.0716522
0.0685643
0.0770568
0.103727
0.0574442
0.101454
-0.0243302
0.0486013
-0.0542243
0.00312432
-0.0494787
-0.10858
0.051912
0.105522
0.0311915
0.0223978
0.19387
0.0261756
0.141256
0.0119811
-0.0877937
0.130807
0.114985
-0.0514018
-0.0737221
0.030387
-0.00297504
-0.0196575
-0.133255
-0.030259
-0.095001
0.0171181
0.078489
0.131256
0.0143455
-0.062313
0.0359972
-0.00479214
0.0507995
0.0493564
0.00415147
-0.0678251
0.0303997
0.0166508
0.196512
-0.0496453
0.0169655
-0.0280965
0.0904455
-0.0413284
0.00816279
0.172762
0.0125945
0.0542038
0.0510813
0.0800681
-0.00112328
0.132792
0.131052
0.0996116
-0.0586671
0.0212251
-0.00054367
0.129104
0.021981
0.0954038
-0.0846989
0.110657
0.0617107
0.0811714
0.0473503
0.134576
-0.0977877
-0.0373077
0.0191894
-0.109405
0.00942458
0.00680112
-0.0592726
-0.0273944
0.110695
-0.00104351
-0.0292627
0.129463
0.0211575
0.0795835
0.0804772
-0.131235
0.0087343
0.0920158
0.14047
0.214934
0.0519202
0.0788325
-0.0983934
0.0200494
0.06816
0.105699
0.168055
0.0747834
-0.057331
0.0418558
0.0500902
0.0711912
-0.199965
-0.114651
-0.218641
0.0122187
-0.201798
0.100174
0.0482403
0.0303996
-0.00342759
-0.274561
0.0916955
-0.00149645
0.0308811
0.0347516
0.115301
-0.181931
0.0760422
-0.034222
0.243921
0.106582
-0.051461
0.0873745
0.105554
-0.157791
0.0622697
0.0176523
-0.0252953
0.0433923
-0.107152
-0.108799
0.0977317
-0.062787
-0.0485674
-0.14911
-0.230953
-0.0506998
-0.0172966
0.114918
0.134492
-0.0418036
-0.179641
-0.327729
0.149972
0.0299324
0.121387
0.0365873
-0.0416794
0.0117081
-0.00712504
0.0644492
0.0821143
0.0784592
0.0124369
-0.00397812
0.0792633
0.0216877
-0.0597547
0.0123753
0.076878
0.0611772
-0.0254043
0.00293456
0.0565662
-0.0639042
0.0234627
0.0360642
0.119924
0.138434
-0.054667
-0.0688767
0.137756
0.0486412
0.0662052
-0.0323435
0.0168879
0.0140515
0.0634538
-0.125429
0.0512039
0.0173217
-0.153186
0.0175584
0.0373868
-0.0582705
0.025624
-0.04798
0.0309046
-0.000474732
-0.106912
-0.00816072
0.0655771
-0.0833618
0.0149028
-0.0394687
-0.00530645
0.0644512
0.130982
0.0321255
0.0526886
0.0994429
-0.0573041
-0.10521
-0.21187
-0.0954626
0.101248
-0.0993009
0.0732391
0.0703075
0.0540788
0.0756012
-0.0474812
0.0701924
0.0603121
0.0786116
-0.0326798
0.0116836
0.029848
0.0436783
0.0222305
-0.0575301
0.0561421
0.159276
0.0463405
-0.0145151
-0.050057
-0.0361052
0.00869545
0.046552
-0.0150373
0.037778
0.0426131
0.10843
0.0961931
-0.0395231
0.0899211
-0.00749939
0.0440335
0.0779031
0.0829232
0.0534691
-0.0409386
0.00733818
0.177488
0.13892
0.018795
-0.000417284
0.141705
-0.0197677
-0.0566363
-0.14911
-0.0908847
-0.114887
-0.0958184
0.0807727
0.0330707
-0.146858
0.18452
0.057502
-0.173075
-0.133115
0.00919218
-0.106887
-0.0181476
0.0890933
0.00307321
0.0891497
-0.0396696
0.104718
0.032366
0
-0.0974139
0.0143469
0.042485
0.0332549
-0.039746
0.0982132
0.0964089
0.0803387
-0.0126422
0.138193
0.0357025
0.059085
0.0119398
0.0754256
0.00449117
0.0110152
-0.209311
-0.113057
0.0491484
0.104215
-0.186687
0.085823
0.0100486
-0.0385745
0.0523748
0.0387896
0.096527
-0.0778117
0.181988
0.0889581
0.0331059
-0.00564448
0.0354268
-0.0770522
0.00364409
0.0222407
0.048756
-0.0908528
-0.110945
0.0621501
0.0791705
0.103394
-0.0549838
-0.0310365
0.0900219
0.0757277
0.120376
0.0285978
-0.0321292
-0.120816
0.0803122
-0.00670096
0.0820723
-0.0152639
0.0344086
-0.0359755
0.0113541
0.106258
0.123895
-0.00420723
0.106167
0
0.0223075
0.00339847
0.0572226
0.109389
0.0025988
0.0444462
-0.0511302
0.108616
-0.0670995
0.0395031
-0.0332165
-0.0218353
0.126645
0.0859656
0.0924228
-0.0208648
-0.0762742
0.111862
0.140391
-0.00955803
-0.0376127
-0.0092474
-0.152746
0.040745
-0.0234171
0.0406746
-0.106173
0.190948
-0.0149711
0.00392318
-0.0489715
-0.153099
-0.0298812
-0.106768
0.120991
0.108376
0.131081
-0.0149551
0.044089
0.0967385
0.00983319
-0.0796452
0.0402543
-0.0151646
-0.0452778
-0.178496
-0.326864
0.100183
0.0217588
0.0375056
0.102602
0.0788802
-0.132789
-0.252242
-0.141836
0.0741866
0.0395176
0.0625318
-0.0198031
0.250055
0.0639956
-0.0235871
0.00798954
-0.0170763
-0.180159
0.102403
0.0508107
0.0708488
-0.0275532
0.0597233
0.016947
0.137751
0.0344088
0.0494543
-0.0838631
0.137281
0.0580137
0.00383242
0.0330372
0.0343125
0.131988
0.00546187
0.148035
-0.0373946
0.112434
-0.0207136
0.0660002
0.0781021
0.0167981
-0.00757214
-0.0263826
0.122419
0.104812
-0.0774482
0.149495
0.0214493
0.0468998
0.0846267
0.168997
-0.014596
0.191156
-0.218542
0.295688
-0.0451824
-0.055162
0.043302
0.00882035
-0.124199
-0.0280505
0.00678866
-0.0680949
-0.00372763
0.128421
0.119218
0.00303049
-0.0230548
0.0145671
0.0989778
0.00570356
0.129996
0.0952262
-0.08368
-0.0281486
0.147562
0.0937034
0.00434373
0.0660811
0.00804991
0.0504516
-0.142549
-0.0756962
0.00934743
0.171657
0.136254
0.0310946
-0.10013
-0.00256604
0.0196562
0.0536438
0.0392695
0.0864688
0.112575
-0.036552
-0.0400279
0.0972886
-0.0580931
-0.0704395
0.0587803
0.0931705
-0.108181
0.0460715
0.0884925
0.0145359
0.137453
0.0434273
0.0354648
0.0436209
-0.122513
-0.091243
0.0266986
0.0969304
0.0818456
-0.0313174
0.0390646
-0.0567742
-0.175562
-0.450309
-0.0191744
-0.00229194
0.0730826
-0.0170809
-0.421323
-0.165407
0.145178
-0.310602
-0.339609
0.303604
-0.0733329
0.256617
0.0326373
0.190954
-0.125398
-0.11334
0.351467
-0.100897
0.0777481
0.352774
-0.0297792
-0.0344274
-0.0861593
0.051327
-0.103786
-0.105458
0.104591
-0.0797973
-0.118102
0.215802
0.00403819
0.0523486
0.174892
-0.0520054
-0.0471511
0.113523
-0.0672224
0.0116126
0.00396219
0.192804
0.130977
0.0486433
0.0467799
0.133152
-0.06339
0.0647286
-0.0254654
0.105991
0.0201629
-0.145228
-0.0991806
-0.12847
0.134443
0.0319775
0.067413
0.00591064
0.00349101
0.0682323
0.0359354
0.011419
0.0238581
0.110068
0.0787755
-0.0132597
0.0537099
0.0495613
-0.0775478
-0.0168816
0.138877
-0.0753944
0.120155
-0.036049
-0.152269
0.21457
0.137769
-0.109556
0.0947324
0.0133168
0.0405944
0.21719
0.144789
-0.104982
0.120406
-0.0615966
-0.10694
0.187783
-0.177992
-0.109968
0.110947
-0.00856615
-0.144523
-0.152946
0.170568
0.0358925
0.0985956
0.172462
0.0597017
-0.113232
0.0593001
0.155963
-0.0281981
-0.123439
0.112755
0.0719547
0.123058
-0.0743567
-0.096929
-0.106018
0.0573177
-0.0293343
0.0730564
0.0227359
0.0641391
0.0726016
0.0857377
-0.00902705
-0.130057
0.128899
0.116963
0.117195
0.0341031
0.0231959
0.145818
0.0907001
-0.0641332
0.106224
-0.158539
0.101719
0.131141
-0.0563983
0.150411
-0.0247682
-0.111677
0.204831
0.0524186
0.199056
0.0185249
0.103439
-0.0805906
0.0473998
-0.292718
-0.0155341
0.158878
0.0551829
0.121618
0.0386402
-0.113466
0.0988911
0.0338396
0.0396412
-0.265966
-0.546619
0.00906488
-0.579569
-0.0603664
-0.507169
0.734049
-0.262519
0.387714
0.221786
-0.254821
0.0141385
0.0475136
0.14746
-0.281255
-0.0661865
-0.558839
0.178
-0.271907
-0.380596
0.0368777
0.530415
-0.134718
0.0321358
-0.0912799
0.0182734
0.151318
0.246742
-0.0287285
0.238003
-0.117236
0.117004
0.0546449
0.146249
0.0279511
-0.157127
0.161438
0.103801
-0.0983585
-0.0176987
0.174701
-0.102514
-0.0958333
-0.177305
-0.148939
0.0253688
0.111746
-0.182847
0.0339655
0.302435
-0.0102858
0.176133
-0.0952754
-0.00453803
0.0262919
0.147175
-0.134281
0.00474625
0.0315842
0.0375454
-0.0641598
-0.143076
-0.00962685
-0.0905317
0.0868619
0.0135258
-0.111965
0.0586729
0.188457
-0.00248652
0.0965191
-0.0543321
-0.0101357
-0.0612577
-0.124341
0.108911
-0.0131797
0.125859
0.113422
0.0445248
-0.173227
-0.106032
-0.0261718
-0.359128
0.0504219
0.122168
-0.00278642
-0.0905152
0.0886572
0.0569776
-0.0618566
-0.227761
-0.0278548
-0.345389
0.261596
0.19192
0.0604288
-0.00726974
-0.0498578
-0.219773
0.0682121
0.154154
-0.00848896
0.0920497
0.0942207
-0.0122797
0.104244
0.166775
0.160931
-0.0197806
0.087714
0.0587092
0.0696943
-0.105274
0.054636
-0.0113853
0.154991
0.0185333
-0.12937
0.0680356
0.0529336
-0.087437
0.143521
0.188282
-0.0927429
0.0226842
0.0916944
-0.0866135
0.0133253
0.079581
0.0589602
0.0586146
-0.29593
0.0729534
0.11986
-0.0186534
-0.0741181
0.00401475
-0.107687
-0.114258
0.205241
0.021139
-0.0219855
0.0359127
0.0802306
-0.0543269
-0.0128382
0.0361573
-0.000209839
0.0600439
-0.0307092
0.181212
0.0822595
0.180345
-0.150637
0.132006
-0.10117
0.0363938
0.0400818
0.0954265
0.00258802
0.136412
-0.125867
-0.234377
-0.0346649
0.113537
-0.146478
-0.115637
0.181207
0.0345522
0.274374
-0.0601922
-0.0909732
0.0700986
0.126367
0.104975
-0.00758688
0.146053
-0.0795237
0.0730008
0.0583628
-0.0367001
0.0221891
0.0905397
0.0476029
-0.0233954
0.030554
-0.0190381
-0.114424
0.139486
-0.109378
0.0727993
0.0831441
-0.195408
-0.056704
0.0666324
-0.111302
-0.00733562
0.0148587
0.0511608
0.0886212
-0.360085
-0.169374
-0.0964984
0.0691947
-0.190579
0.105987
0.0283441
0.237735
-0.0564241
-0.0198736
-0.0183187
-0.199888
0.0949064
0.0291607
0.175174
0.0529409
0.105048
0.0323848
0.108794
-0.0576193
-0.063961
0.0708928
0.0570054
-0.02472
0.0120802
0.0495103
0.0230465
0.061262
-0.0249905
-0.0849028
0.0822486
0.0860902
0.0193436
-0.108278
-0.0305825
0.143363
0.104102
-0.0623681
0.0436055
0.0589557
-0.0621172
0.0626717
0.106636
0.00913977
0.103788
0.0366403
-0.235339
0.0270781
-0.00349576
-0.112142
0.0299165
0.0969367
0.017441
0.162114
0.0973445
0.0335451
0.0826671
-0.0210454
-0.100888
-0.0343951
-0.0505529
0.168471
0.0965407
-0.00878596
-0.0265805
-0.17371
-0.0635128
-0.046858
0.0906225
-0.0962457
0.0289892
0.246781
0.192473
0.0280103
0.0170788
0.0290875
-0.0153077
-0.0261979
-0.0467056
-0.0420483
-0.128803
0.23032
0.114479
0.0331726
0.0166299
0.0736527
0.0294106
-0.041199
0.0390172
-0.0543631
-0.0167217
0.124486
0.0419847
0.00332458
-0.0548303
-0.0205763
0.13126
-0.0640007
-0.00232899
-0.214071
-0.0624054
-0.235537
-0.159215
0.0353448
0.164241
-0.213295
0.0623431
-0.157582
-0.280547
0.113129
0.275122
-0.289399
-0.256029
0.200373
-0.0121643
-0.201184
-0.410619
0.260851
0.157857
-0.146784
0.183006
0.0752129
0.0382289
-0.0417622
-0.200266
0.0390145
0.185402
0.174372
0.0371288
0.102118
0.00305648
0.063614
-0.131616
-0.116511
0.122844
-0.00470392
0.172588
-0.0581532
-0.0674951
0.0147586
0.294704
-0.0302562
0.083376
0.0199558
-0.134031
0.0291228
0.03515
0.0402443
0.018413
-0.0861023
-0.158798
-0.0169101
0.0515309
-0.0250215
0.0198804
0.0692717
0.238053
0.0466641
0.0784251
-0.0902421
-0.00119961
-0.152662
0.0161707
-0.221164
0.204645
-0.00522211
0.158232
0.0853262
0.147256
-0.136557
0.099147
-0.106958
-0.030284
-0.0469681
0.223127
0.0412668
-0.0175218
-0.12538
-0.231315
-0.129436
0.105696
-0.169195
-0.129651
-0.26776
0.198159
-0.164981
-0.0260202
0.164144
0.14265
-0.235127
0.28695
0.0318123
0.106538
-0.0901413
-0.147118
0.184395
0.106665
-0.258398
0.0179813
0.0285966
0.0475977
-0.146881
-0.0224169
-0.194339
0.0274213
-0.0400604
-0.0183459
0.211131
0.172541
0.0720169
0.00298217
-0.0787108
-0.211892
-0.159992
0.190281
-0.266532
-0.321639
-0.224551
0.0432547
-0.319024
-0.33099
-0.0311702
-0.143803
-0.673097
0.248694
-0.197335
0.332992
0.325627
-0.25805
0.260153
-0.0529297
-0.303964
0.240332
0.154767
-0.110605
-0.0116583
-0.170052
-0.101911
-0.0152675
0.300372
0.0350996
0.257952
-0.0585895
0.151339
0.103401
-0.107274
0.121987
-0.0861691
0.000609428
0.0524744
0.131889
-0.00977663
-0.10838
-0.162139
0.0241719
0.0701357
-0.075252
-0.198473
-0.240278
0.22084
0.0511265
-0.163052
-0.0177876
-0.311486
0.128827
-0.0823621
0.108231
0.0191429
0.170868
0.083304
0.00104739
0.155673
0.0827682
-0.0315477
0.123977
0.199433
-0.0897941
0.00320654
0.00741119
-0.0178362
-0.120066
0.228792
0.118151
-0.0896196
0.107643
0.0985537
0.221954
0.0179919
-0.169838
0.118999
0.217097
-0.157746
0.123819
0.270976
-0.0238362
-0.0317484
0.272928
0.0982126
-0.137769
-0.0416857
0.149298
0.213194
0.13396
0.0981232
-0.14155
0.130563
0.212176
-0.128475
-0.266488
-0.215362
-0.00105598
-0.0502882
0.164043
-0.00644066
0.0337239
-0.24756
-0.0493978
0.146939
-0.0636213
-0.116983
-0.0817698
0.133297
0.0416712
0.127141
0.0892637
-0.125123
-0.0361651
-0.22213
-0.0863874
-0.102597
0.0068113
-0.133944
-0.0769501
0.0913009
-0.159192
0.0551028
-0.300685
-0.00873083
0.0871596
-0.258459
0.113679
-0.155826
0.0128806
-0.188917
-0.361023
-0.166674
0.210516
-0.0331772
0.179177
-0.101934
-0.0505256
-0.13156
-0.102966
0.144909
0.0668703
0.156507
0.166038
-0.301049
-0.0868943
-0.22135
0.146839
0.10349
-0.0958659
0.0456246
-0.0865678
-0.170226
0.135943
-0.0354716
0.172327
-0.161201
0.156571
0.208731
0.0704626
-0.111986
-0.0812717
0.150999
0.0992102
0.0511624
-0.201279
-0.299287
-0.248539
-0.318212
-0.275492
0.218097
-0.562577
-0.0177556
0.0503055
0.299879
-0.430477
-0.608092
-0.226366
0.223536
0.818168
0.012086
-0.139039
-0.150259
-0.0680042
-0.494077
-0.810812
0.492468
-0.275854
-0.554792
0.507609
-0.925259
-0.289175
-0.638081
0.279015
-0.768671
0.563839
0.505983
-0.858339
-0.727818
0.287491
0.677048
0.230922
-0.489444
0.0432142
-0.92943
-0.399483
0.0834143
0.26901
0.584554
0.401438
0.358163
0.672961
-0.0460025
-0.970885
0.276278
0.0365078
-0.555877
-0.798027
-0.0015037
0.14111
-0.302181
-0.0936595
-0.705367
-0.363676
-0.0201912
0.909063
0.0610689
0.137211
0.482823
-0.22217
-0.737243
0.163387
0.123166
-0.150212
-0.77785
0.918642
0.0938093
0.110652
0.238758
-0.579631
0.325085
0.079073
0.182608
-0.0625143
-0.0526486
-0.248778
0.064808
0.246058
0.195836
0.539581
0.240783
0.312726
-0.550003
0.0597622
-0.0594117
-0.290556
-0.0444839
-0.365811
0.217558
0.303625
-0.273504
-0.125486
0.0751118
-0.123138
0.124612
0.252929
-0.0143849
0.171268
-0.270364
-0.0331301
-0.374136
0.197544
0.14701
-0.11588
0.319348
0.301122
-0.125982
0.0175926
-0.258173
0.180179
-0.186674
-0.247043
-0.144976
0.047563
-0.519523
-0.0893393
-0.00198558
0.0921119
0.382561
-0.19003
-0.388039
-0.397859
0.603986
-0.417823
0.00901307
0.215515
0.366324
-0.178141
-0.0797635
0.0616554
0.129186
0.0264139
-0.197452
0.411986
0.0959802
0.368806
-0.181042
0.206381
0.194765
-0.241148
-0.379024
0.164996
0.0558754
0.488253
-0.293483
-0.042794
-0.286455
-0.183055
0.398388
0.087827
0.210035
0.287175
-0.415185
0.114144
0.0677248
-0.0652346
0.271586
-0.0635496
-0.026162
0.299351
0.109232
0.498051
-0.0249138
0.0815369
0.23667
0.312297
-0.212119
0.10738
-0.227715
-0.0192642
0.0480912
0.243997
0.135905
0.144368
-0.222446
0.0443486
-0.0665969
0.0740689
0.0426325
0.205234
0.38227
-0.364799
0.136678
0.124353
-0.253469
0.137149
0.210265
0.169559
-0.121099
-0.306154
0.133089
-0.423371
0.101811
0.0328302
-0.63394
-0.0349825
0.288963
-0.0943735
0.139261
0.122413
-0.0431397
0.155504
-0.188282
-0.0392347
-0.380928
-0.000314144
-0.153535
0.0803855
-0.200736
0.141064
0.223823
0.281769
-0.0372959
0.0804821
0.146582
0.190314
-0.010203
0.134712
-0.0464373
0.11269
-0.263284
-0.0964339
0.251074
0.0452679
0.240181
-0.0721577
-0.0408187
-0.0275901
0.0644477
-0.0926854
-0.124739
0.144714
0.0213569
-0.0401887
-0.241073
0.1068
-0.00289503
0.135168
0.220087
0.173142
0.0331766
-0.189287
-0.146406
0.150032
-0.24103
-0.0834761
-0.136605
0.0837506
0.0925279
0.17689
0.0595825
0.123924
-0.0299352
0.0390642
-0.0908302
0.211214
0.154794
0.0525865
-0.00749545
-0.102283
0.171403
-0.120669
-0.171859
0.0464456
0.0930593
0.00593936
0.00836312
-0.150248
-0.214158
0.240949
0.257655
-0.0745106
0.222411
0.0650668
0.0428845
-0.0700095
0.215223
-0.0332847
0.0115342
0.182257
0.029387
-0.0130502
-0.117463
-0.0381874
-0.118542
0.0347844
-0.323878
0.29606
-0.180363
0.0125981
-0.138662
0.260928
0.028978
-0.0731236
0.257432
-0.0579977
0.0979927
-0.035684
0.0316412
0.288706
-0.0324636
0.0346732
-0.210618
0.0300398
0.246883
-0.0503619
0.0293679
-0.298892
0.161842
-0.173179
0.235416
-0.0110855
-0.0115913
0.138704
-0.0219272
-0.0641075
-0.0966906
0.138089
-0.0291328
0.102445
0.0631375
0.085959
-0.114696
-0.0713543
0.165469
-0.00431324
0.0466279
0.0373841
0.0703403
-0.0860389
0.221761
0.0165168
-0.0344603
0.0270195
0.0482667
0.0519506
-0.190176
0.000469417
0.111563
-0.0586608
0.000466919
-0.0486767
-0.221066
-0.132059
-0.142943
-0.0180125
-0.0646674
-0.0141786
0.0397486
0.137645
0.0249127
0.142176
-0.0276952
-0.267126
-0.183225
-0.0724109
0.0860242
-0.203343
0.0860154
-0.111243
-0.052461
0.227734
0.0341336
0.0781932
0.10315
0.0716265
-0.189815
0.0245503
-0.215481
0.150718
0.234702
0.0292301
0.0623497
-0.0114627
0.178729
-0.0290464
-0.0178056
0.129686
-0.0924263
0.0177394
-0.14329
0.120271
0.0548235
-0.0437868
-0.0182412
0.0127243
0.154278
-0.0366869
0.0751226
-0.0801035
0.0236961
-0.025357
0.0892926
0.218654
-0.012202
-0.020062
0.12798
0.00797312
-0.134107
0.120663
0.0758698
-0.10327
-0.133964
0.189826
-0.0234467
-0.0159661
0.0865944
0.047861
-0.113249
-0.172083
0.130312
-0.0707009
0.0450493
-0.242564
-0.191431
-0.217905
-0.27722
0.54434
-0.0475389
0.180117
-0.29548
0.0558006
-0.382778
-0.282267
0.112897
-0.332057
0.427317
0.202925
-0.0836161
-0.14127
0.0207003
0.0728665
0.197074
-0.148873
-0.0994037
-0.111846
0.220962
0.111877
0.0427362
0.219379
0.0263397
-0.0908049
-0.0127981
0.0188292
0.171206
-0.141826
-0.130458
-0.189372
-0.207212
0.0611545
-0.496332
0.0359418
-0.306439
0.230705
-0.0797944
0.358173
0.165874
0.0365464
0.0955546
0.0468127
0.156609
-0.0775025
-0.132446
-0.0586748
0.00732166
-0.0493353
0.164012
0.221335
0.0219395
0.130876
-0.0279182
-0.0122991
-0.122853
-0.102144
0.267858
0.0110465
0.0772242
0.0290138
-0.0142586
-0.0173754
-0.137685
-0.211382
-0.061863
0.0106677
0.00471002
0.238768
-0.0344218
-0.182066
-0.103154
0.034918
-0.253663
-0.0733055
0.101612
0.0586527
0.0313432
-0.00934214
0.289551
-0.0422979
0.136333
0.0211275
-0.0845347
0.0636502
0.076766
0.0226506
0.123194
-0.027378
-0.0494702
0.0162781
0.00789011
0.0621853
0.0764257
-0.138372
0.0171928
0.0414276
0.0111608
-0.0204314
0.0557316
0.0139435
0.0445362
-0.0530418
0.0957418
0.0906586
-0.0360252
0.0709963
-0.00416233
-0.0472946
0.183289
0.0243839
-0.00614733
0.0236579
-0.114715
0.0540938
0.101436
-0.052864
0.0991452
0.0249705
-0.0979891
0.0802237
0.0453628
0.0947748
0.0813444
-0.22711
0.169043
0.00575552
-0.0126222
0.0834092
-0.0270648
0.0816313
-0.0686399
0.0458852
-0.274245
0.0420117
0.136272
0.000663445
-0.0325607
-0.199433
0.0903495
0.0147926
-0.0410697
-0.110806
-0.0191192
0.251521
0.183374
0.0202656
0.0802225
-0.0112357
0.0594919
-0.024099
-0.0524868
0.0634676
-0.0543761
0.0336962
0.0353023
0.106228
0.0688599
0.145266
0.0688528
0.0117736
-0.00867392
0.0638453
0.0127203
-0.0254568
0.0753608
-0.107273
0.0428011
0.00800484
-0.0188935
-0.04099
0.0998119
0.0814088
-0.048562
-0.0332555
-0.0608802
0.0959687
-0.146883
-0.210301
0.144783
-0.0247847
-0.141337
0.0972394
0.0828097
-0.0345423
0.0129153
0.291529
0.0214098
-0.0783889
-0.0140411
0.0333408
-0.0380256
-0.0834702
-0.045712
0.119806
0.10084
-0.0479598
0.0390732
-0.0774852
0.000407249
-0.0489887
-0.0348461
0.00923579
0.0574802
0.0998527
0.0583926
-0.0311674
-0.0387425
0.0861588
0.0810497
-0.0436373
-0.00779104
-0.0653636
-0.176558
-0.0704742
-0.0900972
-0.189874
0.0680462
0.234169
0.0594849
0.126606
-0.0457426
0.0324057
0.0787525
0.0578123
-0.0299647
-0.0140143
0.0427821
0
0.131788
0.0798098
0.0113217
0.0198796
-0.101172
0.0715332
-0.0283561
-0.201575
0.039089
-0.125586
-0.0250247
-0.222713
0.0982779
0.185474
0.0408867
-0.00280062
0.0279709
0.0737468
-0.0235954
-0.161499
-0.228755
-0.00660747
0.0800276
-0.0164059
0.0589356
-0.00898161
-0.110478
0.0531325
0.0272801
-0.0120925
0.0623552
-0.0676887
-0.179293
0.0414856
0.0458712
-0.0323578
0.119779
0.0374966
0.108215
-0.0881922
-0.12136
-0.0376718
-0.0319874
-0.156206
0.0718011
-0.124771
0.0656407
-0.216975
-0.114751
0.00937687
-0.0636297
0.256188
-0.0759758
-0.241159
-0.0537737
0.0108666
0.0957346
0.257464
0.10281
0.105745
0.0242769
0.00417973
-0.058886
0.0926775
-0.201934
-0.105523
-0.0782559
0.126242
-0.115643
0.0521834
-0.14231
0.0989871
0.155816
0.0722576
0.0210913
0.0035811
0.00947319
-0.131316
0.0125707
-0.0911217
-0.132813
-0.193481
-0.182817
-0.445473
-0.275625
-0.544048
0.0736275
-0.098291
0.319713
0.2575
0.190235
0.019991
0.144455
-0.575872
-0.0101827
-0.0348484
0.0109655
0.259627
-0.101719
0.0515988
0.217148
0.0250295
0.203379
0.0546723
-0.254243
-0.437326
-0.0500992
0.320641
0.0896176
-0.238086
-0.193935
-0.0323564
0.187656
0.211515
0.0306109
-0.188275
0.188275
-0.0855594
-0.451824
-0.10056
-0.102359
0.3311
-0.101805
0.0429652
0.0271999
-0.346737
-0.279351
0.359745
0.204026
0.011635
0.375334
-0.135309
0.250056
-0.1401
0.25045
-0.0644825
0.0759026
-0.0374019
-0.0689757
0.32534
0.182341
-0.0853392
0.0473477
0.286606
-0.0953753
-0.145703
-0.408838
0.178635
0.23682
-0.0159803
0.108392
0.0331683
-0.160312
-0.0822842
0.226816
-0.0212305
-0.0301161
0.0251407
-0.178709
-0.0630669
-0.29754
-0.0908955
-0.301808
-0.0363184
0.131954
0.340188
-0.0109409
0.386064
-0.0673125
0.00875556
0.0686263
0.0586124
-0.102856
-0.125538
0.132428
-0.262154
0.0599205
-0.31099
0.178213
0.0277386
-0.0777197
0.2693
-0.0521623
0.170608
0.0982124
0.0202078
-0.0899994
0.0743362
0.0516633
0.0967147
0.119703
-0.0712489
0.0477773
-0.0210828
-0.0733584
0.148388
-0.0650373
0.0853025
-0.102851
0.0188799
0.0325672
-0.022143
0.0378348
-0.0511442
0.05004
-0.0798284
0.0102359
0.102887
-0.00726688
-0.0960652
0.0541225
0.160632
0.00391764
0.0920568
0.0292801
-0.0567001
0.0768878
0.120914
0.0336462
-0.0230534
-0.0258661
0.115035
0.0215926
-0.0218025
0.0908784
-0.0039522
0.0288774
-0.0513723
0.102688
0.0508488
0.0383256
-0.0186321
-0.0162033
0.0157934
-0.112118
-0.279524
0.106214
0.178076
0.0366002
-0.0772861
0.112107
0.103539
-0.0244579
0.0360544
0.0405836
-0.15284
-0.034605
-0.109753
0.11326
0.120147
-0.103248
-0.0648682
-0.144251
0.13077
0.0929586
-0.0942039
-0.107681
-0.299649
0.0588472
0.129615
-0.0865087
-0.0066362
0.216283
-0.0195081
-0.0216503
0.0180801
-0.266927
0.158801
0.0833091
0.0439118
-0.0630917
0.0368518
-0.0338987
0.0544766
-0.208352
0.0252412
-0.273533
0.0228085
0.154985
0.0206852
-0.176765
0.0469931
-0.0629992
-0.29371
0.116824
0.155798
-0.310205
0.070071
0.0164294
0.0547197
-0.151433
-0.0726961
-0.160468
-0.147034
0.0733189
0.251551
0.0752901
-0.0324576
-0.0467147
0.0458053
-0.140125
0.00829723
0.241721
-0.0398833
0.130102
0.0801309
-0.188356
-0.162849
-0.0883191
0.0117749
0.238717
0.0155337
0.305276
0.0808384
0.190155
-0.0970912
-0.0705804
-0.124727
-0.0440467
0.205202
-0.0297363
-0.115034
0.19285
0.0145501
0.0360699
0.119653
0.0522808
-0.0470194
-0.252703
-0.044768
0.0151614
0.167191
0.109226
0.0145158
-0.0564985
-0.000422833
-0.105419
0.211411
0.0325808
0.0983492
-0.0981407
0.0987601
-0.0453168
-0.0170209
0.073274
0.0477318
-0.00061577
0.0660811
-0.0697765
0.102552
-0.0810151
-0.106497
-0.00372833
0.0644284
-0.0383593
0.0490571
-0.11207
0.105694
0.0795135
-0.120748
0.0292941
0.160007
0.0335958
0.022805
-0.00302422
0.0116886
0.0181105
0.287348
-0.0320889
-0.0842326
-0.0459571
-0.0567465
0.124223
-0.0728384
0.0631704
-0.223975
0.0350644
-0.0356701
0.109227
-0.0177884
-0.0416968
-0.0715693
0.144824
-0.0835049
0.00844221
-0.0620757
0.0560463
-0.0493768
0.000606091
0.0792825
-0.0160472
-0.0255279
-0.0463982
-0.0356507
-0.258174
0.110993
0.0842814
-0.0651481
0.00390444
0.0221648
-0.0258637
0.0665761
-0.0419425
-0.0435605
0.0380233
-0.0687528
-0.0447159
-0.0176515
-0.0260149
-0.0723641
0.0165686
-0.051684
-0.0398907
0.217559
0.00455147
-0.0151106
0.113084
-0.00758127
-0.0499338
0.00782505
-0.149315
0.156517
0.00719669
-0.00472867
-0.108134
-0.0101912
0.110508
-0.0185395
0.0197743
0.0774832
0.0535583
-0.0362172
-0.00693283
-0.0320759
0.0573371
0.0895287
-0.0746869
0.0542995
-0.0246819
-0.0642148
0.220777
0.0177321
0.0403278
-0.0510829
0.0364009
0.0538604
0.012631
-0.0233008
0.04143
-0.0100458
0.0450287
0.0933418
0.0312443
0.00871544
-0.0596101
0.0781777
0.00560219
0.0318149
-0.0759446
0.0118257
0.00406791
-0.0320069
0.0997553
-0.0441485
-0.0232126
-0.0637242
0.09833
0.0556204
-0.0882897
0.0636933
0.0186451
-0.0585507
0.0196835
-0.00289221
0.0772234
0.0269452
-0.13043
0.0152629
0.0870732
-0.0598896
0.0111605
0.0105717
-0.026354
-0.0129138
0.12687
-0.0358663
-0.0281343
0.0638101
0.0104687
0.033616
-0.0578058
0.0663343
-0.0280766
-0.0336819
-0.0259572
-0.0223849
-0.0239709
0.019373
-0.0620875
0.0183011
-0.0167587
0.0572869
0.0243148
-0.107856
-0.158987
0.0667472
0.0233832
0.0885536
0.00115743
-0.0716266
-0.140081
-0.00768677
-0.116016
0.0624393
0.11177
-0.0178545
0.11675
0.0586398
0.108244
0.0120187
-0.0571698
0.0630784
-0.10208
0.150362
0.0187555
0.00510904
0.0458643
-0.000941593
0.0315891
-0.0122101
-0.0214508
0.00546114
0.0942511
0.0206798
-0.144532
0.0360001
0.0727344
0.0827735
-0.0820264
0.00896074
0.00652882
-0.066607
-0.0306457
-0.0651751
-0.0654119
0.0104871
-0.0399095
-0.169615
0.079087
-0.0319084
0.020897
0.0833458
0.0527655
-0.0844436
-0.112156
0.000388916
-0.264423
0.162792
0.0804129
0.0173282
-0.0262961
0.100911
0.0510367
-0.118845
0.142063
0.00728025
0.0740334
0.00380134
0.0644027
0.154754
-0.0374382
0.0502579
-0.0118902
0.0419241
-0.0525257
0.0688027
0.00812858
0.0228723
0.00663057
-0.0524277
-0.0435908
-0.00278886
-0.0214071
0.0396136
0.039827
-0.00221873
-0.00462394
-0.0577012
0.0158035
0.0845417
0.0248379
-0.00441112
-0.00514876
0.059417
-0.0647525
0.0308693
0.0395496
-0.0973235
-0.016806
0.0683401
-0.000917928
-0.00606044
-0.0528629
0.105996
0.00657618
-0.0963337
0.109838
0.012211
0.00291386
0.00691701
0.00327481
0.00491021
0.0148977
0.068209
-0.0290722
0.013734
-0.00270917
-0.0144613
0.00651018
0.0862206
0.0252392
-0.034384
0.0195346
0.0236056
-0.000714503
-0.0273681
-0.115662
0.0115904
0.0218765
0.0644467
-0.0158032
-0.0614743
-0.0931997
-0.0146127
0.145355
0.0106235
0.032341
0.108651
-0.00621245
0.0294306
0.0968966
0.097703
0.0635165
-0.0264306
0.0886889
0.0943653
-0.0647483
0.0622004
-0.0430731
-0.0576637
0.0431508
0.0334334
-0.0378769
0.145602
-0.050161
-0.0281461
0.0713975
-0.0979204
-0.0272763
0.0804214
0.0762513
0.0204818
-0.0255248
-0.049387
-0.0664578
0.0315886
-0.010179
-0.030429
0.0612733
0.0396863
-0.0143364
-0.00996327
-0.0460612
-0.0604375
0
-0.017775
0.0450597
-0.00664378
-0.0697701
-0.0834027
0.0348932
0.0548568
0.0159363
-0.0394586
0.0676703
0.0900846
0.124269
0.0986131
-0.0250184
-0.0312365
0.00432576
-0.0156482
0.0148164
0.0539192
0.0369943
0.0693249
0.0310564
-0.0189493
0.115586
0.0395216
-0.0387135
-0.0134234
0.0550343
-0.0508275
-0.0931252
-0.152519
-0.0660365
-0.0106866
-0.11206
0.0628207
-0.0798993
-0.00812678
-0.00271039
-0.0390433
0.0877184
0.237414
-0.0447184
0.0598543
-0.0301297
-0.0761391
0.0518707
0.0221246
0.00412232
0.0159785
0.0372936
0.0333967
0.0383339
-0.090935
0.00886816
-0.00837528
0.0506372
-0.0058863
0.0838788
-0.0259842
0.0229021
-0.0391765
-0.0553683
0.0380884
-0.128742
-0.0233307
-0.0395047
0.0826485
0.0219138
-0.010539
0.0241902
0.109194
-0.0260459
0.0693596
0.0815739
-0.0097988
-0.00964754
0.00916539
-0.0349378
-0.000483867
-0.00935937
0.057149
-0.144874
-0.0834088
0.096267
-0.000813319
-0.190335
0.0787737
0.0261206
0.0851152
0.161687
-0.0545713
0.060492
0.0606053
0.0169991
0.189625
0.0180511
0.0869961
-0.0149614
0.0203544
0.0321432
0.0772429
0.00715869
0.0871673
-0.00573723
0.036481
-0.00993617
-0.0241287
0.0093568
-0.0435381
0.0616232
0.0498657
0.0403709
-0.00582129
0.0555371
0.0315764
-0.00710711
0.0883311
0.027856
-0.0565259
0.128009
0.050459
-0.00159108
-0.0334713
0.0720197
0.0217352
-0.0325485
-0.105718
0.142004
0.116319
-0.0162091
0.0296966
-0.0433667
-0.153644
-0.0314495
0.0285551
-0.00709492
0.0815047
-0.00229898
0.0774426
-0.0145552
-0.00699975
-0.111511
0.00332305
-0.196943
0.0311852
0.115505
0.0287052
0.0940895
-0.0330394
-0.0878682
0.0369467
0.094138
0.0264692
-0.00800492
-0.08646
-0.0841589
0.0442681
-0.0598448
-0.0634301
-0.0890989
0.0392719
0.0150183
-0.104118
-0.13139
-0.107831
0.208101
-0.166466
0.0340597
0.0377086
0.0550999
0.0113725
0.0221094
0.0565444
0.00860241
-0.0258295
0.0606085
0.0812211
0.0155216
-0.0276921
-0.0607806
0.074856
0.0355401
0.0304667
0.0363219
-0.0673727
-0.0149036
-0.0508683
-0.0111758
-0.0353743
0.0506643
-0.0176445
0.018379
0.0542046
0.0363136
-0.00509636
-0.026397
-0.132596
0.0102055
-0.072105
0.0309234
0.0103854
0.029022
-0.0976168
-0.276267
-0.026589
-0.0195642
-0.168722
-0.0533049
-0.12773
-0.179494
0.0502734
0.0135791
-0.211751
-0.291137
0.385567
-0.0921196
0.317255
0.119779
-0.0300481
0.0193044
-0.0537333
0.13262
0.115392
-0.0933021
0.0524436
-0.00700776
-0.138511
0.127756
-0.0217006
0.0550184
0.0727873
0.0234268
-0.0504666
-0.0701801
0.162892
-0.017798
0.0329626
0.0278186
-0.0377725
0.105011
0.0245313
-0.0295359
-0.146693
-0.258374
-0.329504
-0.0336866
0.0966664
0.0662929
-0.12356
-0.031703
-0.12534
-0.157192
0.0122833
-0.0161565
-0.164044
-0.0447881
-0.106683
0.287854
0.389725
0.0689624
0.061598
0.040962
-0.0308659
-0.0736302
0.0447572
-0.240944
0.0713264
0.0700101
0.10571
0.025173
-0.137375
0.157851
-0.128995
0.090246
-0.0112363
0.207429
-0.0675572
0.103674
0.0853739
0.0553288
-0.0187186
-0.114933
0.0204981
-0.0561174
-0.0070762
0.141977
0.224053
-0.168531
0.114245
0.0662596
0.0650711
-0.0705255
-0.191103
0.1274
0.13799
0.0572999
-0.0725049
0.0612808
-0.118696
0.00590779
-0.0106062
0.0343536
0.0367952
0.0389097
-0.0550286
-0.0423038
0.0400421
-0.104597
0.102486
0.0379376
-0.0837444
-0.184274
0.0632344
0.0550612
-0.0140424
-0.0388718
0.0252686
0.0975632
-0.0431087
0.16834
-0.0124228
-0.0139379
-0.0633394
-0.0575175
0.0593285
0.0418625
-0.00766669
0.0483071
0.362848
-0.0193586
0.0297447
0.154938
0.0160287
-0.000992183
0.0810338
-0.0143518
-0.123115
0.0121094
0.0402118
-0.123851
0.0871982
0.0174909
0.0238406
-0.0894109
-0.182858
0.130953
0.104538
0.0242972
-0.0489388
-0.105085
0.103802
0.0862044
-0.0487626
0.0982736
-0.0825131
-0.0205929
-0.0414563
0.00699266
0.0454045
-0.022036
-0.141615
0.0390437
-0.0158296
0.00503942
-0.0220482
0.0907622
0.0588694
-0.0995531
0.0133407
0.0154701
-0.11531
0.0182271
0.029152
-0.148372
-0.137253
0.00948556
0.0559886
-0.0445882
0.065044
0.100346
0.0524044
0.0555874
-0.0512448
-0.0105703
-0.16801
-0.0376398
-0.007249
0.0591696
-0.0781306
-0.12278
-0.0739745
0.0402943
0.126018
0.12254
0.0429534
0.0914472
0.0329947
0.0531698
-0.0189876
-0.0135435
0.0408628
-0.112486
0.0120455
-0.0613945
-0.234766
0.036387
0.169589
0.0614255
-0.0649386
-0.00322141
-0.0124561
0.090357
-0.131794
0.0279371
-0.0273481
-0.154458
-0.0913276
0.0478708
-0.138517
-0.00121825
-0.0137155
-0.107632
-0.170235
-0.1625
-0.548653
0.269407
0.0788415
0.183976
0.135873
-0.00866476
-0.181469
0.00369072
0.248139
-0.252953
-0.0316713
0.161483
0.110457
-0.197503
-0.110571
-0.0698958
0.0618122
0.158691
0.0686928
-0.131291
0.0378931
-0.120733
-0.0622177
-0.141421
0.230738
-0.164034
0.0153806
0.179695
0.0868201
-0.0637225
0.331226
0.205567
0.184447
-0.147768
0.0771599
-0.105339
-0.0646867
-0.0249207
0.0965838
-0.000151608
-0.00955595
-0.0159469
0.0112414
0.0306219
0.114528
-0.0179727
-0.134163
0.0862283
-0.110872
-0.0158525
0.0588626
0.113847
0.160487
-0.0974128
-0.0362711
0.033887
-0.0686394
-0.0147163
-0.221846
-0.0364809
0.0637929
0.13515
0.104666
0.000299191
-0.0343156
-0.0129176
0.0145686
-0.0169737
0.0566667
-0.0465992
0.0572072
0.042766
0.0158974
-0.137069
-0.160057
0.00657397
-0.143929
0.0826087
-0.118956
-0.151937
-0.162629
0.28636
0.0425118
-0.0756498
-0.165129
0.00366041
-0.0237369
0.274054
-0.0535268
0.115718
0.00847869
-0.125913
-0.176634
-0.144136
-0.272611
-0.0464716
-0.160991
-0.0404862
0.0443738
-0.246702
-0.1127
-0.134737
0.283918
-0.479345
0.241484
0.429138
-0.102619
0.0787178
-0.0717069
0.151325
0.157526
-0.112336
-0.314297
0.024358
0.28776
0.146948
-0.406795
-0.104121
-0.0713634
-0.284891
0.153401
0.301467
-0.127865
0.388357
0.0632014
-0.13491
0.2723
-0.0593591
-0.294531
0.195311
0.185669
0.112168
0.0381884
-0.0448377
0.10522
0.199468
-0.0428948
0.0170538
-0.0498218
-0.0144393
0.0468912
0.0667877
-0.118444
0.068237
0.0127723
0.0881713
-0.0289386
0.013463
-0.0440567
-0.282387
0.259419
-0.111494
-0.156333
-0.0501116
-0.123014
0.050894
-0.0263997
0.106645
0.0990883
0.0486182
0.240857
0.00421806
-0.0695906
0.00172995
0.186176
0.0262059
0.0465385
-0.0443834
-0.0592796
0.0353939
0.221248
0.0705271
-0.0835138
-0.0915342
-0.151347
0.0356997
0.0163391
-0.0483238
0.0108275
0.0687129
0.0532885
-0.0428535
0.132404
-0.19595
0.155303
0.00288712
0.0865295
0.146828
0.0433949
-0.0676179
0.0702777
-0.0872539
-0.0857668
-0.000751648
-0.0311679
0.110828
0.116692
0.0445664
-0.150377
-0.117488
-0.138582
-0.155266
0.0461537
-0.2505
0.272572
0.20782
-0.0214664
0.0767339
0.0652638
-0.295564
-0.304408
0.23424
0.228576
0.0694892
0.14732
-0.0321713
-0.170732
-0.0806835
0.269663
0.0074084
0.141333
-0.0313003
0.0343666
0.0211461
0.0161576
-0.0481128
0.0758545
-0.000435139
0.10332
-0.113624
-0.11537
0.0366537
0.0192991
-0.130258
-0.0657707
-0.0326746
-0.0817801
-0.0412179
0.111933
0.0605574
0.0402182
0.117205
-0.0475409
0.0183682
-0.00469904
-0.0378195
-0.0123923
-0.167466
0.0485183
0.0366814
-0.00923224
0.0718456
0.0305705
-0.0358966
0.0277831
-0.0248238
0.0807466
-0.0563655
-0.0608418
0.115886
0.0834587
-0.0701111
0.0543789
-0.0201383
-0.0964362
-0.157427
-0.0904575
-0.00544448
-0.0960669
0.0689516
0.0940576
0.0168158
0.0272655
0.134338
-0.0186162
-0.146288
-0.0815163
0.0849671
0.242311
0.00629414
0.00702134
0.124826
0.0266807
0.0287642
-0.0576113
0.16162
-0.0337412
-0.0483183
-0.0690213
0.11791
-0.0788832
0.0166588
0.0713467
0.00370355
0.0594957
0.0116022
0.06863
-0.201442
0.161054
-0.0165118
-0.0715833
0.00966884
-0.20402
0.0575637
-0.0683031
0.114633
0.0492598
0.0271038
0.128663
-0.0906991
-0.0312709
0.139955
-0.0161572
0.0511919
-0.00391778
0.108568
0.0599019
-0.0108771
0.0319094
-0.00865498
-0.049325
-0.0977121
0.153632
0.124213
-0.076803
0.0746323
-0.0300311
0.0976437
0.122959
0.0827251
0.0648776
-0.0300835
-0.0328139
-0.0780514
0.0875508
-0.0265419
-0.00462893
-0.029676
0.0339082
0.0312894
0.0681798
0.0307192
0.0146075
-0.0343354
0.107313
0.0536782
-0.0571721
0.0682332
-0.0319304
-0.0783252
0.00571711
0.0617698
-0.0117548
0.0605633
-0.0670278
-0.0246034
0.040757
0.0567821
0.0335825
-0.0562052
0.0487806
0.101291
0.00874309
-0.0252364
-0.152513
-0.0746692
0.117767
-0.112702
0.103327
0.0173316
-0.0265874
-0.0821339
-0.0147937
0.0311191
0.0821288
-0.0284173
-0.0896368
-0.0124808
-0.0822942
0.0507629
0.130816
-0.0766743
-0.00636203
-0.0862204
0.00694076
0.0351536
0.0905148
0.0238878
-0.105796
-0.0228357
0.024139
-0.0327649
-0.0429787
0.130201
0.0151536
-0.102245
0.0542445
0.0675236
0.0116183
-0.00554928
-0.00968636
-0.127307
-0.00287954
-0.00785752
-0.196868
0.0814397
0.0147001
0.0923402
-0.068812
0.0646153
-0.056433
0.091657
-0.028012
0.0124449
0.0239292
-0.0317874
0.0546171
-0.172573
-0.0493067
-0.00159889
-0.0115996
0.117769
0.0913452
0.0114902
-0.0133194
-0.00209093
0.0983218
-0.0212471
-0.0505784
0.144552
0.0577773
0.0861082
0.0108855
-0.00518813
0.0295742
0.0694203
0.0502545
-0.197971
0.121866
0.0155685
-0.0256256
0.0453026
-0.10725
-0.00696313
-0.00861567
-0.0938579
0.0334671
-0.0131435
-0.0304368
0.0431977
-0.0985533
0.0175003
0.0785021
-0.0214532
-0.0284197
-0.164934
0.0278519
0.0836088
-0.0446943
-0.0594707
-0.0785794
0.0115445
-0.00340948
0.0125831
0.0572102
-0.0548526
0.0360799
0.0818718
0.0283039
-0.0864549
-0.000520732
-0.0721223
0.0774585
0.00429293
0.195764
0.0534237
-0.00418726
0.108177
-0.0429037
0.0371268
0.0934008
-0.143649
0.00757232
0.0335017
0.100833
0.0191507
0.0375728
-0.0178388
0.0589695
-0.0148024
0.0118437
0.0226612
0.052147
0.00342604
-0.0159166
-0.0719397
-0.111198
0.094028
-0.0616333
0.0813944
-0.122279
-0.00324801
-0.00324907
0.067389
-0.0206293
0.0176494
0.00521428
-0.0238589
-0.0795672
0.0847912
0.126161
0.0792529
-0.0138972
0.0385962
-0.043477
0.0253541
-0.0274292
0.0761283
0.0624387
0.0812964
0.0224258
-0.0492118
0.0465901
0.0100064
0.0262787
0.0732387
0.0231965
0.0655302
-0.0420353
0.0555801
0.0478434
0.00452801
0.0175122
0.0477416
-0.0687367
0.0703511
-0.0582822
0.0155289
0.0342173
0.00369217
0.0162524
0.026799
-0.00459559
-0.01967
-0.0105987
-0.0216932
0.0981662
-0.0320796
0.00137695
0.0941001
-0.0440848
0.0849202
0.121068
-0.0453973
0.111387
-0.0730382
0.0650356
0.033856
0.0426836
0.0423923
-0.11971
-0.0299576
-0.021661
-0.0533472
-0.094842
0.0754951
-0.0714119
0.0496582
0.102046
-0.0105044
-0.0325892
-0.042041
-0.0887064
0.031658
0.0202584
0.00666836
0.0298964
0.0346356
-0.092705
-0.0827133
-0.0461471
0.0531137
0.0678123
0.12609
-0.0481523
-0.044203
-0.0558708
0.100636
0.00832209
-0.00607219
0.123638
-0.00622354
0.0984543
0.0252864
-0.0412608
0.0209267
0.0390926
0.106615
0.0762629
0.0247198
0.0707042
0.00074609
-0.00789005
0.0106608
0.0106494
0.00095789
-0.0473656
-0.0200164
0.016487
0.0600436
-0.000637999
-0.0110651
-0.0768351
-0.0713777
-0.0702587
-0.130324
0.0205923
0.0848934
-0.113426
-0.0817498
-0.225191
0.206376
-0.063833
-0.130151
0.132842
0.00425961
-0.0679211
0.0979112
0.0987322
-0.00597623
0.0328251
0.0356868
-0.00549892
0.126477
-0.0147841
-0.0125183
0.00696864
-0.123539
-0.198892
0.0958776
0.193519
-0.0689284
0.037208
0.0323756
-0.0134406
0.012567
-0.0743196
-0.0455436
0.00221029
-0.112011
0.0638268
0.0505046
-0.122492
0.0651011
-0.00522364
0.0917382
-0.0047378
0.0611979
-0.11025
0.210735
-0.0257333
0.0182482
0.187386
0.0278658
0.0146463
0.0506716
-0.0183771
0.00327656
0.139886
0.0184282
-0.0479632
0.0684338
0.0277813
-0.143779
0.257619
-0.000511742
-0.0285968
0.111058
-0.0593564
-0.0017361
0.122117
0.00342977
0.0777612
0.031774
-0.0277717
0.0674968
0.0213405
0.103768
-0.0504671
-0.0999116
-0.0921693
-0.132681
0.0422928
0.00182595
0.0496796
0.0783167
0.0524369
0.0113501
-0.0524773
0.0464056
0.104987
0.0107336
0.0689512
-0.0208412
-0.0262846
0.0499599
-0.0494689
-0.0653201
-0.0396162
-0.0396741
-0.122698
0.140716
-0.141119
0.0176359
0.149406
-0.0760733
0.0444795
-0.0733072
0.0548812
0.0157389
0.069433
-0.0821816
0.121741
0.124556
-0.0986953
-0.0828317
-0.114425
-0.0913598
0.000707517
0.0144426
0.031439
0.00643682
0.0162747
0.041371
0.0289479
-0.0303475
0.112046
-0.0205851
0.0820874
-0.0285357
-0.027728
0.00158089
0.00908525
0.142307
-0.00350389
0.00107076
-0.105287
-0.00846315
-0.0242482
-0.133526
0.0419187
0.0245704
0.146951
0.0345005
0.03127
-0.0142104
0.0225714
0.0655759
0.0250704
0.00211846
-0.0245825
-0.0691542
0.0168968
-0.0265233
-0.105327
0.0112997
-0.0656179
0.049598
0.0527783
0.0666042
-0.000194388
0.0108799
0.0347944
0.0379514
-0.0317612
0.0460161
0.0694421
0.124718
0.185182
-0.0656368
0.00186534
-0.0294196
0.0383684
0.0145247
-0.032057
-0.101694
-0.0338138
-0.0791239
0.0663431
-0.105136
-0.272501
0.0216199
-0.00157078
0.10266
-0.00437401
-0.136355
0.131493
-0.214525
-0.213947
0.0566941
0.0305421
-0.117944
0.12921
-0.0856164
0.24212
-0.0632439
0.0221859
0.0568808
-0.0309768
0.0648128
-0.0568862
-0.100536
0.0293695
-0.164739
-0.0299598
-0.0648982
0.101042
-0.0995063
-0.279729
0.160491
-0.0705828
-0.169486
0.195948
0.0478492
-0.0322549
0.0951167
-0.00854415
0.175382
-0.0569322
-0.132363
-0.369125
0.223169
-0.238161
0.115924
0.112081
-0.0818306
-0.0829317
-0.146752
-0.0551575
0.0974299
-0.243228
-0.0199769
-0.23101
0.199585
0.050741
0.0855311
0.252823
-0.0029852
0.0733055
0.0941863
-0.048668
-0.00727323
-0.0637878
0.0476413
0.00232332
0.00823289
0.169787
0.00984951
-0.0935983
-0.059381
-0.0231764
-0.0190026
-0.121409
0.0930497
-0.00275561
0.0315381
0.01974
0.0273814
0.174108
-0.0580463
-0.0264396
-0.168599
0.056973
0.153751
0.111267
-0.0706629
0.153868
0.00569882
-0.0160872
-0.0267333
0.0378342
0.0517768
0.00961514
-0.00657778
-0.0293999
-0.0720392
0.00919935
0.047904
0.00833427
0.0292166
-0.0573981
-0.0714701
0.00225722
0.0354331
0.0894558
0.0817311
-0.0129718
0.0654911
0.0447839
-0.0427848
0.0359156
-0.15354
-0.0965357
0.0325197
-0.0172151
-0.0120376
-0.0171634
0.102339
0.0630567
0.0685566
-0.0698641
0.0659678
0.0940851
-0.0959839
0.049947
-0.0128368
0.0123395
0.0400977
-0.0225104
0.0340929
0.0616461
-0.0445444
-0.0784333
-0.0403981
-0.0113007
-0.00830868
-0.0677274
0.028795
-0.0875476
-0.0451326
0.0260472
-0.160615
0.127433
-0.103506
0.034142
0.0155925
0.179702
0.0254388
0.0368867
-0.00240151
-0.256964
0.0658062
-0.00836803
-0.0412279
-0.22287
0.00597318
0.111989
-0.0400677
0.0100839
0.00851665
0.0730278
0.072396
-0.173806
-0.00791568
0.0231046
-0.0612082
0.121217
-0.0194454
0.0794048
0.0184716
-0.0281314
-0.0924445
0
0.0365635
-0.00320561
0.178052
-0.0233949
0.00692246
0.0781551
-0.0257814
0.0696087
-0.0868333
0.0111487
0.0236751
-0.0152711
-0.0170178
-0.0970876
-0.0952486
-0.0826082
0.0191561
0.031569
0.0993504
-0.0264177
-0.110224
0.0479647
-0.0337174
-0.147402
0.0943656
0.0258759
-0.108963
-0.226079
0.0176561
-0.0948899
0.134717
-0.0536045
-0.0406902
0.100185
-0.248693
-0.060998
0.0915768
0.179923
-0.0108617
0.0854981
0.00714526
-0.0624534
-0.0845678
0.0814563
0.00289692
0.142729
0.105725
-0.0164428
-0.113424
0.0917036
0.246934
-0.101148
0.0174804
0.0772093
0.143559
-0.0480307
0.0774041
0.163847
-0.126523
0.0909633
0.0031837
0.0580241
-0.0841205
-0.0755846
-0.13812
0.00682424
0.038211
0.0201645
0.00617293
-0.218353
-0.149697
0.143078
0.159304
-0.117075
-0.0118555
0.0915912
0.0893417
-0.130105
0.0416832
0.0569686
0.0559385
-0.0172954
0.0548173
0.0131799
-0.0693134
0.167364
-0.0390051
0.0798419
-0.0432267
-0.0168443
-0.0881716
0.0800882
0.0488994
0.00625698
0.0075429
0.0774807
-0.0316511
0.022787
-0.0193311
-0.0816808
0.00149289
-0.0391874
-0.013897
0.00570111
-0.038872
0.0095316
0.10584
0.0450476
-0.0427656
0.0160585
-0.0430791
-0.0721801
-0.115184
-0.100338
0.159355
-0.00977847
0.104147
0.00987664
-0.0416678
-0.0413394
0.0476456
0.0712939
0.0400599
0.00672701
0.026567
0.0645915
0.0644691
0.0841588
-0.00830677
-0.0254462
0.106576
0.038553
-0.00162331
-0.03233
0.0146475
-0.0138811
0.0215314
0.0107961
-0.0303159
-0.0293514
0.0186184
0.100742
-0.00113911
-0.0614191
0.0301377
-0.144163
0.0894478
-0.205961
0.0423312
-0.0100301
-0.0951521
-0.0494003
-0.00257036
0.0341516
0.1573
0.0194776
-0.188511
-0.112701
0.149234
0.0625143
-0.0565203
0.0238421
-0.00921614
-0.0156084
0.0828671
0.0663254
-0.0678844
-0.433344
-0.021495
-0.0828453
-0.488781
-0.144656
0.0681292
0.302443
-0.00147807
-0.221199
-0.458546
-0.983197
0.0214232
-0.360133
-0.950381
0.361878
-0.561876
0.115244
-0.173441
0.451628
0.0869908
-0.513325
0.584239
0.211116
0.120086
-0.363299
0.298837
0.37105
0.165649
-0.032911
-0.00761025
0.188167
0.186525
-0.103072
0.224671
-0.278408
-0.148968
0.277872
-0.0838143
-0.203134
0.184702
0.152737
-0.139744
0.0489728
0.164034
0.22645
0.0415703
-0.333604
0.157643
-0.168372
0.126303
0.184503
-0.0639397
0.0622841
-0.1666
-0.277144
0.231101
0.254658
0.10532
0.128528
-0.155835
0.213767
0.136554
0.0226539
-0.0269425
-0.155398
0.227607
0.187737
0.0170333
0.228173
0.112482
-0.204665
-0.0216866
-0.334775
0.0762603
-0.20607
0.272683
-0.0780937
-0.0893923
0.0388572
-0.0994652
0.0845466
-0.117658
-0.0389207
-0.0833567
0.0584683
-0.0658297
0.0972154
0.0663269
-0.0798963
0.0932447
-0.00802954
0.0100642
-0.111267
0.0146182
0.216524
0.0472393
0.188393
-0.0349655
0.0717654
0.0411035
0.127544
-0.0852074
-0.0607523
-0.0103061
-0.0219494
-0.0231969
0.0252635
-0.261246
0.0664255
0.174898
0.0773982
0.112901
0.00256575
-0.0186166
0.0229982
0.166987
0.0582524
0.0184734
-0.0846096
-0.00378644
-0.0617315
0.0111081
-0.0683248
-0.00830715
0.17731
-0.0327116
-0.0316601
-0.0305982
-0.0578643
-0.0411107
-0.00405632
-0.0416188
-0.0414698
-0.0854133
0.0983239
-0.165872
0.19175
-0.0162065
0.0321726
-0.026696
0.10689
0.029696
0.0382624
0.00432437
-0.352216
0.125371
0.0133668
-0.104499
-0.0132893
0.134471
-0.0367404
0.0368479
-0.050674
0.00237771
0.188938
0.103805
-0.075003
0.0823466
-0.015953
-0.00357192
-0.0146161
0.0346654
-0.166754
0.103003
-0.00306099
-0.0716196
-0.183383
-0.107243
0.129851
-0.309104
-0.0886537
-0.312915
0.126114
0.0168253
0.153771
0.0637624
0.131841
0.0463854
-0.00956796
0.449975
-0.0336114
0.111462
0.000521847
0.0163722
0.201554
-0.00909254
0.0526017
-0.103735
0.0583874
0.115358
0.18952
-0.0264864
0.00148986
0.103644
-0.173409
0.0502794
-0.0678971
-0.00631386
0.118395
-0.0359284
0.00506956
0.113931
0.00117896
-0.0455891
-0.00839212
-0.00869574
0.0477333
0.0178905
0.0833281
-0.252396
0.110263
0.143107
0
0.131865
0.0333909
0.0349027
0
-0.0709851
-0.00249988
0.137522
0.158555
0.0887598
-0.0877329
0.103358
-0.0766039
0.0926662
-0.106734
0.0700479
0.119449
-0.0088773
-0.0298011
-0.0789191
-0.129775
-0.0616081
-0.160926
0.0177219
0.0235168
0.0512392
0.142332
0.0838425
0.0395779
-0.00684773
0.0403709
-0.0511146
-0.0262595
0.0409829
-0.0461873
0.0602423
0.0386416
-0.0257137
-0.161968
0.118872
0.101158
0.0394655
0.0909717
0.138766
-0.211203
0.205128
0.0275759
-0.00641866
-0.0186553
0.148629
0.0419877
0.0699673
0.0701727
0.024173
-0.0055201
0.0290326
-0.0412048
-0.0329652
-0.00684893
-0.0605435
0.014996
-0.115313
0.0372102
-0.13098
0.167877
0.0473025
-0.0285991
0.0110831
0
0.123092
-0.047497
-0.0419848
-0.0261996
-0.0507662
0.0588684
0.0133152
0.0714936
0.0912
-0.0586129
-0.161908
-0.0484904
0.102404
0.0414148
0.100863
-0.0102982
0.0820052
0.00621486
-0.127278
0.0590439
-0.056803
0.0776043
-0.0957184
0.163981
-0.0151292
-0.183619
-0.0352364
0.0314236
0.0913642
-0.178674
0.149604
0.168424
-0.0483917
-0.00774742
0.0755995
0.117979
-0.0522632
0.171178
0.02424
0.00987703
0.0632283
-0.0148076
-0.0351843
0.00829463
-0.0207084
0.0171778
0.0839836
-0.0857904
-0.0204725
-0.0740998
-0.153235
0.0945245
0.0647612
0.0689541
-0.00378632
0.0730038
-0.108137
0.0019
-0.0623927
0.0899435
0.0315816
0.0489023
-0.00956504
-0.0608742
-0.164529
0.115115
0.0683232
-0.00591551
0.0728777
-0.0873525
-0.0909458
-0.242106
0.120609
0.115931
-0.00257647
-0.00540444
0.0656528
-0.0451315
-0.0216858
0.0565667
-0.036458
0.082256
-0.0111208
0.0517094
0.0107358
0.000655249
0.0136685
0.0536745
0.0138206
0.0461198
0.0135765
-0.0912678
0.0350642
0.0214173
-0.163489
0.00461194
0.152392
0.0202524
0.0563286
0.0107776
0.0385113
-0.0333679
-0.14421
0.0712319
0.157385
-0.0611339
0.127834
-0.0584971
-0.027661
-0.083445
-0.00861656
-0.00443196
-0.0142762
0.0652459
-0.0155688
-0.0715745
-0.231997
0.0457606
0.194726
0.122421
-0.00215589
0.0490709
-0.0253816
0.0201355
0.103458
0.0404428
0.0520594
0.0437202
-0.190191
0.0219697
0.0852079
0.0459179
0.0173594
0.067902
0.11689
-0.0129885
0.0698624
0.0219927
0.0996481
-0.0301965
0.00864762
0.0113434
-0.00600813
-0.0696567
-0.130434
-0.0941758
0.163983
-0.0478348
0.0782322
0.0975573
0.0928931
0.0698842
-0.0328782
-0.000964281
-0.0134354
-0.0177684
0.00424052
0.0616929
-0.0194604
-0.145181
0.00788753
0.0322366
-0.0488452
-0.0308102
-0.00618854
-0.326419
0.145726
-0.0219319
0.0514065
-0.0757032
-0.0494696
-0.0322597
0.265451
-0.0233039
-0.0932256
-0.0478271
-0.046663
-0.164742
-0.0703897
0.222967
-0.0941775
-0.0825178
0.215618
-0.0115139
0.0503624
0.0350957
0.0454334
-0.0138223
-0.00672716
0.0940739
0.0439169
0.0749152
-0.0990796
0.0112588
-0.143762
0.0298348
0.139872
-0.0171133
0.0335958
-0.0170098
-0.0313103
-0.111625
0.0142027
-0.218229
-0.345135
0.0788007
0.307583
-0.024495
-0.118419
0.0582881
0.115257
0.0589817
-0.0932642
0.0690651
0.0924724
-0.120521
0.141752
0.0448331
0.0659319
-0.128785
-0.109968
0.120127
-0.0206353
-0.088371
-0.00046312
0.0030099
0.0835288
-0.0404862
0.0290011
0.13658
0.239174
0.0956109
-0.151327
-0.13882
-0.067715
0.049416
0.000452229
-0.00565434
-0.0163779
0.0202986
-0.162328
0.267684
0.156018
0.0446972
0.249388
0.0271322
0.0179764
-0.0263005
0.0610954
-0.00254705
-0.159126
0.264427
-0.0645556
0.0539771
-0.0434821
0.0123825
-0.0213271
-0.0493744
0.168517
-0.134092
0.038315
0.160045
0
-0.0401363
0.00270855
0.0333453
-0.165738
-0.324531
-0.00407131
0.131548
-0.0643659
0.0595563
-0.178209
0.121974
0.105726
-0.037293
-0.143883
-0.32873
-0.00360948
0.154562
-0.0301127
0.204762
0.0514651
0.18486
-0.139063
0.127613
0.0632009
-0.0160638
0.184967
0.104641
0.00185745
0.130869
-0.148219
-0.0277393
0.0247069
0.0608849
-0.00130178
-0.075104
-0.206462
-0.341585
0.206491
0.042271
-0.246574
0.0336272
0.122341
-0.119144
-0.311415
-0.0935849
0.0369212
0.192426
0.206695
-0.0440531
-0.246308
-0.111096
0.311403
-0.247083
-0.135507
0.316168
-0.0688658
0.0763658
-0.0419106
-0.0852451
-0.282519
0.0862347
0.302986
0.0100118
0.0880534
-0.227199
0.174474
-0.00344662
0.098674
0.0310352
0.0637975
0.236523
-0.106869
0.0493031
0.00367382
-0.0973159
0.0391538
-0.00540122
0.115277
-0.0810715
0.184886
-0.0341364
-0.107769
0.14851
-0.0816491
0.0910273
0.045585
-0.00304176
0.161449
0.0445988
-0.000338663
-0.0204765
-0.106926
-0.158276
-0.00174257
-0.0815423
0.0301045
0.141858
-0.37917
-0.278948
0.0369694
0.161799
0.0885707
0.00702323
-0.011469
-0.0783403
-0.221537
-0.0945277
-0.0860941
0.0606951
-0.0277885
-0.444466
0.0546623
0.116533
-0.224345
-0.170462
0.214746
0.271983
0.0949445
-0.0567519
0.0207503
0.0425816
-0.0395449
-0.17435
-0.0886791
0.135609
-0.0846174
0.0962195
0.0631525
-0.0132099
0.0828643
-0.0903551
-0.00680774
0.0339925
0.132117
0.144646
0.00941595
0.0979323
0.144183
-0.0137529
0.05144
0.0841016
0.0318197
-0.077586
-0.0724787
-0.0503809
0.0333016
0.02503
0.0121308
-0.0674105
-0.121334
-0.0693658
-0.076713
0.216865
0.0622375
0.10503
0.0255311
-0.141307
0.16563
0.036445
-0.00797658
-0.124386
0.0224823
-0.0908151
-0.157544
0.0684614
0.0191821
0.0116231
0.174899
-0.114879
-0.0464403
-0.125768
0.0518054
0.00213131
0.114276
-0.0187615
0.0303062
0.0116764
-0.0983328
0.0542391
-0.0796712
0.0786519
-0.169177
-0.190412
0.0727199
0.102945
0.0670392
-0.0777984
-0.013298
0.0984603
-0.00530145
-0.0660615
0.0952581
0.0420637
-0.137544
0.0759275
0.0753553
-0.0777837
-0.127992
0.0280643
0.155414
-0.0431288
0.0210009
0.0896736
-0.107441
0.125308
-0.0892199
0.0837758
0.276903
-0.0205021
0.0367325
-0.0163011
0.00804801
-0.0256491
0.0253668
-0.10264
0.0317485
-0.0735452
-0.0611873
0.130325
-0.0569022
0.0784943
0.026571
0.00905342
0.0716425
0.0246075
-0.00805562
-0.0603781
-0.0191948
-0.0941773
-0.0765892
-0.274255
0.123453
-0.415627
-0.013316
-0.0297397
0.0934956
0.0870059
0.0142404
-0.0207678
-0.296763
0.144073
0.0308922
0.0719139
0.125251
0.0729554
0.155333
-0.0629576
-0.0444251
0
0.102212
0.0639713
0.00253299
0.0462048
0.0418329
-0.00875462
-0.0737851
-0.0357186
-0.0302394
0.0895794
-0.118304
-0.0135891
0.0639124
0.11477
-0.166626
-0.0621882
-0.0969437
0.173726
0.0798866
-0.0974745
0.0127015
-0.0228597
0.104594
0.0110645
-0.0477442
0
0.115167
-0.0450425
0.0713552
-0.0436293
-0.0681198
-0.0312563
-0.0592263
-0.104295
0.0311084
0.211704
0.0273454
-0.107654
0.125819
0.00982258
0.0526763
-0.0451545
0.177438
-0.0686143
-0.00269204
0.0612413
-0.096375
0.0139263
-0.0322875
-0.169611
-0.100413
0.0173292
-0.0786975
0.0781131
0.0851168
0.0343503
0.0854703
0.0201646
-0.0878914
-0.157322
0.0129492
0.0212531
0.0247747
0.0780025
-0.0311715
-0.126547
-0.0986392
0.128452
0.0783186
0.104964
0.0587847
0.0707124
0.0249923
-0.091779
0.0714642
-0.0404692
0.0858551
0.00550016
-0.107375
0.0173715
0.108879
-0.070257
-0.0654034
0.279983
-0.0251379
0.0506278
-0.0304153
-0.0153466
0.0324709
-0.0150429
-0.126011
0.0614236
-0.0315401
-0.0892835
-0.00367564
0.0283099
0.115651
0.00487696
0.0382364
0.0249486
0.0973944
0.014384
0.051884
-0.0136958
-0.0464051
0.0397207
0.0568108
0.0121367
-0.0193308
0.187249
0.0147151
-0.00379324
0.0239996
0.0310937
-0.0813526
0.0317158
-0.112188
-0.0294424
0.133844
-0.0400257
0.00741684
-0.0769072
-0.123055
-0.139226
0.052652
-0.0132059
0.255896
0.12454
-0.0355103
0.13388
0.0364118
0.0114332
0.000261177
0.0373433
-0.138602
-0.108693
-0.144532
0.0714525
-0.034921
-0.068581
0.100479
0.0326672
0.0883424
0.0192317
0.0711662
-0.0681853
0.0575887
-0.220988
0.0468149
0.114597
-0.016907
0.0856979
0.0459484
0.0175359
-0.193141
0.10159
0.0844225
-0.131707
-0.0361265
0.160635
0.0663613
-0.0396856
-0.0835333
-0.06606
0.0982052
-0.0151723
-0.122414
0.000199619
-0.015449
-0.0130036
0.0522452
0.0202919
-0.0674003
-0.00460296
0.104345
-0.0663178
0.123601
-0.0824737
0.00158865
-0.0351415
0.026997
0.0795708
-0.0350888
0.0196333
0.0186094
0.0134587
0.12544
-0.0309528
-0.148497
0.00145109
-0.053367
-0.0577206
0.0920087
-0.108962
-0.00153661
-0.104439
0.0145727
0.0107136
-0.0115901
0.0432594
0.00818677
0.00476135
0.0659557
-0.0295494
-0.039625
-0.0307639
0.0261352
-0.06496
-0.0505086
0.104055
-0.250929
-0.0775852
0.0255132
0.078831
-0.0963643
0.0843351
-0.0181055
0.0843273
0.0315169
-0.0428655
-0.0175267
0.0294218
-0.0247633
0.00294471
-0.024337
0.041782
0.00628643
0.0719435
-0.0398896
0.0573717
-0.000406215
-0.0165334
0.050868
-0.0880323
0.0792571
0.0961061
0.000468185
0.0310519
0.062081
0.0224376
-0.000595039
0.0563712
0.0625909
0.0508973
-0.0171106
0.0376308
0
0.13934
0.060654
-0.00553352
0.0160197
-0.0187558
0.00807886
0.0314897
0.0163406
0.166996
-0.124308
-0.121725
0.0212182
-0.0369219
-0.010227
-0.0145276
0.00249743
0.0860673
0.0484446
0.0521082
0.000251376
0.0199642
-0.0322262
0.031599
0.14156
0.0146454
0.0318122
0.153864
-0.0242142
0.00668145
-0.0631659
0.0409176
0
0.0728819
-0.0479016
0.0651046
-0.0379464
0.070641
-0.0170866
-0.0614881
0.0242659
0.0857584
0.0157476
-0.206679
0.00879153
0.00707645
0.0434468
-0.019692
-0.0817338
0.0490106
-0.110598
-0.0661928
0.00739023
0.0662057
0.00992397
0.0427268
-0.0172532
0.0602258
-0.0276478
0.0153625
0.0612152
0.0489941
0.0423125
0.0107758
-0.00138395
-0.0222297
-0.0546088
-0.0894797
-0.0490069
0.0281823
0.0446585
0.116273
-0.0383251
-0.0163055
0.0531221
0.0836468
-0.0218057
0.0575264
-0.0317122
-0.0430407
-0.0927634
0.0355896
0.07518
-0.0144624
0.114702
-0.0498748
-0.294997
-0.33499
0.0944253
0.191406
0.0339689
0.0735214
0.127602
-0.0248825
0.0638934
-0.000480688
0.0273025
0.0386359
-0.151508
-0.0189263
-0.0203615
0.0664619
0.0728056
-0.0414866
-0.0436562
0.0136064
0.0347482
-0.070406
-0.228441
-0.00210989
-0.0307058
-0.0540569
0.0328685
-0.0957185
0.0197578
0.0986431
0.0928706
0.0163903
-0.0454783
-0.0232199
0.0530479
-0.0231507
0.055103
0.00510046
-0.0624288
-0.0924768
0.112548
0.0690461
0.0771493
0.12231
-0.00630849
0.0918898
-0.0714767
-0.134834
0.0227102
0.0863605
0.0415848
0.0068841
-0.111505
0.0270728
0.0101334
-0.067933
0.0416131
0.0470373
-0.0427466
0.0577159
0.10868
-0.103755
0.0044422
-0.00624366
-0.128801
-0.00267699
-0.048003
0.0387497
-0.164634
0.0535376
-0.0297901
0.0399465
-0.0508238
-0.0584202
0.190859
0.130406
-0.0238201
0.0155046
0.0765661
0.0914086
0.0170576
0.00437815
-0.138901
0.036819
-0.000776887
-0.0100452
5.98227e-05
0.0944906
0.0128512
-0.015696
-0.146654
0.0533331
-0.0529121
-0.00150386
-0.0131233
-0.0159155
-0.112307
-0.0953935
-0.0241148
-0.03117
-0.0297763
0.068045
0
0.134838
0.013506
0
0.251429
0.0380491
-0.0144215
0.0632643
-0.0333806
0.0365539
0.071601
0.00215821
-0.0325977
0.078045
-0.053149
0.0366466
-0.0277785
-0.054265
0.0217882
0.0992015
-0.109621
0.0117067
0.0358541
0.0876901
0.0595101
-0.0246137
-0.104009
0.085913
-0.0847495
-0.0302383
-0.0757925
0.0342188
0.13693
-0.158574
-0.0198674
0.0356509
0.00445476
0.012533
0.065978
-0.0372815
0.0392582
-0.0158245
-0.0378593
0.0456001
-0.0488152
-0.0225341
0.114136
-0.314537
0.0531245
0.0156866
