0.134971
0.211851
0.198694
-0.00509322
-0.129482
-0.0229553
-0.0953071
-0.0528834
-0.339958
0.10163
0.162354
-0.129565
-0.108696
-0.112284
0.0637421
0.0483676
0.093631
-0.0847062
0.160519
0.00187431
0.0548706
-0.157173
0.0569395
0.0703515
-0.106942
0.168692
0.0252517
-0.0961976
0.0690104
-0.0808526
0.0756635
-0.123926
-0.324861
0.0368796
-0.0590728
-0.222973
-0.0149411
-0.18165
-0.09024
0.21175
0.0456589
-0.218076
-0.225793
0.131207
-0.121026
0.0475824
-0.0375508
0.1979
0.0913236
0.100379
0.0758729
0.0515512
-0.0228476
0.119654
0.108576
-0.0628891
0.25951
-0.148208
0.0339201
-0.130234
-0.0995311
-0.0841224
0.213627
0.0677405
0.335813
-0.0331236
0.0819696
-0.0409474
0.0277509
0.169129
0.0844183
-0.036105
0.113791
0.16912
-0.109666
-0.254958
0.0519128
-0.0210895
0.11598
-0.0294095
-0.12847
0.210192
0.125149
0.293172
-0.00299037
0.252907
0.172504
0.134998
-0.157277
-0.275758
-0.175631
0.163826
0.0246588
0.0866384
0.1939
0.051525
-0.159043
0.076201
-0.0156814
0.0270982
0.0714249
-0.069132
-0.0232568
0.102163
-0.0430077
-0.0803854
-0.0315817
-0.0105262
-0.198054
0.14716
-0.0380456
0.098171
-0.00427375
-0.122738
-0.0190335
-0.244102
0.046174
0.171667
-0.183977
-0.0238405
0.0970992
0.0172521
0.00120053
0.0939081
0.0670798
0.180283
-0.168716
0.0630531
-0.0980061
-0.0233842
-0.0803764
0.0308594
-0.142907
0.149947
0.044836
0.159609
-0.0295434
0.030308
0.0775432
0.0178741
-0.0072588
0.0572795
-0.0625582
0.0677081
-0.000356026
0.0341072
0.0260862
-0.0735123
0.181316
0.0830589
-0.021309
0.0168478
-0.00887498
0.0197575
-0.0149447
0.0506867
0.0785338
0.0750544
-0.193682
0.117163
0.0328167
0.140231
0.131727
0.102611
0.00578805
-0.01144
-0.0786726
0.016927
-0.0152534
-0.0657341
-0.163957
0.0993796
0.0977737
0.164337
-0.00971201
0.0936733
0.0883812
0.0733111
-0.00335872
0.121534
0.135126
0.148319
-0.043794
-0.0981586
0.0764392
0.00413839
-0.0239622
-0.0178333
0.0823513
0.0057059
0.029708
-0.00335161
-0.140547
0.0690226
0.214906
0.0622299
0.111527
0.00543014
0.105647
-0.118044
0.161994
-0.0401741
-0.033812
0.075067
-0.0416619
-0.0380453
-0.142358
-0.0474326
-0.147958
-0.0393401
-0.296648
0.309155
-0.18442
0.0470036
-0.122708
0.170537
0.0492793
-0.00963536
0.0979766
-0.0264241
0.0133791
-0.0431825
0.0285937
0.0766491
-0.0725156
0.0323045
-0.113679
-0.00736495
0.106405
-0.060799
-0.0184939
-0.212466
0.0948636
-0.135127
0.152181
-0.02558
0.0115854
0.00905334
-0.0472319
-0.126928
-0.211446
0.0780367
0.0750988
0.075194
-0.00101877
0.0690649
-0.139099
0.029965
0.151983
0.0715504
0.0315548
0.026283
-0.0234463
0.0625706
0.0250061
-0.0432671
0.162417
0.0870948
0.00300726
0.0958834
0.0861416
-0.0205534
-0.10021
0.00710791
-0.0487924
-0.235537
0.0404485
-0.0545729
-0.172351
-0.116654
-0.150153
-0.0164207
-0.00534376
-0.0750643
-0.137657
-0.0036954
0.10598
0.061991
-0.287831
-0.510551
-0.137213
0.127858
0.0827254
0.177324
-0.0639757
-0.105349
0.00500954
0.0430636
0.0564455
0.092363
0.0867518
0.0189595
-0.157866
-0.0578828
-0.164492
0.151167
0.151196
0.0369901
0.0685966
0.0478495
0.219001
-0.0606692
-0.0725722
0.146966
-0.00589406
0.00568093
-0.0856432
0.136228
0.186432
-0.0692064
-0.0224013
-0.113753
0.0977882
-0.103126
0.0872103
0.04413
0.0713229
-0.0232225
-0.0492236
0.10175
0.0106968
-0.0607791
-0.0882554
0.209495
0.0673053
-0.0373023
0.0915701
-0.0450783
-0.23899
-0.106202
0.142348
-0.227734
-0.260674
0.0682525
-0.322478
-0.550712
-0.191292
0.449083
0.093914
0.00167362
-0.430065
-0.1527
-0.23949
-0.298198
1.01959
-0.222251
0.283857
-0.0769961
-0.435947
0.0100069
0.0568435
-0.193931
-0.248339
0.0994554
-0.00167151
-0.278506
0.314338
0.351234
-0.0292297
0.00555866
0.0409792
-0.0650324
0.107149
-0.222037
-0.039191
-0.113727
0.0530287
0.262529
0.0791214
0.0658142
0.0164624
0.0674416
-0.0281526
0.244252
0.102585
-0.038403
-0.0917721
-0.228518
-0.0066745
-0.00655421
-0.270937
0.0626387
-0.0658437
0.0800997
0.0429984
0.213377
0.159599
0.0895753
-0.168981
-0.0175614
0.0102615
-0.0691746
0.00613952
-0.179861
-0.0356662
0.0486882
-0.0267905
0.224476
-0.050049
0.053821
0.122291
0.100032
-0.0648713
-0.0484055
0.189211
0.0245419
0.0502912
-0.0323947
-0.172719
0.125541
-0.0597195
-0.225915
0.00234296
0.00106854
0.034761
0.179835
-0.0423235
-0.081088
0.00485836
0.00703908
-0.0737693
-0.0889279
0.0883542
0.0613596
0.0309452
0.00699446
0.0907536
-0.0484583
-0.026633
0.0756408
-0.0554067
-0.0763207
0.100507
0.00138455
0.127043
0.0251447
-0.098607
-0.0577354
-0.0399903
-0.0233025
0.0663179
-0.0621238
-0.0143756
0.0834335
0.0379716
0.00120436
0.00363897
0.0421396
0.104862
-0.0674498
0.144393
0.0853345
0.0756453
0.0165385
-0.00524408
-0.106854
0.0993555
-0.0222704
0.0724509
0.0627235
0.0387768
-0.0381026
0.065463
0.0225205
0.0696384
0.0518812
-0.125631
0.145505
0.0486784
0.0475438
0.00658546
-0.064168
-0.0437756
-0.151502
-0.0468228
-0.031452
-0.028832
-0.145964
0.0522167
0.0826745
-0.05564
0.0546688
0.0913675
-0.00168443
-0.137171
-0.220765
0.0512233
-0.0373441
-0.0609865
-0.221459
-0.125997
0.292755
0.18874
0.069538
-0.00355465
0.106759
0.0887075
0.0703685
0.0515704
0.0566249
-0.0746637
-0.101656
-0.0709788
-0.0604481
0.0745695
0.0583657
-0.0221902
-0.0232579
0.00407309
-0.116996
-0.0222093
0.0178821
-0.143359
-0.0846008
0.151684
0.0993582
-0.0680869
-0.121851
-0.306706
-0.161119
0.237017
0.255846
0.0365937
-0.131847
-0.0228186
0.136972
0.0220662
0.103607
0.0274174
0.052541
-0.133401
0.00856698
0.0159368
0.00639084
0.0914631
0.113484
0.0277927
-0.0411545
0.0303548
0.0585271
0.0981574
0.073176
-0.184972
0.0152194
0.0491914
0.0377865
0.0969266
0.0105519
-0.118506
-0.219824
0.0175768
0.0250653
0.0410347
0.070844
0.0214108
-0.00868402
-0.0178171
-0.0331374
-0.0567816
-0.00682285
0.0667747
-0.00782682
-0.0335157
-0.0269646
0.0874456
-0.118052
-0.100915
-0.0332781
0.124115
0.14697
-0.153788
-0.0993389
0.111382
-0.0176692
-0.0313445
-0.0157603
0.0532017
-0.135176
0.138726
0.00940822
-0.0982167
0.0313666
0.11735
0.0031731
0.0060779
-0.164528
0.124759
-0.160316
-0.0413509
-0.237321
0.0528928
0.0362104
-0.0214973
-0.0191827
0.0442912
0.040736
0.0393986
0.0483343
-0.0631541
-0.0204998
0.123626
0.0876226
-0.0584756
-0.0586382
0.0649824
0.000733237
-0.00953628
-0.0318018
-0.0147099
-0.044403
0.0462656
-0.0558591
-0.115913
-0.00660715
0.0920139
-0.0450427
0.00987577
-0.087901
-0.019711
-0.121473
0.0563933
0.137006
-0.120158
-0.00573264
-0.17224
0.0300043
-0.161828
-0.0152769
0.0794232
-0.201165
-0.0591159
0.144555
-0.204009
0.129381
-0.0726697
-0.164436
-0.0555519
-0.0590268
0.00185572
0.222291
0.29848
0.0122266
0.0907264
-0.0690527
-0.307259
0.178629
-0.143917
-0.437465
0.09402
-0.0114833
-0.205969
-0.0420643
-0.25867
0.157411
0.207472
0.244298
0.145972
-0.0708051
0.00361479
-0.270123
0.0923123
-0.0126092
-0.253216
-0.145332
-0.133425
-0.331031
-0.120977
-0.317887
-0.0992907
-0.125394
0.170338
0.297142
0.204569
-0.147978
0.0832734
-0.420909
-0.029693
0.151753
-0.0161319
0.0516973
-0.0905599
-0.0745133
0.253008
-0.0118021
0.235145
-0.0256972
0.0521334
-0.286202
-0.25013
0.214112
0.10973
-0.252832
-0.428393
0.0632674
0.137853
0.303592
0.0856204
-0.223547
0.101339
0.0384093
-0.535652
-0.0983849
0.0505047
0.294916
0.00735877
0.0653327
-0.12629
-0.263636
-0.220084
0.282128
0.1461
0.106405
0.236213
-0.125665
0.225599
-0.168156
0.107993
-0.139281
-0.011635
-0.0236283
-0.116398
0.136457
-0.0284378
-0.212414
-0.0182532
0.257486
-0.0785887
-0.127814
-0.374641
-0.021919
0.287778
-0.0980229
0.0214553
-0.0301548
-0.12559
-0.0477938
-0.113263
-0.059882
-0.0785337
-0.0377763
-0.0813674
0.00257288
-0.210071
-0.123447
-0.0651487
-0.0850551
0.0404189
0.279195
0.0187179
0.317077
-0.070766
0.151934
0.181803
-0.131476
-0.00192546
-0.260252
0.148369
-0.237392
-0.136357
-0.140026
0.140176
-0.0469211
0.0190314
0.0430016
-0.134014
0.0997735
0.128324
0.111147
0.0385395
0.0105364
0.0102523
0.210892
0.158362
-0.191582
-0.156981
0.168489
-0.0537411
-0.0249719
-0.0835479
0.0218129
-0.0755595
-0.0924961
0.0431552
-0.0846661
0.130868
0.0147577
-0.0344747
-0.000274375
-0.0696968
0.0959296
-0.084939
-0.247835
0.0436628
0.0657546
0.0613393
0.179152
-0.0170252
0.193596
0.191184
-0.0499637
-0.0841756
0.124339
-0.0222186
-0.036487
-0.0931244
0.0196417
0.0448953
-0.0704442
-0.0066252
-0.183707
0.111564
-0.0446681
0.0814857
0.00408648
0.0947913
0.0553874
-0.0432712
-0.269151
0.0870766
0.10344
0.101656
-0.148582
0.158977
-0.0741694
-0.0441199
-0.0370086
0.0667702
0.0603754
0.0285409
-0.0970308
0.00980794
0.062119
0.0159471
-0.0912288
-0.127598
0.0446937
-0.0213299
-0.0978264
-0.239021
-0.008229
-0.170518
0.0797183
-0.0970319
-0.0754761
-0.0837972
0.121731
-0.0941312
-0.0218416
0.0267166
-0.168882
0.0708101
0.101115
-0.150358
0.106275
0.123325
-0.0965119
-0.00822162
-0.0253636
0.0942851
0.0876658
-0.0815508
0.0373177
-0.112972
-0.195783
-0.188169
-0.189998
-0.269838
0.00260474
-0.0402601
-0.049701
-0.281991
0.0199916
0.0992121
-0.0567051
-0.106542
-0.108951
-0.00954483
-0.13466
0.0425099
0.0462259
0.0994218
-0.0559568
0.037803
-0.0321533
-0.072424
-0.165363
0.0877121
0.256553
0.0270936
0.0866733
0.135086
-0.0374783
0.0718772
-0.0949264
-0.203217
0.158082
-0.0999151
0.247877
0.226078
0.182595
0.105512
-0.168543
-0.257757
0.0268869
0.0889098
0.00635926
-0.001751
0.0867426
-0.0549804
0.079276
0.0214391
-0.00590611
-0.215818
-0.347344
-0.234661
-0.114714
0.263685
0.132207
0.153776
0.00695623
-0.085151
-0.172049
0.139986
0.155387
0.271938
-0.00931004
0.0800925
-0.0537572
-0.0506443
0.0350251
-0.0145047
0.0425027
0.120386
0.116438
0.00768903
-0.0103272
-0.16916
-0.00965309
0.170794
0.0370213
-0.00277185
-0.0669985
0.108936
0.13164
-0.0281733
-0.0035842
0.240169
0.20408
0.0234455
0.0744182
0.0676467
-0.0606701
0.188684
-0.0666907
-0.182977
0.060159
0.00811507
0.167992
-0.135317
-0.0411835
-0.227203
0.0359949
-0.0567508
0.0624254
0.0580699
0.0989048
-0.052543
0.182455
-0.0348249
-0.0140722
-0.0955039
0.123833
-0.0300266
-0.0182985
0.127355
0.0389145
0.168775
-0.164346
0.047308
-0.13511
0.0432407
-0.0519188
0.00061216
-0.0843106
0.0736945
-0.0544263
0.0395411
0.012378
-0.0626793
0.0423758
-0.126897
0.035675
-0.0315478
-0.0246188
0.00789215
-0.0465175
-0.0680365
-0.19322
0.209739
0.047478
0.0595178
0.0312339
0.00841778
-0.0575814
-0.0874463
-0.0470841
0.071009
-0.00730274
-0.00736519
0.0503631
0.174021
0.0476551
0.0716666
-0.0642583
0.202459
0.0896577
0.0965214
0.0176145
0.0240941
0.0863103
0.075875
0.0268176
-0.0930976
0.030411
-0.0107052
-0.0791102
-0.00768915
0.273753
0.0954975
0.0185755
0.00931732
-0.0224409
0.239002
0.128161
0.0972656
0.0168471
-0.0489628
-0.0313191
0.173233
0.058928
0.109916
-0.084018
0.105564
-0.0877197
-0.0117065
0.0121999
-0.00480812
-0.0164957
-0.108657
0.085117
-0.190534
0.0593535
-0.0580825
-0.0355354
0.0287384
0.0435541
0.0678561
0.0262646
-0.0778671
-0.070934
-0.0448755
0.101553
0.00576038
-0.123805
0.0461266
0.0756346
-0.25176
-0.0142196
-0.023054
-0.0827435
-0.0437439
0.192754
-0.095569
0.070386
0.10544
-0.0580177
0.0384795
0.0040063
0.251739
-0.0569989
-0.126714
-0.10075
0.108769
-0.0279961
9.84267e-05
-0.119927
-0.15225
-0.185794
-0.00166593
-0.051851
-0.360085
0.164802
-0.0765426
-0.139868
0.274184
0.426106
-0.0376448
-0.0271112
-0.0747329
-0.128532
-0.178972
-0.0478254
0.253726
0.0564939
0.294848
0.172208
0.174951
-0.143007
0.177288
-0.0215818
-0.0215162
0.0295469
0.073559
0.0898375
-0.142965
-0.00331988
0.0181023
-0.090455
-0.305334
0.096383
-0.0444959
0.0855249
-0.0761782
-0.0308593
-0.014224
-0.116837
0.0784139
0.076155
0.0632163
-0.1082
-0.0719275
-0.0917416
-0.1402
0.12598
-0.0980684
-0.137012
0.0977054
-0.0734821
-0.0697074
-0.00293095
-0.0580498
0.0655056
0.127787
0.0672136
-0.0634838
-0.346746
-0.351147
-0.299725
0.259584
0.173894
0.013113
0.0440062
0.103086
-0.150817
-0.546123
0.365823
-0.0448016
0.22257
-0.00394361
0.0140488
-0.203185
-0.109181
0.0775821
0.0338114
0.0335138
0.227535
-0.0784142
0.22716
0.00178701
0.14898
-0.0111439
0.0527497
-0.0149039
0.0628001
-0.117062
0.0770949
0.0194062
-0.0342462
-0.10573
0.0410976
0.242043
0.180018
-0.00828273
0.124487
0.0411152
-0.0167266
-0.0495178
-0.0944781
-0.178987
0.00266228
0.220555
0.0323124
-0.0556743
-0.194821
-0.00300294
0.0687727
-0.158387
0.164944
-0.0280865
0.021157
0.0842169
0.0468301
-0.0405465
0.130123
0.0230177
0.0533493
-0.0299719
-0.0689342
-0.13798
0.059377
0.0159473
0.106508
-0.0789743
-0.0105939
0.08126
-0.000546397
-0.0646687
-0.0785684
0.0491608
0.0925859
-0.0730325
0.0514143
-0.0465778
-0.0645518
0.111611
0.0670691
0.193296
0.0970905
0.0585946
0.079565
0.0130681
0.00945895
0.0864645
-0.084558
-0.158303
-0.0254978
-0.133139
0.0760429
0.0624385
0.127061
-0.109915
-0.0121434
0.104101
0.0284672
0.138575
-0.0118484
-0.124291
0.106343
-0.0116645
-0.0958805
0.00325778
-0.0072603
0.0692402
-0.0148295
-0.0943177
0.0443998
0.0437311
0.0146657
-0.00709412
0.187913
0.0482644
0.0471761
0.00235527
-0.063126
-0.123798
-0.084193
-0.0166218
0.116834
0.0699886
-0.0186467
-0.129299
-0.0464818
0.073958
-0.0229307
0.0294326
0.0718319
0.107557
0.144149
0.00887554
0.0417769
-0.137478
0.00800766
0.0951269
0.220106
0.0325225
0.242639
0.139201
0.0306393
0.0232599
0.0693028
-0.109208
0.0843829
-0.0431948
0.0281098
-0.0116453
-0.0368819
-0.336218
-0.00897308
-0.0971423
-0.125251
0.164504
-0.0225544
-0.0293437
-0.10143
-0.140878
0.157082
0.0224272
0.243653
0.0575976
-0.00922744
0.132679
-0.0411867
0.0593333
0.149048
0.181669
-0.0489129
-0.0418149
-0.030236
0.072964
0.108984
0.0467316
-0.120156
0.0679221
0.103628
-0.26043
0.247006
0.0644336
0.130749
-0.0534351
0.12354
0.0970305
-0.165645
-0.218801
-0.049814
0.180444
0.0883571
-0.00451117
-0.0432319
-0.0172997
-0.121157
0.0816827
0.091657
0.0114365
0.078926
0.0430631
0.166078
-0.0711906
0.0442893
-0.056432
-0.0740865
-0.197387
0.0398785
-0.0907355
-0.126547
-0.0317108
-0.169021
0.212342
0.0914827
0.179936
-0.120759
-0.011168
-0.145376
0.02386
0.112863
0.0236839
0.098668
-0.0169181
0.0454134
-0.169307
0.0178145
-0.17963
0.0947544
-0.0729889
-0.340886
-0.268274
0.0119675
0.00284108
-0.00516093
-0.0566697
0.0297782
0.058063
0.101081
0.0999849
0.107689
-0.0860213
0.0555038
0.0668373
-0.0482406
0.0542159
0.101591
0.149892
0.0580155
0.074484
-0.171815
-0.0887575
-0.0213079
-0.0607221
0.0109605
-0.0541555
0.0457243
-0.136748
-0.109135
-0.15074
0.0951996
-0.0194525
-0.166754
-0.0757466
0.144463
-0.00355075
-0.0157109
-0.0821173
-0.173075
-0.308584
-0.215647
-0.426765
0.0614464
0.0630611
-0.113687
0.302408
-0.078904
-0.0805477
0.00474093
0.113575
0.164085
0.140755
-0.0281014
0.0289827
-0.130196
-0.338603
-0.317136
-0.308792
0.0973057
-0.0650173
-0.415535
-0.229123
-0.0805319
-0.090359
-0.0180543
0.186213
0.101904
0.0284653
0.234424
0.0755844
-0.0136123
0.0640706
-0.0567791
0.107453
0.169703
0.1971
-0.105645
0.0596446
-0.056835
-0.0374701
0.103505
0.176882
0.000759749
-0.0397993
-0.150342
-0.0332324
0.0016043
-0.0433389
-0.126208
-0.00750819
0.0678667
0.0808807
0.0109671
-0.0379793
-0.155221
-0.0773678
-0.129652
0.0663478
-0.0224293
0.0622612
-0.100195
-0.335608
0.101346
-0.0251953
-0.0546481
-0.206733
-0.219904
-0.106563
0.0253816
0.025527
-0.326605
-0.326073
0.259964
-0.0171567
0.25845
0.0312125
0.0520291
-0.0772078
-0.0859368
0.216641
-0.0827764
-0.148266
0.195908
-0.024234
-0.288448
0.174954
0.052766
-0.069185
0.191246
-0.00551517
-0.266743
0.106338
0.00444105
0.0409431
0.0930824
-0.00279349
-0.060134
0.24456
0.0201188
0.00622264
-0.0853545
-0.00744845
-0.213275
-0.133006
0.15518
0.0385559
-0.0821388
0.184652
-0.112523
-0.24811
-0.195898
-0.113004
-0.195058
-0.282086
0.105467
-0.0094327
0.368358
-0.0697332
-0.0211075
0.181287
-0.0763548
-0.0741988
-0.169727
-0.00766534
0.116119
-0.318423
-0.134047
-0.0735632
0.293738
-0.121446
0.0399517
0.254603
0.136721
0.129835
0.124206
0.0817575
-0.0152292
0.194388
0.233613
0.0519023
0.111514
-0.156137
-0.151358
0.0535912
-0.156413
0.132828
0.173951
-0.0564285
-0.00271128
-0.01691
-0.0837554
0.0122513
-0.132282
0.17611
0.1601
0.00432911
0.146621
0.129058
-0.0575445
0.0275706
0.0447999
0.170404
-0.0032749
0.12071
0.0613687
-0.075207
-0.0345554
-0.154882
0.171004
0.0874169
0.000703438
-0.237996
0.213998
0.0823684
0.0377966
0.0832887
-0.0343623
0.091011
0.0840267
0.1939
0.0308552
0.102586
-0.0851656
-0.110912
0.104825
0.00660148
-0.0788701
0.0767422
0.0346062
0.0951491
0.179777
0.193629
-0.0264386
0.0080498
-0.121657
0.0921995
-0.247416
-0.228937
0.0659117
0.0555595
-0.101115
-0.0493225
0.0899939
0.154825
-0.056889
-0.143663
0.138152
0.17641
-0.243876
-0.0315511
-0.0581008
0.182043
0.060928
-0.0738827
0.0882853
0.00821613
-0.0660659
-0.0233584
0.0460103
-0.0558247
0.00544087
-0.0035395
-0.1847
-0.198951
0.09119
0.0106262
-0.157011
-0.00342554
0.0722012
0.0964415
-0.108047
-0.117235
-0.270185
-0.00141608
0.232106
0.115235
-0.150807
-0.235466
0.00511683
-0.0826328
-0.000985076
0.0688644
0.215272
0.303632
-0.133687
-0.0426589
0.0298135
-0.535806
0.0386919
0.145302
-0.0275356
-0.0684645
-0.388384
-0.226952
0.14012
0.390259
0.29907
0.178464
-0.0618858
0.0792073
0.132292
-0.0425505
0.0018071
-0.0639582
-0.027126
0.0204501
-0.059369
-0.198238
-0.0299911
0.0688981
0.0711624
-0.0420417
0.0539169
-0.0621258
0.0807111
-0.232783
-0.0623481
0.051782
-0.183963
-0.113359
0.202584
-0.00893351
0.0807579
-0.0155492
-0.18295
-0.108506
-0.276616
-0.597799
0.460422
-0.0997681
0.269769
-0.0361984
-0.0475569
-0.258562
-0.0760463
0.15148
-0.211902
-0.054266
0.0810819
0.0352566
-0.0628041
-0.0695512
-0.059376
0.0403614
0.174433
0.0208777
-0.0709379
0.116439
-0.243346
0.0384601
-0.144647
0.202249
-0.186147
-0.141568
0.303533
0.122012
0.208335
0.341257
0.117501
0.0639872
-0.00282024
0.042329
-0.30957
-0.139237
0.0216015
0.156083
0.0325113
0.00847757
0.0391409
-0.124709
0.0407619
0.100428
-0.0213022
-0.212818
0.13522
0.151701
0.0309877
0.0693551
0.109302
0.0424441
-0.143959
-0.0275463
-0.413386
-0.0329747
-0.0127937
-0.124986
-0.032363
0.0725212
0.25022
0.0780564
-0.0507365
-0.0812052
-0.0190456
-0.0593301
0.0567438
0.0959018
0.0239817
-0.0189527
-0.000654183
0.067844
-0.189213
-0.0569211
-0.0102041
-0.168358
0.0113254
0.0074078
-0.167496
-0.125135
0.249927
0.122717
0.122575
0.0617078
-0.144754
0.0474387
0.163696
0.00648869
-0.102231
0.0800176
-0.037465
-0.00846594
-0.155594
-0.0300577
-0.0986164
-0.0446752
-0.0304866
-0.155507
0.173187
0.0243536
-0.244395
-0.385565
-0.378204
0.0545403
-0.259591
0.268115
0.316733
0.0282407
0.155021
0.114292
-0.00297251
0.17416
0.0327554
-0.200369
-0.11744
-0.0106489
-0.0185407
-0.284349
-0.242257
0.0256695
-0.456785
0.164535
0.230075
-0.017234
0.298615
-0.0493611
-0.0906373
0.163856
-0.234095
-0.17809
0.15373
0.103412
0.120052
0.131244
0.030098
0.0942126
0.123552
-0.0455648
-0.140628
0.0552979
-0.0109737
0.24622
0.153608
-0.154068
0.21245
0.0969143
0.0240197
0.0324828
0.00722334
-0.0767954
-0.108294
-0.103572
0.157271
-0.206942
-0.0615962
-0.0255447
-0.208732
-0.0531338
-0.180314
0.200938
0.0408352
0.0686403
0.189604
0.0420217
-0.0152095
-0.094159
0.0317857
0.166267
0.0240258
0.0265188
-0.0587502
-0.075348
0.0424184
0.10215
-0.099062
0.0666549
-0.166108
0.0183938
0.0503546
-0.0929254
-0.0962043
-0.015449
-0.111336
0.0380801
-0.0175086
-0.0686543
-0.0128764
0.00663597
-0.0599658
0.0949276
-0.0840112
0.0916454
0.130295
0.0516422
-0.00606529
0.0367986
-0.0434726
-0.219151
-0.000783474
-0.155428
0.0134145
0.157342
-0.0651845
-0.0404058
-0.217158
-0.288461
-0.234664
0.00141136
-0.0896461
0.21232
0.318322
-0.0727126
-0.0227612
0.148064
-0.724682
-0.236562
0.228191
0.185401
0.0306735
0.0828236
0.00507587
-0.226768
-0.130624
0.120715
0.153739
0.214454
0.0840834
-0.0786372
0.0656684
-0.0507288
0.0309489
0.0351227
0.0268586
0.0472133
0.0525408
0.00754473
0.0428602
0.0737964
-0.0579552
0.140652
-0.00269639
-0.18064
-0.0303153
0.0463917
0.0235321
0.0489615
0.146217
0.031884
0.0637552
0.0218521
-0.0266477
-0.120917
-0.11204
0.0467992
-0.0547303
0.00990758
-0.0124818
-0.00336232
-0.0448181
0.0429236
-0.00287431
0.0301497
0.00343869
0.00392545
0.103561
0.0345416
-0.0781611
0.0315186
0.021251
-0.146946
-0.139787
-0.163753
-0.0104285
0.00417271
-0.185065
0.178388
-0.0280092
0.0249766
0.134825
-0.0771887
-0.0204526
-0.101833
0.0918652
0.0940041
-0.0176687
0.00354494
0.0796788
-0.131433
-0.0824119
-0.0947478
0.114254
0.0400824
-0.0206358
0.00805324
0.13828
-0.0495983
0.169889
0.093588
0.030172
-0.0216842
0.0296191
-0.0628918
-0.0193788
-0.0550259
0.000620194
-0.0518224
-0.0583176
-0.167453
-0.0184864
-0.136822
0.168558
0.0176169
-0.147616
-0.17531
-0.0914937
-0.0139464
0.0759434
-0.0206154
0.0478932
0.00930234
0.0411342
0.00709444
-0.033015
0.039407
0.0390282
-0.0796098
-0.0256286
0.0894928
-0.0418845
-0.099974
0.0424632
0.174669
0.188454
0.115165
0.0241123
-0.00276015
0.0264488
-0.107761
-0.00356644
0.0660118
-0.0173225
0.0820428
-0.0252783
-0.0726211
0.0497598
0.0598328
-0.0247758
0.0350631
0.0232146
0.11656
-0.0182886
0.0332539
-0.0417859
-0.0390691
-0.0553307
-0.12654
-0.0614459
0.00540169
0.0500227
-0.0846397
0.0459553
0.0182103
-0.0551017
0.0456748
-0.0907915
0.0365117
-0.0065789
0.0203129
0.0581978
-0.282625
-0.0140459
-0.015856
0.0675209
0.273254
-0.0558576
-0.0739282
-0.00679577
0.0756978
0.0208064
-0.0165198
0.0191909
0.0476114
0.00283048
0.0258908
0.0485155
0.0491134
-0.0378191
-0.073912
-0.0324631
-0.000757721
0.0625026
0.128604
0.00108319
-0.102122
-0.0554452
-0.00982152
-0.00066951
0.0229968
-0.0312722
-0.0153806
-0.0839816
-0.0172399
0.0696726
0.0201118
0.0380732
0.00949569
-0.0350926
0.103347
0.043546
0.0687266
0.27234
0.0770528
0.187263
0.0546234
-0.0798934
-0.0232557
0.0472004
0.0384408
-0.0372159
-0.0336273
0.00590099
0.0253768
-0.0336553
-0.0719137
0.0140756
-0.055647
-0.0617192
0.245324
0.0968177
0.017404
-0.0257307
-0.0164754
0.166203
0.0522663
0.174681
0.036815
-0.0425467
0.0419948
-0.0069869
-0.0377221
0.011597
0.0123083
-0.0920195
-0.151129
-0.0858561
0.200677
0.00247229
0.0695909
-0.000402756
0.0589555
-0.0347997
-0.000191332
0.101502
0.0192625
0.0445322
0.00718653
-0.0741447
0.0775293
-0.0558973
-0.0934296
0.111147
-0.0775607
0.0868225
0.0226183
-0.101798
0.0227031
0.106785
-0.0612497
-0.04948
-0.051194
-0.0848973
0.0652211
-0.0815401
-0.00926826
-0.0888977
0.0223811
0.0531676
0.00138975
0.04266
-0.0659445
-0.0293324
0.0332395
0.00763566
0.0771499
0.197701
-0.0314635
-0.0185554
0.0296194
-0.01146
0.022587
-0.0343057
-0.0614974
0.0380567
-0.0266074
-0.0358727
-0.149817
0.0317893
0.091043
-0.0542843
-0.0558934
0.141903
0.0425869
0.00210374
-0.0466134
0.000742501
-0.0977979
0.127984
-0.0482505
0.0313247
-0.0316298
-0.109252
-0.0373423
0.0472485
-0.035024
0.044728
-0.0585978
-0.0706917
-0.0354657
0.00115422
0.0870813
0.074595
-0.0613588
-0.0534008
-0.0122544
-0.108231
0.0534191
0.0108729
0.0606122
0.0593958
0.0629294
0.000711307
0.155005
0.0373134
-0.0126804
0.0185057
0.00768648
0.00570452
0.00677342
0.0317738
0.0784375
0.062994
-0.019503
0.0755606
-0.0998908
0.0774023
-0.0600572
0.0300367
-0.00497213
0.0562495
0.0327262
0.00148418
-0.00995372
-0.00308161
0.0189515
-0.00153824
-0.0154688
-0.02871
-0.0404955
-0.0845965
0.0621123
0.0116737
0.0701064
0.0533961
-0.0678929
0.015066
-0.144573
-0.0352853
0.00282217
-0.0397707
-0.0153589
-0.0378783
-0.0825017
0.0199871
-0.0161081
0.0219713
-0.0246902
0.0409713
0.0212828
0.0254231
0.00885554
-0.0498627
-0.0400738
0.0279529
0.140791
0.0210922
-0.0228301
0.0237438
0.0589286
-0.0264656
0.0198094
-0.0584269
0.00511039
0.065087
-0.0265821
-0.0513418
0.0549446
0.080004
0.00390427
-0.0449729
-0.0187167
-0.0244901
-0.00767478
-0.0192966
0.036255
0.1497
0.124225
0.151875
-0.0126175
0.053103
0.0154162
0.0065593
-0.0242254
-0.0370086
-0.00437553
-0.0131203
0.00909878
0.0936215
0.0308259
0.0975705
0.0815662
-0.0686412
0.0250197
0.00313823
-0.0665469
-0.0662197
-0.0510047
-0.100371
-0.161837
-0.204289
-0.147344
0.213301
-0.116629
-0.155706
0.147112
-0.0147502
0.102281
0.0795264
0.0757389
-0.127558
0.0241813
0.035486
-0.0323482
0.0355115
0.0124787
-0.0158797
0.000292605
-0.169453
-0.0170708
-0.00279516
-0.0212875
-0.0277173
0.103778
0.0529998
0.0268271
-0.0234721
-0.0103636
0.0383029
-0.0089365
-0.0730039
0.0461464
0.015869
-0.105174
-0.0571687
-0.042561
0.103674
-0.0326096
0.0888019
-0.0407632
-0.0192622
0.206718
-0.125459
0.0587704
0.0491542
-0.0185166
0.0398604
-0.0181667
-0.0431961
0.00793602
0.0775615
0.0382847
0.0107876
0.0299486
0.0733894
-0.0853726
-0.0380114
0.0197384
-0.0278986
-0.0258666
-0.0205192
0.00184062
0.0725705
0.0213241
0.0195312
0.0166157
0.0970165
0.139462
0.0123943
-0.00710814
0.101352
-0.066736
0.060025
0.0651976
-0.152151
-0.0669776
-0.0914447
-0.175201
-0.264355
0.137562
0.0460218
0.088876
0.120181
0.000841625
0.0514194
0.0198433
-0.0164235
0.051883
0.0324386
0.0361878
-0.00994607
-0.193196
0.00118503
-0.0455809
-0.019046
-0.113216
0.187856
-0.0840411
0.0785691
0.0345039
-0.0669124
-0.0466127
-0.0729069
-0.00112973
0.050023
0.0976498
0.0544359
0.0766729
0.033526
-0.0442887
-0.00516385
-0.0255746
0.00222415
0.0311218
-0.0265327
-0.00982109
-0.0219009
0.058095
-0.0531725
0.0218189
-0.0490658
0.0397207
0.0221827
-0.0141186
0.0310383
-0.0456937
-0.0315024
0.031449
0.0346008
0.00935455
0.0107992
-0.024399
-0.1637
-0.0592482
-0.160146
0.128303
-0.046948
0.0319559
0.0478522
0.0216294
-0.0477121
0.0117948
0.0435636
-0.0170579
-0.0291619
-0.0602458
-0.0737695
-0.0234296
-0.0762807
-0.139643
-0.0613286
-0.0552076
0.0877092
-0.0182774
0.071139
0.0150441
-0.0561113
0.0819854
0.0604867
0.0221721
-0.0265564
-0.0242138
0.0291204
0.0552983
-0.00248585
0.0636948
-0.120556
-0.0863913
-0.039565
0.00402399
-0.0760869
-0.0961751
-0.156701
0.0502737
-0.221813
-0.0827704
0.0249171
-0.0205331
0.0920391
0.0303738
0.00450662
-0.0680921
-0.0138376
-0.173886
-0.000709597
0.1128
-0.12751
0.0554001
0.109548
0.0475216
-0.0320149
-0.0702815
0.0163737
-0.0200495
0.075373
0.0107014
-0.000557706
-0.0567295
-0.0732439
0.00822972
-0.0870975
-0.00557443
-0.0210644
-0.152184
0.0628105
-0.084949
-0.0379648
0.124621
-0.0507582
0.0699753
0.072323
0.0176178
0.151227
-0.101758
-0.0352142
-0.212477
0.0394431
-0.0943919
-0.0276508
0.13413
-0.0403906
-0.0408042
-0.152719
-0.0593435
0.0879035
-0.147238
-0.0532775
-0.0211623
-0.114202
0.12932
0.179797
0.0198051
0.0109836
0.278325
0.0894754
-0.0287382
0.0289413
-0.000446804
0.0705502
-0.0163486
0.104732
-0.008019
0.0619449
0.0759384
0.0380882
-0.0366479
0.0339939
0.0308606
0.0981305
-0.121306
0.0402339
0.0158764
0.0204146
-0.027333
-0.0414738
0.147266
0.0882461
-0.152716
-0.0882745
0.0054198
0.0737192
-0.11927
0.0330573
0.106556
0.00334447
-0.00840219
0.0752895
-0.0324383
-0.0169476
0.00104794
0.0206647
-0.00356384
0.0451898
0.101901
0.0715004
0.00111818
0.0393598
-0.109554
-0.112775
0.00493986
-0.0619244
0.10539
0.124761
-0.0600294
0.0829565
0.031859
-0.0662314
0.00429115
-0.206007
-0.0347866
0.0055017
0.0455883
0.0166438
0.0562597
0.0989973
0.0543173
0.0968053
-0.0389633
-0.0156581
0.00291892
-0.0667831
0.093372
0.0356728
0.066004
0.0556862
-0.0227264
-0.0544532
-0.0153062
0.0250072
-0.0305687
-0.00933834
0.126814
-0.049105
-0.00548957
-0.00900126
-0.0115372
-0.146434
-0.129635
-0.0628569
-0.179223
0.108825
-0.182493
0.0760947
0.0434942
-0.00454173
-0.0214695
-0.0375849
0.0464711
-0.0284049
-0.0986435
0.0775173
0.0852304
-0.0667866
-0.119932
0.0366958
-0.0403034
-0.116918
0.173834
0.0200675
0.0168657
0.0992009
0.0602192
0.0650837
-0.0539559
0.0288243
-0.123456
-0.130824
0.120975
-0.0515835
-0.00388392
0.0573403
-0.0813245
-0.04421
0.0338009
0.0457662
0.0678113
0.098627
-0.0758984
0.0613361
0.0562609
-0.033318
-0.0351491
-0.0402198
-0.00133892
0.063122
0.0681861
0.0741331
0.00668975
-0.0214154
-0.0605185
-0.0352304
-0.0401595
0.0647341
-0.0229601
-0.0428935
-0.0763796
-0.0127284
-0.206943
-0.0373884
0.00542669
-0.221478
-0.107163
-0.037481
0.0135631
0.178726
-0.13934
-0.130169
0.0611736
-0.156535
-0.0684132
0.18042
0.0977681
-0.0629426
0.0666522
0.00805331
-0.133956
0.0328518
-0.00322415
-0.0179494
0.0326058
0.152332
0.0698711
-0.0744142
0.093109
0.0798449
-0.00428608
-0.00454968
0.0577439
0.0215783
0.0219703
0.0637414
0.0448793
-0.0300752
-0.128623
0.0960366
-0.0468763
-0.0859283
-0.0353701
-0.163624
0.0634031
0.056561
0.0796933
-0.0499258
-0.13561
-0.0338526
0.0860273
0.0514985
-0.040339
0.0156796
0.047438
0.119638
-0.0577206
0.0306454
0.0185583
0.0281021
-0.0733067
0.0786306
-0.000538244
0.082471
0.0479697
0.0161419
0.0321079
-0.0430957
0.0517474
0.0167731
-0.00726881
0.16957
0.0594571
-0.0140515
0.132067
0.015564
-0.0195108
0.0176444
-0.0190233
-0.0365437
-0.0128438
-0.00769138
-0.00668966
-0.077312
-0.0900861
0.015029
0.00223889
-0.0133443
0.0272104
-0.0726291
-0.0465426
-0.0771187
-0.0996092
0.170817
0.00871917
0.0854037
-0.0219655
-0.0249851
0.000660348
0.0900387
0.0150785
0.0339778
-0.00431037
-0.033781
0.0331486
0.0412675
-1.90837e-05
-0.0167886
0.0724152
-0.062289
-0.0429636
0.0985512
-0.0450138
-0.0118915
-0.0111409
-0.00592902
0.0042463
0.0547912
0.0040312
0.0609919
0.0205939
0.00691805
0.00222332
-0.00785918
-0.0523445
-0.0233588
-0.0553792
0.0983544
-0.205619
0.123641
0.0305256
-0.0254156
0.0114879
-0.0515222
0.0745534
0.0733228
-0.0293289
0.00487838
-0.0148884
0.108121
-0.0460655
0.0319718
-0.00679155
0.128887
-0.0154451
0.0863194
-0.0454317
-0.0448408
-0.358898
-0.231105
0.0627756
-0.314441
-0.383711
0.105179
0.152278
0.158069
-0.222118
-0.393113
-0.905973
-0.0697313
-0.0468144
-1.02671
0.0823209
-0.4459
0.439357
-0.516575
-0.126337
0.203473
-0.192578
0.753239
0.188796
0.145637
-0.177947
0.101892
0.214369
-0.190672
0.00220379
-0.0523709
0.114901
0.125718
0.0046924
0.30226
0.0823989
-0.222546
-0.0754426
0.157993
-0.102895
-0.229171
0.158916
0.117148
-0.088194
0.0584311
0.18486
0.227867
-0.0621289
-0.230187
0.0840324
-0.0878309
0.0850593
0.0414931
-0.0676357
-0.13796
-0.182281
-0.295154
0.0934094
0.451401
0.00318114
0.0994193
-0.0198619
0.0622031
0.0838678
0.0520973
0.0121573
0.175246
-0.114726
0.217423
0.292438
0.172147
-0.0328384
-0.0258713
-0.0244593
-0.16413
-0.0885387
-0.287667
0.00897193
-0.0764615
0.240883
0.0409784
-0.0500749
0.0743126
-0.106069
0.0800557
-0.176299
0.00443643
-0.0334818
0.0763951
-0.0055107
-0.0893221
0.177266
-0.0542672
0.00549217
0.100998
0.0543194
-0.103562
0.0771
0.0183273
-0.0509475
-0.0680271
0.108663
0.0258159
0.119204
0.0271387
-0.0796421
0.063967
-0.102736
-0.089193
-0.101606
-0.0268091
-0.207293
-0.0223224
0.12039
0.0731702
0.052899
-0.0563473
-0.0250641
0.0665924
0.0850915
0.106846
-0.00575841
-0.0842771
-0.0143522
-0.0626515
0.000589893
-0.112342
-0.0326334
0.192687
-0.106851
0.0203594
-0.0439624
-0.0652029
-0.0969459
0.0140331
0.0514333
-0.012319
-0.176573
0.140523
-0.111002
0.216307
-0.064585
-0.0334121
-0.0595985
-0.00422397
0.022057
-0.01599
-0.0804062
-0.224227
-0.0874393
-0.0838794
-0.0933763
-0.134046
0.229942
-0.13613
0.0833556
0.0957774
-0.0468687
0.119229
0.112972
-0.00947144
0.103388
-0.0968812
0.155208
0.0899608
0.0344289
-0.248344
0.0788337
-0.0329775
-0.102443
-0.076216
-0.05171
0.0515167
-0.214168
-0.184982
-0.225301
-0.0660991
0.209835
0.18601
0.0755007
0.0450873
0.0918835
-0.1587
0.440125
0.0992998
0.185521
0.0585209
-0.00629463
0.133961
-0.138014
0.118543
-0.114307
0.128851
0.0568884
0.269694
0.125246
-0.0462978
0.0962739
-0.101767
-0.0372267
0.080242
0.0314561
0.136333
0.00201986
0.116964
0.0316365
0.044474
-0.110715
0.0784655
-0.00860197
0.0421229
0.0612166
-0.130366
-0.221927
0.144047
0.207727
0.0611974
0.152085
0.00470544
-0.0199728
-0.047698
0.191365
0.0310553
0.314052
0.217609
-0.0693422
-0.207241
-0.0213933
-0.0691685
0.0469083
-0.152281
0.0417923
0.0352586
-0.0147236
-0.0275937
-0.0299909
-0.156335
-0.149752
-0.214029
0.14605
-0.126446
-0.0102669
0.0263764
0.0355863
-0.0591028
0.105102
0.0265467
-0.0296454
-0.0375696
-0.0130114
-0.188382
0.185724
0.0323296
-0.0163487
-0.245858
0.237248
-0.091095
-0.0942157
0.0106931
0.110861
-0.179487
0.193305
-0.0406334
-0.213445
-0.0537635
0.049997
0.0345298
0.103809
0.0551776
0.228474
-0.049617
-0.0650882
0.0361343
-0.136266
0.0413006
0.121919
-0.0195314
0.0809526
-0.0684366
-0.168623
0.15218
0.0566735
0.0521217
0.0811258
0.0968196
0.0730616
0.0226108
0.00889084
-0.0253209
-0.0209102
-0.0200333
0.0659264
-0.0832931
0.0569547
-0.00779735
-0.130098
0.010908
0.115359
-0.0206974
0.0410532
-0.016445
0.0102489
0.129771
-0.0643382
0.158166
-0.168804
0.0924102
-0.00108015
0.112512
0.0539401
-0.183337
0.0391519
0.0197338
0.160295
0.0886227
0.0701286
-0.111918
0.114456
-0.0162438
-0.0950138
-0.0203013
0.0176581
0.0545409
-0.0125248
-0.119243
0.0704247
-0.108856
-0.0759029
0.0311934
0.00447607
-0.0533565
0.00226881
-0.0167544
0.0816857
0.100375
0.00525001
0.0456146
-0.0830016
-0.230504
0.0750749
-0.0523316
-0.0709847
0.0752593
0.0185743
-0.000511119
-0.00660758
-0.0956682
0.143279
0.0764935
0.0317553
-0.0162433
0.062753
-0.0739137
0.0463664
0.0888744
-0.0445694
-0.05682
-0.108472
-0.159379
-0.273261
0.010782
0.176826
0.0563465
0.119929
0.0493088
-0.124336
0.111919
0.048776
-0.182494
0.069878
0.120797
-0.0227635
0.0390471
0.00459752
0.0342201
0.00211547
0.0577595
0.0566029
0.0168879
-0.0015515
0.0461928
0.125287
-0.0132087
0.0630032
0.0420688
0.00397336
-0.0208357
-0.03713
-0.0092149
0.0272635
0.142545
0.101841
0.0601564
-0.0312719
-0.0184013
-0.0964981
-0.115321
-0.0450163
-0.0610359
0.17706
-0.0217577
-0.0781161
-0.0199339
-0.0713946
-0.163269
0.109894
0.219294
0.128165
-0.0613326
0.0476724
-0.113892
0.0575695
0.0759727
0.0297499
0.0632822
0.0395274
-0.13353
0.128107
-0.0287539
0.0402468
0.0453726
0.0558467
0.0487959
0.0670791
-0.0697659
0.0917086
0.159574
-0.0545723
0.0752721
-0.0653134
-0.0393868
-0.0400521
0.0981435
-0.026587
0.163141
-0.0694093
-0.163022
0.0182356
-0.102596
0.033745
0.0333148
0.0377283
0.00637935
0.0633792
0.0618208
-0.219463
0.0380233
-0.173062
-0.13785
0.0319556
-0.0400287
0.0450822
0.0687013
-0.246464
0.0703867
-0.0556881
0.0748884
-0.0919284
-0.0117884
0.170067
0.103539
-0.0979696
0.0154594
-0.0550961
-0.00597455
-0.0811548
-0.0267259
0.033465
-0.0141262
-0.100375
0.121382
0.0151956
0.0978228
-0.00422701
0.043256
0.0466849
0.0246244
-0.00507798
-0.00393137
0.122117
0.0575505
-0.0313871
-0.100884
0.00682405
-0.057866
0.132465
0.0394316
0.074037
-0.122158
-0.0035665
-0.0297526
0.0751701
0.00619902
-0.144365
-0.278546
-0.0384205
0.210215
0.0695685
-0.0725019
0.0766542
0.109403
0.00426533
-0.087106
0.0477961
-0.000963321
0.0678295
0.0936508
-0.0437885
-0.143558
-0.149933
0.243859
0.0340689
-0.00766688
-0.0466578
-0.249364
-0.0521427
-0.0623909
-0.153354
0.271018
0.122859
-0.117292
0.0339349
-0.0887383
-0.252549
0.114925
0.138391
0.23224
-0.13016
0.149579
-0.0598254
-0.0163734
0.101648
0.124508
-0.00019323
0.00663796
0.216548
-0.0802544
0.0490433
0.0792137
0.0950653
0.0284946
0.143914
0.0486358
-0.0812472
0.0207696
0.165556
-0.055755
-0.00600165
0.0705549
0.00921602
-0.0231954
-0.0260113
0.0847797
-0.0440357
0.0277022
-0.11114
-0.0877709
-0.105032
-0.13298
0.0419134
0.0777758
-0.00386097
-0.111325
0.0324487
-0.088331
-0.0725746
0.0461494
-0.276063
0.110908
0.119783
-0.23534
0.0877263
0.06353
0.15991
-0.00938042
0.129821
0.0278034
0.263917
0.0841746
0.0875958
0.19264
-0.102696
0.0865693
-0.0597175
-0.0421984
-0.0668075
0.0526428
0.0816926
0.120167
-0.0225321
-0.0525299
-0.345111
-0.118755
-0.0485378
0.0419865
-0.208049
-0.0112318
0.198835
-0.0791978
-0.0522485
-1.68876e-05
0.182318
0.0405117
0.192311
-0.0661885
-0.143148
0.0117556
0.00406411
-0.292958
0.00793981
0.14024
0.0471471
0.00935281
-0.134951
-0.0969969
-0.192011
0.279055
0.0891416
0.0149361
-0.0604681
-0.094613
0.0888543
0.109719
-0.00603254
0.194366
0.0716765
-0.0610392
-0.0429453
-0.0289413
-0.0813748
0.00958066
0.0677304
0.13371
0.132971
-0.0496332
0.0466044
-0.115226
0.043293
0.065809
0.0533262
0.00146748
-0.00982988
0.00943113
-0.00394052
-0.0252274
-0.01098
-0.065038
-0.148702
-0.151179
-0.0421446
-0.0557157
0.0712826
-0.000366394
-0.063103
-0.0482172
0.0467255
0.0338866
0.15713
-0.0912426
-0.0848329
-0.10171
-0.116756
-0.0106121
-0.115299
0.0198681
-0.183595
-0.342482
-0.131172
0.0516764
-0.108689
-0.173753
0.0195939
0.177529
0.235581
-0.150078
-0.0680292
-0.0975302
-0.0779733
-0.0458597
-0.188037
0.121944
0.162436
0.159544
-0.0478485
0.048641
0.0737555
0.0464666
0.129135
0.157613
0.0724408
-0.030277
-0.0317475
0.106701
0.189921
-0.162276
0.00880307
-0.00732082
0.053059
0.00858191
0.0341506
0.079354
-0.167511
0.0703178
0.0662868
-0.0353305
-0.102825
0.0479293
0.000208114
0.138591
0.0412379
0.0159137
-0.00369108
-0.101209
0.0200186
0.055195
0.109484
-0.119929
0.0151851
-0.0216585
-0.0911574
-0.093719
0.010872
0.0321814
0.0392445
-0.00984422
-0.0962744
-0.074493
0.027978
0.0570469
0.0479509
-0.0034348
0.0305594
-0.0419478
-0.0464864
0.117072
-0.124352
0.178348
0.00118364
0.0633172
0.0241745
0.0479712
0.0295872
0.0429994
0.0283852
0.120425
-0.0165655
-0.0263459
-0.029366
-0.0501411
-0.178882
0.0874486
0.0988535
-0.0559952
-0.0686787
0.106592
-0.0420894
-0.102482
0.0172412
0.0350537
0.0843897
-0.0551284
-0.0296676
0.0284016
-0.0340238
0.039357
0.0331
-0.0903779
-0.0120557
0.117675
0.0769434
0.0350799
-0.00393599
-0.00978857
-0.141883
0.0870131
0.00521484
0.0683266
0.0524386
-0.145459
0.075081
0.0899394
-0.0428495
-0.0215353
0.0433215
0.000561384
-0.0510993
-0.217559
0.139004
-0.281137
0.0909684
-0.244824
0.0786713
0.174809
-0.063546
-0.0541585
-0.11881
0.0843163
0.0916342
0.111667
0.207553
0.0359524
0.0529636
-0.0320977
0.0376894
0.0593423
0.0294418
0.0204472
0.0249488
-0.0177469
0.0638906
0.00939361
0.0381775
-0.100725
0.0650643
-0.00251638
-0.0128175
0.00316555
0.0828995
-0.051138
-0.142063
-0.0926611
0.0364024
0.0370556
0.0693814
-0.0362446
-0.0273476
-0.0742883
0.00530231
0.0334122
0.0311748
-0.03907
-0.0549953
-0.0222817
-0.0801805
0.035102
-0.100455
-0.112947
-0.0388774
0.00817936
-0.132284
-0.111569
0.126212
0.169949
-0.0218823
0.0761773
-0.0285218
0.0620026
0.0219121
0.029604
0.0221664
0.0126469
0.0566063
0.0604525
-0.0509527
-0.00605632
-0.0663129
-0.0926211
-0.131124
0.0675713
0.00285987
0.0362106
-0.0542805
0.0351613
0.113987
-0.036019
-0.0164717
-0.142137
0.0281753
0.0220156
0.0367654
0.0949053
0.0599982
-0.0489183
0.0491843
0.0612577
0.0950429
0.0850829
0.0259248
0.0170575
0.00871961
0.125587
-0.137054
-0.0429942
-0.0433917
-0.0901479
-0.167942
0.0183141
0.0568503
0.0267069
-0.00753569
0.0397508
0.0344802
-0.0566841
-0.015592
-0.0632958
0.0210655
-0.0512172
0.00717051
0.0270978
0.0234677
0.00817577
0.0737609
0.0925331
0.0516862
0.0838676
-0.0241882
-0.0254778
0.0130786
0.00224819
-0.0566008
-0.108712
-0.0288475
0.107344
0.0422921
-0.00430568
-0.0325556
0.152339
-0.0379362
-0.12481
0.0449294
0.0546392
-0.0408378
0.00898502
-0.0797028
-0.0295225
-0.0545442
-0.0262688
0.0623581
-0.0421554
-0.277361
-0.126946
0.0667706
0.0424277
0.0929208
0.189401
0.140319
-0.0901398
-0.0729894
0.120728
0.0448103
0.0048816
-0.0583279
-0.118216
-0.0188771
0.0454831
-0.008971
0.220295
0.0454914
0.00818904
0.0623477
0.105387
0.118035
0.00528115
-0.0185745
-0.257724
0.00637307
0.0591221
-0.0272056
0.0787613
0.0622121
-0.0651964
-0.0815536
0.0525696
0.0701927
-0.0640963
-0.00627147
0.0515828
0.034236
0.0502635
0.112162
0.00184814
0.0543284
0.080744
0.0689657
0.00590188
0.0512362
-0.122397
0.0574502
-0.0907547
-0.123692
0.0451701
0.0751097
-0.12154
-0.0663159
-0.0302596
-0.0325105
0.0689864
0.052784
0.00350282
-0.0373487
-0.0063921
0.0900183
-0.0675625
0.11705
0.0727191
-0.0851993
-0.0266321
0.216188
-0.0191786
-0.0790879
-0.0530032
-0.136166
-0.145002
-0.000284688
-0.014419
0.0350694
-0.106138
0.0929814
-0.0519891
-0.0299437
-0.0363486
0.0632098
0.0477989
-0.0593429
-0.0445996
-0.0543715
0.0211395
-0.0874962
-0.113055
0.02224
0.110077
-0.0974836
-0.0556146
0.0441639
0.117971
0.0741621
-0.0318633
0.0391133
-0.0817347
0.0683188
-0.100534
0.0651629
-0.0437769
-0.0565792
0.0673761
-0.0387064
0.0189436
0.0262933
-0.0175696
-0.0603651
0.00472638
-0.0250704
-0.0532428
-0.0901215
0.123615
0.0648374
-0.0779437
0.0478859
0.0431595
0.0791509
-0.0462054
0.0367436
0.0874655
0.00606824
0.0424383
-0.00504312
0.00891096
-0.144695
0.0744288
0.0165214
0.00629201
0.0264945
0.0648893
-0.108756
-0.0715922
0.0164545
0.148529
-0.0516209
0.344046
0.118124
-0.0959557
0.0188186
0.106852
0.102475
-0.0978635
0.0747101
-0.0247863
0.00607456
0.0948334
0.0150272
0.157871
0.114355
-0.0579818
0.0691448
0.0742374
-0.0726767
-0.0481461
0.0224217
0.00386723
0.0643784
-0.0366998
-0.0351682
0.0546304
-0.0403659
-0.163554
0.0607294
0.0456737
0.0690686
-0.108706
-0.0183111
-0.0244182
-0.114143
-0.0114209
-0.14174
0.0401772
-0.144675
-0.0419873
-0.0279671
0.0778864
-0.0444606
0.165428
-0.121698
0.0310454
-0.0357342
-0.0326996
-0.035658
-0.0655097
0.174076
-0.00596188
0.113107
0.0245913
-0.00402698
-0.0341522
-0.0078759
0.13654
0.0888798
0.0141765
-0.156715
0.103829
-0.0147838
0.0341867
0.0198798
0.0844045
-0.00866231
0.0647127
-0.264036
-0.073599
0.0438034
-0.0896821
0.1036
-0.0698578
-0.106681
-0.188428
-0.0185702
0.183149
-0.0084138
-0.0292065
0.00874345
0.04963
0.0346495
0.0229778
0.0434543
0.101513
-0.0683043
-0.00606649
-0.0434868
0.0795022
0.0264502
0.0449418
-0.0413242
-0.00665574
0.0688444
0.0202896
-0.0994912
0.0490978
0.00188414
-0.0325699
0.0825701
-0.101489
0.109471
0.017933
0.0675669
-0.070232
0.0405764
-0.0937166
-0.0508198
-0.00625155
0.0313969
0.0401576
0.0431328
-0.0329376
0.0543316
-0.0226158
-0.0807032
-0.06499
-0.0735827
0.00260291
0.0687987
-0.0367467
0.0552708
-0.02833
0.103373
-0.0583397
-0.0287156
0.0779334
-0.0507067
-0.0625558
-0.0676401
-0.112489
-0.0522817
-0.0450667
0.0338651
-0.0885492
-0.0267091
-0.0733271
0.218464
0.0946709
-0.0151443
-0.0553395
-0.332894
0.023023
0.0611786
0.0511235
-0.137457
-0.060392
0.126463
0.0832939
-0.0228632
-0.0842872
-0.0104148
0.0117513
0.0760098
0.0465136
-0.0365326
0.00406751
0.0200484
-0.0195343
-0.0868941
0.0673841
-0.0471149
0.0571008
-0.119105
0.0293431
-0.0188378
0.0142419
0.0142059
-0.0105069
0.0139806
-0.0805023
-0.0280802
-0.00543477
-0.022852
0.0462227
0.0315242
0.0752175
-0.00960687
0.0155046
0.0547636
0.0504163
-0.0147051
-0.0531774
-0.0464122
0.0415055
-0.154312
0.0485646
0.0726662
0.128034
0.0544729
0.106418
0.0306671
-0.0230067
-0.0967861
0.0225401
-0.0252766
-0.0575013
0.0368765
0.0617779
0.00671999
-0.0163103
-0.0889558
0.0776225
0.022317
0.0045921
-0.0379019
0.0823667
-0.00111226
-0.0531668
0.0881969
0.103022
-0.0463345
0.0967177
-0.0194277
0.0158982
0.0378024
0.160273
0.145467
0.0997181
-0.209336
-0.0637075
0.0173964
-0.165202
0.0491453
-0.0638569
