0.310996
0.164914
0.0825694
-0.159607
-0.105592
-0.0966052
-0.192294
-0.156194
-0.410841
-0.09435
0.0104578
-0.146437
-0.260365
-0.0554185
-0.0871021
0.0165073
0.244574
-0.0306852
0.412903
-0.26087
-0.0319356
-0.260148
0.15489
0.158391
-0.0652238
0.123064
0.0468549
-0.220877
-0.0495433
-0.187084
0.078451
-0.233136
-0.291284
0.0231906
0.018364
-0.351832
-0.0834129
-0.0759732
0.0383316
0.391037
-0.247295
-0.4706
-0.0705319
0.189496
-0.46118
-0.127512
-0.173724
0.480884
0.0716259
0.18672
0.118255
0.27762
0.010967
0.0212584
0.0521247
0.0109009
0.309417
0.0466698
0.103227
0.00466914
-0.185661
-0.420573
0.277507
0.185046
0.458755
-0.0177008
0.00145423
0.0297952
0.0700871
0.350882
0.148193
-0.140097
0.184944
0.174756
-0.352402
-0.118232
0.250216
-0.0737482
0.134802
-0.12582
-0.138519
0.267893
0.163569
0.0405904
0.0681113
0.100481
-0.00011919
0.192376
-0.0975604
-0.0514911
-0.293833
-0.0182266
-0.00621285
0.19928
0.197067
0.0510171
-0.17636
0.0899119
0.0416061
0.0622299
0.1111
-0.0795199
-0.011909
0.216874
0.0351168
-0.209088
-0.0107086
0.0678838
-0.129929
0.107507
0.135843
0.0835235
0.00625038
-0.203583
-0.0218336
-0.228644
0.107998
0.207644
-0.25628
0.0109915
0.2835
0.0514604
0.0203884
0.162613
-0.058991
0.117727
-0.266325
0.0664457
-0.144
-0.0512863
-0.168908
0.0878343
-0.104567
0.235339
0.0693284
0.277755
0.0927206
0.044153
0.100047
-0.0203405
0.0307858
0.210871
0.0661657
0.145564
0.0680478
-0.00224143
0.197592
-0.0177363
0.0421767
-0.0222521
-0.159716
0.0666562
0.157988
-0.0224868
-0.0838254
0.0936713
0.102864
-0.132046
-0.282311
0.103104
-0.0119698
0.182542
0.243492
0.127178
0.109021
-0.0450621
-0.0171379
0.0752998
-0.0681261
-0.170463
-0.156277
0.0166684
0.184072
0.146708
-0.0193538
0.0836236
-0.106374
0.0980997
0.034918
0.0872312
0.131603
0.0204696
0.0053762
-0.0424853
0.0759175
0.0308914
-0.133697
-0.0445764
0.210163
-0.0315606
-0.0826526
-0.204473
-0.167665
0.201355
0.222562
-0.0813138
0.078944
-0.0604055
0.00481014
-0.120298
0.223687
-0.0178747
-0.147336
0.177317
-0.0803874
0.0718859
-0.0393439
-0.0753896
-0.100265
0.00980364
-0.177148
0.219528
-0.232626
0.0445706
-0.196746
0.128406
0.140538
0.0274801
0.201858
-0.00236133
-0.0106456
0.0279913
0.0274329
0.100496
-0.022943
0.0624831
-0.157621
-0.107701
0.186998
-0.0296155
0.0508317
-0.26101
0.101792
-0.112786
0.184913
0.00570564
0.0306804
0.105985
-0.0169023
-0.170377
-0.229302
0.0461967
0.0184225
0.0770352
0.025246
0.108253
-0.14119
-0.0444868
0.158345
0.0505785
0.0643383
0.0463763
0.00986773
-0.0792744
0.170317
0.0487238
0.0148197
-0.0461031
-0.002721
-0.0730524
-0.0901481
-0.00653725
0.0346522
-0.129833
0.0216902
0.127108
-0.264322
-0.228923
-0.061839
-0.109696
0.0866773
-0.272484
-0.194706
0.108685
0.0432762
0.131697
-0.229222
-0.61238
-0.136046
0.101451
0.0674557
0.173353
-0.167205
-0.0554166
0.0669838
0.0970253
0.100161
0.0717328
0.0965332
-0.099995
-0.246725
-0.057267
-0.125417
0.202736
0.0975716
0.0826292
0.134988
0.0754706
0.252316
0.0528644
-0.068294
0.106764
-0.0681757
0.0286135
-0.108266
0.0922111
0.0968058
-0.083956
-0.0749176
-0.118019
0.122858
-0.118808
0.205002
-0.018238
0.0179044
-0.0999389
-0.100111
0.179236
0.083353
0.0274966
-0.10329
0.283003
0.0582979
0.000122154
0.037231
0.0171276
-0.231532
-0.0536709
0.0943174
-0.215375
-0.221871
0.0885926
0.0192795
-0.428007
-0.304102
0.265884
0.048975
-0.0663832
-0.556008
-0.22977
-0.297635
-0.333162
1.34832
-0.337244
0.080783
-0.111915
-0.687388
-0.0307729
0.361216
-0.264294
-0.113746
0.146562
-0.127767
-0.309991
0.042356
0.318046
0.0966407
-0.0703973
-0.0640013
-0.0341563
0.00893002
-0.387759
-0.144606
-0.143706
0.226802
0.364774
0.387588
0.0232533
0.163556
-0.0604678
0.0739365
0.219658
0.0999424
-0.0555655
-0.130812
-0.307587
-0.0538976
0.159704
-0.560488
0.11177
-0.0923247
0.0787242
0.0331746
0.353033
0.379998
0.092726
0.0463684
-0.0685149
0.198189
0.0184634
-0.115674
-0.167283
-0.0621643
0.13163
-0.0204356
0.257735
0.0824221
0.113369
0.130763
-0.00100522
0.014655
-0.150953
0.314596
0.0331879
-0.0258443
-0.00302536
-0.175826
0.150508
-0.0874554
-0.325905
-0.0312687
-0.0646423
-0.0169864
0.107817
0.020722
-0.148337
-0.141423
0.124961
-0.166645
-0.1587
0.111015
0.142703
-0.0120784
0.050219
0.345147
-0.00677343
0.0584097
0.0220431
-0.136104
0.101647
0.118936
-0.0217545
0.0704556
0.0384299
-0.0508108
-0.0326337
-0.120309
0.14481
0.0180232
-0.194521
-0.0509484
0.212989
-0.107412
-0.0210341
-0.0985801
0.0263794
-0.0614181
-0.0643688
0.254941
0.0459456
0.0374059
-0.0181631
-0.0187194
-0.0492484
0.202524
-0.0150951
0.0170919
0.0270515
-0.0021383
0.00145006
-0.00420391
0.0297565
-0.050039
-0.0668543
-0.0909397
0.0497728
0.055086
-0.152232
0.105187
-0.18062
0.031494
-0.166188
-0.131567
0.114079
-0.169031
-0.0842197
0.0758237
0.119468
-0.248797
0.0925928
0.132629
-0.052027
-0.271754
-0.30944
0.0522992
-0.0213518
-0.181281
-0.235812
-0.0617582
0.434141
0.274296
0.0673069
-0.12547
0.0351055
0.15367
0.105707
-0.0625685
0.0289052
0.0112927
-0.151625
0.00047952
-0.112637
0.0984415
0.20527
-0.0195322
-0.0754944
-0.207786
0.00449438
0.0784316
-0.123396
0.0296445
8.09032e-05
-0.0883814
-0.10119
-0.147432
-0.129423
0.151791
0.527554
0.26337
0.0137696
-0.101689
0.290884
-0.025459
0.075826
0.179116
-0.0126684
-0.140544
0.00587762
0.146974
-0.0757709
0.0548139
0.148703
0.038511
-0.136741
-0.00554445
0.0624137
0.0387797
-0.0269307
-0.132314
0.0108912
-0.0267954
0.047711
0.202558
0.058897
-0.040521
-0.23552
-0.100929
-0.0642319
0.0133828
0.163057
0.0259673
-0.082239
-0.110411
-0.0724922
-0.0646838
-0.00286742
0.0692734
-0.00869927
-0.118019
-0.0356916
0.0167673
-0.0831025
-0.232188
0.228199
0.00272103
0.235377
0.0016359
0.0583482
0.109941
-0.0421132
0.0378448
-0.0148934
-0.00249682
-0.146214
0.143931
0.0243788
-0.0722664
0.154698
0.00365076
0.0589738
-0.0320768
-0.0865545
0.00136297
-0.152567
-0.0605349
-0.204471
0.0305289
0.152002
0.0460807
0.0626148
0.0844733
0.117445
0.0102452
-0.001526
-0.0475881
-0.104968
-0.080001
-0.0158021
-0.203874
0.0748418
0.0543656
-0.0417619
-0.12586
0.00717168
-0.0556355
0.0361451
0.0319586
-0.145833
-0.141681
0.0328735
0.0997975
-0.0139565
0.0567622
-0.00350897
0.210642
-0.131357
-0.0759701
0.0239941
-0.125255
0.010312
-0.0845905
0.0388632
-0.170357
-0.00455345
0.185663
-0.198873
-0.0147495
0.216158
-0.0962467
0.191195
-0.00552348
-0.281304
-0.13146
0.0603815
0.0651831
0.20602
0.211045
0.126733
-0.0229867
-0.132543
-0.122302
-0.00817617
-0.256352
-0.272895
-0.0697315
0.0659254
-0.070977
-0.119869
-0.14483
0.102195
0.3014
0.288409
0.0415801
-0.193888
-0.0332393
-0.195244
0.0142277
-0.0273439
-0.329844
-0.220635
-0.0850134
-0.396278
-0.0177328
-0.247243
-0.0360723
-0.564848
0.349579
0.471065
0.0710407
-0.039912
0.0620027
-0.481768
-0.21361
0.184991
-0.0170511
0.107275
-0.0840168
-0.137828
0.252744
0.059122
0.319136
0.0485592
-0.345576
-0.480395
-0.162574
0.273614
0.147523
-0.454216
-0.346689
0.250121
0.266328
0.356762
0.0604439
-0.199548
0.168241
-0.183382
-0.47325
0.209919
0.2529
0.394753
-0.0608627
0.131627
-0.0535968
-0.228158
-0.154884
0.301674
0.264767
0.107021
0.106158
-0.0528589
0.202637
-0.0924212
0.0357497
-0.124689
-0.0600379
0.0433617
-0.276456
0.280388
0.116923
-0.0869785
-0.0531956
0.484048
-0.0498299
-0.296512
-0.428204
-0.00591113
0.159741
-0.134245
-0.140612
0.0495798
-0.211039
-0.0356484
0.290718
-0.217207
-0.162185
0.080476
-0.0404956
0.0476582
-0.3541
-0.14569
-0.211805
-0.0226376
0.053845
0.44891
0.0100074
0.387851
-0.0337038
0.162068
0.170424
0.00811777
-0.0789999
-0.214092
0.220418
-0.315609
-0.0637153
-0.176603
0.0833113
-0.0572027
0.0603414
0.241054
-0.0903364
0.100362
0.0938642
-0.0153465
-0.202707
0.153769
0.0918723
0.182236
0.00984176
-0.174024
-0.298224
-0.0487041
-0.012337
0.231579
-0.0545574
0.000320402
0.0278476
-0.00107691
0.100832
-0.135164
0.215169
-0.0488532
0.0671539
-0.0327814
-0.0419905
0.183419
-0.0650281
-0.163341
-0.00917409
0.217865
0.0867029
0.100752
-0.029294
0.0131319
0.00270116
0.0595673
-0.11865
-0.00999689
-0.0187583
-0.0345792
-0.212186
0.114982
0.184302
-0.0579353
-0.126447
-0.150451
-3.51796e-05
0.0111574
-0.0123184
-0.0715729
0.0962532
0.0183155
-0.129203
-0.345206
-0.00595281
0.176892
-0.0297887
-0.124524
0.237397
0.0170923
0.0423481
0.0704905
0.123528
-0.0283346
-0.0897983
-0.162941
-0.0863703
-0.0691729
-0.103148
-0.197958
-0.0877692
0.121793
0.0433999
-0.275213
-0.211514
-0.000313292
-0.300564
0.190634
-0.0751958
-0.364725
-0.0574287
0.22524
-0.407029
-0.244749
0.18996
-0.279283
0.221436
0.16853
-0.129876
0.167606
-0.190501
-0.258761
0.0292025
0.0351403
0.26864
-0.0799711
-0.28114
0.336276
-0.0713041
-0.269817
-0.160875
-0.13412
-0.1119
0.0439389
-0.0651763
0.208254
-0.337115
0.14482
0.0130454
-0.219088
-0.236321
-0.261398
-0.000935946
-0.0407904
0.283638
0.0452536
0.238135
0.0298983
0.175369
-0.0544215
0.00932593
0.141199
0.121253
0.0344391
-0.300862
0.263406
0.151404
-0.0332067
0.150627
-0.373827
-0.145436
0.209932
0.0818913
0.550608
0.0306619
0.133164
-0.070879
-0.30342
-0.314533
-0.0754144
0.0576064
0.116637
-0.261642
0.0519456
-0.200799
0.03977
0.0502535
0.0625543
-0.6
-0.110869
-0.364561
0.0812134
0.588498
0.383078
0.274664
-0.0940924
-0.0269726
-0.529536
0.58252
0.431502
0.220821
-0.0847002
-0.0561273
-0.0883611
0.0309834
0.0778623
0.00569677
0.396678
0.191882
-0.12174
0.0998672
-0.273927
-0.0789413
0.0375516
0.120375
-0.0887712
-0.0375424
-0.15311
0.308669
0.0183645
0.0724417
0.00766243
0.479487
0.0263832
-0.0318667
0.0920318
0.0774759
-0.0704799
0.271742
-0.00798646
-0.11076
0.0500959
-0.0950948
0.256744
-0.112786
0.0448343
-0.400107
-0.0153281
-0.17211
0.097557
0.106051
-0.0514344
-0.0177499
0.179554
-0.0799477
-0.186327
-0.100433
0.0866995
-0.107025
0.0340228
0.335105
0.234073
-0.0343469
-0.233536
-0.0459519
-0.165574
0.0562836
-0.015709
-0.0047188
-0.0605904
0.135302
0.0115202
0.0553236
0.103992
-0.190321
0.0242842
-0.228397
-0.0478124
0.0163688
-0.0905536
0.164605
-0.0265125
0.0292417
-0.140295
0.228773
0.0191474
0.0342272
0.0895357
0.0431037
-0.0441195
-0.0140547
-0.0332455
0.172071
-0.049094
-0.0574453
0.0167684
-0.0243133
0.0349626
-0.07909
-0.0563218
0.148083
0.082954
0.0378282
0.00867767
0.0201813
0.158581
0.116097
2.42008e-05
0.0323403
0.010283
-0.0225086
-0.182568
0.044728
0.337184
-0.0524838
0.0385411
-0.0199112
0.0402915
0.17987
0.0144671
0.0529753
-0.0377066
-0.0360586
-0.0231637
0.0555261
-0.0288751
0.0717319
-0.0390911
-0.0218609
0.0605943
0.067797
-0.0598954
-0.0340736
-0.0825452
-0.247642
-0.159779
-0.384151
0.217429
-0.0463535
-0.051771
0.197975
-0.118425
0.191419
0.086344
-0.0710426
-0.11847
-0.0508639
0.142599
-0.0760176
-0.183667
0.203187
0.0797278
-0.325216
0.193574
0.114403
-0.0525785
0.0720244
0.212335
-0.076665
0.0360282
0.280888
-0.0857155
-0.0259031
-0.0398811
0.186002
-0.0449617
-0.129985
-0.221975
0.113938
-0.0777341
-0.0260302
-0.22936
-0.186081
-0.113437
0.0248414
0.16328
-0.183199
-0.0715078
-0.0633377
-0.0144493
0.109071
0.329708
0.0282894
-0.147004
-0.0328133
-0.0819288
-0.184963
0.0121162
0.131068
0.140689
0.320724
0.119856
-0.0288163
-0.0817426
0.183812
-0.0378424
-0.0149773
0.163319
-0.0480976
0.0471145
0.0618053
-0.0282474
-0.0329609
-0.101975
0.0198435
0.126494
-0.0469261
0.0468212
-0.0785843
-0.0597065
-0.00252851
-0.14138
-0.0951827
0.119136
0.175057
-0.082157
-0.00970657
-0.134703
-0.0436615
0.0944299
-0.0868281
-0.0896939
0.0605949
-0.0475446
-0.169217
0.0424472
-0.0642651
-0.00104072
0.0806932
0.0538476
-0.100649
-0.347025
-0.157003
-0.192736
0.0718298
0.27906
0.0273945
-0.104709
0.184308
-0.0260357
-0.156869
0.302208
-0.168393
0.187806
-0.00348046
-0.0246599
0.0445533
-0.234322
0.0131339
-0.0726497
0.0186152
0.183315
-0.0176976
0.0286125
0.134356
0.146036
0.108811
0.0859003
0.0269104
0.0955655
-0.0273299
0.125832
0.0394877
-0.0153605
-0.0366523
0.0520944
0.113315
0.0731653
-0.0203975
0.046681
0.0351157
-0.0589382
0.0952802
-0.187872
-0.180325
-0.0478776
0.196583
0.0659025
-0.0425687
-0.300294
0.00483561
0.0404511
-0.169355
0.166307
0.0185721
0.0532373
0.0701046
0.122059
-0.0261114
0.194074
0.0832281
0.0550919
0.0195121
0.0645111
-0.00834837
0.0781193
0.100044
0.0197976
-0.0681684
0.0636426
0.0817472
0.0318332
-0.0475333
-0.0459422
0.167775
0.00912712
-0.0582762
0.133787
-0.0414939
-0.0673341
0.12799
0.231933
0.00829844
0.0284335
0.112076
0.0749229
0.0393898
0.0841177
0.0358791
-0.0247473
-0.186102
0.0882008
-0.101274
-0.0810675
0.130297
-0.0867404
0.131268
-0.0705149
0.0360083
-0.0794433
0.0421948
-0.0988185
0.00698908
0.0432726
-0.083931
-0.0334213
0.0345132
-0.0132031
0.0895127
-0.157919
-0.0732809
0.0415789
0.0810516
0.0120621
0.0263145
0.0961024
0.0522264
-0.0225309
-0.094051
-0.145229
-0.067358
-0.156791
0.00889713
0.0920597
-0.0518872
-0.0847589
-0.0928792
0.000603942
0.167653
-0.0917183
0.106713
0.230993
0.0264336
0.0704437
0.0624177
0.081767
0.0018079
0.0149859
-0.15897
0.0385615
0.0918808
0.289249
0.0733255
-0.0189381
0.0549387
0.0725022
0.0159056
0.136866
-0.0662425
0.00976996
-0.011176
-0.0929208
-0.0752435
-0.0376008
-0.370235
-0.11263
0.122899
0.0173348
0.0687492
-0.0445672
-0.198291
0.0296412
0.0212297
0.192107
0.107572
-0.0894545
0.108122
-0.0103312
0.0179587
0.0335513
-0.0140731
-0.0752734
0.0110964
0.00833165
0.00873183
0.120539
0.0482688
-0.0177459
-0.0591026
-0.049176
-0.235585
0.247926
0.0870622
0.0865145
-0.136565
0.0298446
-0.0307104
-0.0918768
-0.119997
-0.139905
0.164688
0.0763397
0.0416189
-0.0132651
-0.0266626
-0.140249
0.0777853
0.149352
0.0571884
0.126571
0.0111856
0.117847
-0.0260684
0.14105
0.0875873
-0.0666532
-0.119242
0.0044549
-0.143202
-0.127217
-0.0168974
-0.0834729
0.161416
0.023774
0.140319
-0.0128174
0.0359755
-0.150059
0.0142531
0.134802
-0.001826
0.0147801
0.00240555
0.00413199
-0.0646755
0.168878
-0.0986709
0.0758617
0.0190317
0.0252629
-0.237335
0.109099
-0.0509086
0.0271178
0.0739287
-0.0102223
0.0363292
0.121095
0.0249045
0.0400534
-0.020817
0.0593124
0.0265328
-0.0468986
-0.0196449
0.111716
0.17132
0.0897237
-0.00948134
-0.0707299
0.0122725
0.0227815
-0.0954081
0.0455438
0.0485235
0.0677132
-0.0291995
-0.0331158
-0.011078
-0.126139
0.0202317
-0.0264524
-0.033313
0.0768588
0.00769162
0.0667777
-0.0729978
-0.110386
-0.184845
0.0539654
-0.200462
0.00493535
0.063788
-0.123708
0.182116
-0.117993
-0.0154056
-0.0428482
0.157924
0.00960203
0.187358
0.0252244
-0.00764427
0.0196318
0.0331432
-0.212652
-0.182096
-0.0170013
-0.136568
-0.104447
-0.164935
0.0259025
0.0874366
0.0469393
0.0609186
-0.00899081
-0.070771
0.12759
0.0318709
0.0330652
0.12917
-0.0533897
0.179276
0.127166
0.00971181
-0.106886
0.00618152
0.0164096
0.00799014
0.121793
0.194003
0.0438582
-0.0415792
-0.136964
-0.0126454
-0.0471498
0.0023513
-0.0438194
-0.0392976
0.100157
0.0763253
0.00993954
-0.0492579
-0.134321
0.0508803
-0.0682628
0.0631403
-0.153569
0.1297
-0.0669829
-0.316577
0.142423
0.073643
-0.203979
-0.088331
-0.0633981
-0.120564
0.0361592
0.0172615
-0.365617
-0.17308
0.292584
-0.0418377
0.236046
0.0958934
0.0814632
0.00534997
-0.140352
0.193887
-0.142407
0.0154645
0.206454
-0.0990984
-0.214331
0.119886
-0.0147234
-0.132913
0.14386
0.0638373
-0.177121
-0.0167113
0.007492
0.157446
0.119441
-0.0539079
-0.162833
0.300632
0.11505
0.0535281
-0.0492819
0.0753703
0.0401428
-0.0913384
0.0713104
0.117199
-0.238179
0.260965
-0.0879859
-0.323161
-0.0620373
0.0334923
-0.27873
-0.240604
0.178142
-0.0321787
0.334442
-0.0266058
0.00714744
0.10229
0.00390277
-0.083896
-0.111265
0.000252935
0.0691705
-0.351449
-0.123066
0.0205237
0.223518
-0.399297
0.0803836
0.170591
-0.12118
0.137683
0.0563
0.117458
0.123663
0.049847
0.168191
0.0673051
0.107673
-0.0912426
-0.13491
0.0483199
-0.0996905
-0.0725858
0.25813
-0.0191915
-0.0400979
0.0356253
-0.198937
0.129683
-0.129751
0.1887
0.166413
-0.0466005
0.00787377
0.0998277
0.0967881
-0.0284997
0.101311
0.0675053
-0.0135932
0.0810857
0.0347885
0.000161025
-0.147607
0.0331733
0.0659464
-0.0293029
-0.0339925
-0.138495
0.109087
-0.0090226
0.0199314
0.0730438
-0.0781839
0.0198206
0.0370625
0.291989
0.0289782
0.109848
-0.099428
-0.0095556
-0.0230933
0.088664
-0.00695872
0.0422158
0.0553443
0.0825614
-0.0641326
0.0676357
0.0125277
0.099172
-0.137229
0.0627433
-0.142507
-0.219659
0.0221509
0.0330777
-0.0202616
0.023264
0.0694343
0.116533
-0.0279939
-0.199079
0.00532423
0.0387218
-0.278159
0.0430628
0.0150287
0.216243
0.0184254
-0.108283
0.00177506
0.0652813
-0.071703
0.0244724
0.133716
0.0661848
0.018369
-0.035586
-0.202704
-0.0727491
0.168331
-0.0423428
-0.146186
0.0182849
0.0295609
-0.00330981
-0.108488
-0.0757477
-0.131598
0.0189884
0.144678
0.0532574
-0.11376
-0.172348
0.0269787
-0.0534385
0.0539812
0.0662904
0.380022
0.0301353
-0.0709462
-0.0119044
0.0563124
-0.466544
-0.0780084
0.131001
-0.0598495
-0.0616012
-0.224879
-0.18588
0.0811409
0.26122
0.303338
0.169005
0.0303081
0.0685496
0.153096
-0.0260273
0.0655302
-0.084781
0.0224035
-0.0369796
-0.116584
-0.145986
0.0955994
0.0270686
-0.101811
0.0108191
0.0758782
-0.102916
0.114999
-0.0230328
-0.0672175
0.118766
-0.141927
-0.247094
0.0620947
-0.0628117
0.0192565
-0.00220201
-0.10654
-0.182874
-0.3024
-0.514446
0.36118
-0.130261
0.30157
0.0607274
-0.0911423
-0.262926
-0.0546083
0.104171
-0.222107
-0.0167625
0.0618357
0.172452
-0.179732
-0.123541
-0.0427594
0.0884039
0.196683
0.129292
-0.260095
0.00978484
-0.316037
-0.0794126
-0.195296
0.242563
-0.132477
-0.000329995
0.175104
0.0077377
0.0379013
0.37571
0.131551
0.065801
0.0109772
0.125297
-0.0614911
-0.128694
-0.0771106
0.0636468
0.127674
-0.0237098
-0.105123
0.0562444
0.202619
0.106355
0.00193753
-0.149853
0.0959015
-0.0236993
-0.0351672
0.0552581
0.0450695
0.00788971
-0.0404791
0.0211258
-0.123264
0.0112961
0.0390074
-0.227306
-0.0321494
0.0128583
0.233599
-0.0995312
0.0908047
-0.062427
-0.0125051
-0.0685199
0.0196041
0.102143
-0.0208497
0.0736221
-0.00745445
-0.0358763
-0.24384
-0.0140693
-0.0360716
-0.206552
-0.00163679
-0.0579072
-0.152558
-0.212179
0.295903
-0.000679621
0.171096
-0.164775
-0.368256
0.0530208
0.236612
0.043304
-0.135565
0.12273
-0.0295667
-0.101825
-0.244998
0.0235838
-0.148703
-0.151257
-0.167163
-0.025872
0.0329072
0.0213447
-0.165672
-0.28173
-0.0872874
0.100552
-0.324982
0.194703
0.324778
-0.179501
0.144543
0.055686
-0.173571
0.258724
-0.0309698
-0.300094
-0.254348
0.183028
0.0370824
-0.454258
-0.242397
0.268956
-0.50032
0.222808
0.321083
-0.051064
0.275527
-0.0834805
-0.122697
0.232575
-0.143422
-0.311967
0.248848
0.161358
0.133524
0.175211
0.176713
0.00287482
0.0507434
-0.0282412
-0.0530037
0.0236895
0.00659519
0.362688
0.0570605
-0.170287
-0.0284105
0.0178468
0.0802446
-0.0333885
-0.0322213
-0.0724149
-0.154928
0.0209795
0.0700289
-0.167273
-0.13937
-0.00556981
-0.24711
0.0130582
-0.1267
0.161135
0.0827525
0.0570645
0.316063
0.0461707
-0.0120029
0.034637
0.100444
0.194228
0.0544691
0.0386653
-0.101009
0.155233
0.0532994
-0.0683813
-0.266038
-0.00392291
-0.289276
-0.126988
0.0404644
0.0146623
-0.0475842
0.131213
-0.127611
-0.000911867
0.067117
-0.0453127
0.0191016
0.0875373
-0.115143
0.110663
-0.0654728
0.231566
0.229361
-0.0503731
0.0309351
0.0105903
-0.0913565
-0.130513
0.045897
-0.176068
0.024817
0.0802016
-0.0711389
-0.0704056
-0.323366
-0.222312
-0.215547
0.151588
-0.0619305
0.195733
0.335311
0.0232639
0.0399558
0.208556
-1.31858
-0.184244
0.244835
0.339085
0.0713527
0.128482
-0.015625
-0.230843
-0.176774
0.102911
0.219521
0.144482
0.239092
-0.037833
0.0920473
-0.024843
-0.00775119
-0.0461741
0.105871
0.00952265
0.0188902
-0.028133
-0.0181374
0.11754
-0.212615
0.126625
-0.0862662
-0.281256
-0.0166859
0.146462
0.181962
0.0269093
0.11954
-0.0074808
0.0697073
-0.00355588
0.0047944
-0.114058
-0.157455
0.0740623
-0.117091
0.0206046
0.13248
0.0865382
-0.0649555
0.0695988
-0.0499309
0.0797495
0.036099
0.0526444
0.165353
0.0496805
-0.0602935
0.129348
0.0946994
-0.083425
-0.177648
-0.161896
-0.0249274
0.0207198
-0.100359
0.0946577
-0.0338475
0.0830634
0.199402
-0.125395
-0.127975
-0.0266443
0.0598788
0.0637637
-0.0192083
-0.0317038
0.0198623
0.0105429
-0.0238257
-0.153188
0.0891281
-0.00953167
-0.0076526
-0.0899675
0.183171
-0.0310591
0.141545
0.0952553
0.123291
0.0432342
0.126412
-0.0832978
0.0366951
0.0259873
0.00442428
-0.0631905
-0.11287
-0.186729
0.00730002
-0.0999923
0.14367
0.0203296
-0.0397457
-0.163893
-0.135182
0.0219339
0.0333693
-0.0561714
0.0916552
-0.109684
-0.00958372
0.0427079
-0.0277562
0.0343424
0.0197905
-0.0637463
0.0552117
0.0244999
-0.0219388
-0.0718443
0.0666522
0.260375
0.0752565
0.204317
0.0264264
0.0183482
0.156501
-0.121771
0.131915
0.0767537
-0.0811654
0.0760115
-0.0385844
-0.0407157
0.0364894
0.00947485
-0.0338969
-0.0190017
0.0266821
0.0710149
0.0803876
-0.0335484
0.0266686
0.0291726
-0.0243257
-0.0431043
-0.0460327
-0.00128614
0.11024
-0.107444
-0.0160171
-0.00927526
-0.00762045
0.00107681
-0.0805897
0.08822
0.171144
-0.038275
-0.00916028
-0.151349
-0.0493561
0.0166577
0.0806958
0.0597169
-0.112031
-0.027578
-0.0019077
0.115825
-0.064082
0.112353
0.0274399
0.0774477
-0.0307439
-0.0570771
0.0276556
0.0360443
-0.0880024
0.017079
-0.0421387
0.0113438
0.0959432
0.203083
-0.0364916
0.0845529
0.00567272
-0.00244826
0.0497045
0.148988
0.00802809
-0.0105388
-0.0911921
0.0785289
0.183369
0.0762236
-0.0310268
-0.00207579
0.0170538
0.0930034
-0.0150235
-0.00634573
0.0832794
-0.0206681
0.0368548
0.0546656
-0.132414
0.0347377
0.0399444
0.111121
0.00959715
-0.0870526
-0.0205716
-0.0537332
-0.0332196
-0.0598916
0.102633
0.00204408
0.00432783
0.368831
0.0151184
-0.0183324
-0.0741544
0.029851
0.0970009
0.0154314
0.161003
0.110691
-0.035211
-0.0425279
-0.0130592
-0.158341
0.0326954
0.0556401
0.0223882
-0.180321
-0.0942861
0.139926
-0.0389111
0.113287
-0.00813791
0.0276767
-0.0306384
-0.0185237
-0.00659899
0.00289564
0.000900694
0.0228853
-0.0194947
-0.0045579
-0.00735584
0.0745395
0.0230446
-0.12458
0.0365486
-0.0982099
-0.0709468
0.0557251
0.0829038
-0.095282
-0.00501705
-0.0287172
-0.0741406
0.0617518
-0.0456418
0.0513616
-0.161661
-0.0825535
0.151727
-0.0354639
-0.0408531
-0.0239749
-0.00911985
0.0196873
-0.0575803
0.105924
0.0922308
-0.00292774
-0.00369843
-0.119676
0.060277
-0.0220774
-0.131627
0.0190006
0.0734294
0.0492918
0.026366
-0.0636727
-0.0321414
0.0800992
-0.0690315
0.0334236
0.103144
0.0169112
0.0544108
-0.130077
-0.138755
-0.161226
0.171938
0.0193481
0.0598029
-0.095836
-0.0557289
-0.0246217
0.0477326
-0.0690387
0.018632
-0.011699
-0.0575926
-0.0910814
0.0520296
0.0522748
0.0251928
-0.0800056
-0.0620772
-0.0481027
-0.0059637
0.00461132
0.188787
0.0131469
0.0335536
-0.00954079
-0.0422469
0.0203236
0.0386354
-0.0834817
0.00475979
0.00775652
-0.086271
-0.0263353
0.174395
-0.0390001
0.0512023
-0.121946
0.00178421
-0.289441
0.24757
-0.0285978
0.0494089
-0.0919714
0.133328
-0.00243259
-0.0173859
-0.0749534
0.0347187
0.0551777
-0.0741644
0.0247109
-0.0601747
0.0435508
-0.0515352
0.189791
-0.146333
0.240757
0.0739555
-0.0160151
-0.0466314
-0.0960151
-0.0399722
-0.0835446
-0.00196487
-0.0859906
-0.0478111
-0.0425566
-0.0593306
0.023425
0.0744585
-0.0779343
0.015083
-0.0320397
0.0204825
0.0188161
0.0206111
0.00953445
0.0805448
0.120802
-0.0554529
-0.124165
0.121814
0.00268366
-0.0267906
0.0768643
0.05689
-0.0137774
-0.0180042
-0.0271354
-0.0822046
-0.0256803
0.0919177
-0.00961015
-0.025976
0.0944805
-0.11966
-0.0165526
-0.0712206
-0.0488656
0.0350049
0.036514
0.194324
0.0936034
-0.0124941
0.0269293
0.00176458
0.00662399
0.0260029
0.00459635
0.0506681
-0.0436105
-0.0401392
0.044797
0.0992058
0.0240829
-0.0438682
0.0305128
6.60666e-05
-0.0376437
-0.121448
0.0223758
-0.0503681
-0.182284
-0.144638
-0.256161
0.168661
-0.223541
-0.120357
0.135546
-0.124058
0.0367175
0.0296375
0.119897
-0.0264076
0.0904407
-0.0729771
0.0539702
-0.0549272
0.0811774
-0.00231283
-0.0606778
-0.103868
-0.215362
0.0624001
-0.00414026
0.0130511
0.0487491
0.0413091
0.0425887
-0.0368502
-0.0033333
-0.00438762
0.07893
-0.0997173
0.0180299
-0.0524637
-0.1501
-0.0998602
-0.0129327
0.0981839
0.0856086
0.0474018
-0.0530444
-0.0380634
0.236344
-0.0598036
0.0618155
0.0212341
-0.0284318
0.0114665
0.0208053
-0.00118771
0.0385897
0.0543407
0.0108997
0.016393
0.0381597
-0.0390096
-0.0256922
0.0448171
0.0232906
0.0554407
0.107926
-0.0497923
0.0648569
0.036335
0.0268452
0.0520274
0.0248195
0.0241642
-0.01323
-0.0490684
-0.0950961
0.103772
-0.102388
-0.0454337
0.0715359
-0.112897
-0.0289196
-0.171011
-0.0634479
-0.252118
0.0470257
-0.105814
0.174861
0.121625
-0.065783
0.108031
0.0381741
-0.0845046
0.154682
0.0162422
-0.0154441
0.059013
-0.107691
-0.0831998
-0.0142998
0.0342811
-0.0890879
0.0923972
-0.179541
0.0202334
0.0219735
-0.0723211
0.0350829
-0.0671606
0.106759
0.0995559
0.110724
0.0392896
0.0221259
-0.0379891
-0.158685
0.0346444
-0.0334322
-0.0184354
0.00259309
0.0347668
-0.0330281
0.00380544
0.00137783
0.0481969
-0.0719035
0.0789816
0.0894147
-0.013954
0.0167911
-0.0726086
-0.103614
0.0427615
-0.017634
0.0514889
-0.0263423
0.00764036
-0.157572
-0.0748781
-0.0246462
-0.12725
0.043159
-0.0106767
0.0542735
0.0845854
0.0326308
-0.013537
0.0232503
0.0730521
-0.0554026
-0.0385065
-0.107076
-0.0726787
-0.0244365
0.000223971
-0.0803425
-0.100044
-0.0408491
0.108037
0.0143897
0.0243775
0.0239966
0.0386853
0.0418224
0.0455336
0.0410483
0.102098
0.00693646
-0.0811492
-0.0202352
0.0328418
0.0028133
-0.146233
0.0188762
-0.108421
0.0595504
-0.0499156
-0.0652726
-0.059264
0.066426
-0.106008
-0.170542
-0.118327
0.0244142
0.167785
-0.0858023
-0.120336
0.00284563
-0.0966863
-0.0917954
-0.0559085
0.123397
-0.0625275
0.10349
-0.0171098
0.098771
0.0686118
0.0426459
0.0196071
-0.0242117
0.197189
0.00989921
-0.0461016
-0.0642359
0.0758113
-0.0424942
-0.0364356
-0.0183781
-0.0559375
-0.156431
0.105593
-0.0608727
0.0117489
0.193799
-0.00612869
0.0187923
-0.00415347
-0.0239325
0.112157
-0.129214
-0.0548196
-0.27863
0.0580091
-0.178014
0.0867705
0.134121
0.0820265
-0.0451596
-0.0831596
-0.12755
0.0781348
-0.198756
-0.0463353
-0.0894631
-0.138505
0.153964
0.0543046
0.011773
-0.0313005
0.248584
0.0439419
0.0806536
-0.0268123
0.037533
0.0228939
-0.0661178
0.035611
0.0704735
-0.00454512
0.178482
-0.0167964
-0.018086
0.100506
0.0232619
0.0383525
-0.13454
0.0623052
-0.0522578
-0.0163943
-0.0413033
-0.0490259
0.12923
0.009828
-0.180312
-0.0916441
0.0895293
0.0521666
-0.000846064
-0.0333429
0.188944
0.0352869
-0.0208507
0.0487295
0.0110819
0.0145359
-0.000369387
0.0248922
-0.0168448
0.0713604
-0.0107089
-0.00854944
-0.00168484
0.0414338
-0.0504785
-0.131194
0.0465544
-0.0111271
0.0338011
0.0185409
0.142715
0.0713662
0.0880682
-0.091778
-0.053291
-0.168379
-0.0211978
0.00343082
0.0509098
-0.0600613
0.0712685
0.109203
0.0232876
0.131897
0.0486282
-0.0250258
-0.0765467
-0.0317954
-0.00130751
0.0412583
0.024363
0.03016
0.000252706
0.0551161
0.0335256
-0.05724
-0.0746123
0.0472952
0.00510332
0.01167
0.0560464
-0.160572
-0.00911418
-0.0838503
-0.103361
-0.00876391
-0.143839
0.0244445
-0.0778344
0.0889169
0.054041
0.137676
-0.0260542
-0.086993
0.0427577
-0.00751437
-0.128835
0.0663256
0.0454569
-0.0268033
-0.121826
0.0848002
-0.16916
0.0206025
0.10453
0.036052
0.0204043
0.0727077
0.0626007
-0.0129198
-0.0470828
0.00930454
-0.0573714
-0.0682097
0.118658
-0.0102859
-0.0245991
0.0202433
-0.0376554
-0.0356905
-0.00252222
-0.0104888
0.0555525
0.0712764
0.0182249
0.120906
0.007023
-0.0704529
-0.0540289
-0.0116388
-0.0226699
0.0295686
0.0138908
0.0326587
0.0572173
-0.0995652
-0.0632096
-0.0600126
-0.00763609
0.128057
0.0516891
-0.0427507
-0.069564
-0.0109539
-0.251414
-0.0173743
0.0746289
-0.156785
-0.136241
-0.0890339
0.0535383
0.139553
-0.126184
-0.0933804
0.0215295
-0.200265
-0.00434229
0.17616
0.0722838
-0.132555
0.0960758
0.0171088
-0.0770479
0.0342784
0.0571
0.0208286
0.0538157
0.0211277
0.00296113
-0.0071604
0.0536631
0.152502
-0.00289165
0.0227769
0.0747427
-0.0205759
0.0250912
0.0610314
-0.0944487
-0.0529459
0.0304948
0.11482
0.0469561
-0.093474
0.0270155
-0.0361469
0.0487073
0.0594527
0.0656587
-0.0854952
-0.28069
-0.0112269
0.0667266
0.0914151
-0.115658
0.057774
0.124336
0.1843
-0.0294273
0.117834
0.0326526
-0.0498754
-0.0109267
0.0774076
-0.0235112
0.00509453
0.00724298
0.0408034
0.00296874
-0.0349385
-0.12374
-0.0291231
0.075866
0.0943434
-0.00899897
-0.0101561
0.0518952
-0.0568973
-0.00553716
-0.0875097
-0.121291
-0.0230839
0.0955813
-0.00367183
0.00130689
-0.0366252
-0.0123215
0.0440746
0.0702037
0.00527763
0.0405298
-0.00394195
-0.00748223
-0.211481
-0.0225235
0.146799
-0.0295989
0.149578
-0.0299937
-0.0358755
0.0763085
0.08059
0.100042
0.121513
-0.0670797
0.00613379
-0.00478195
0.0604376
-0.0164157
0.00224621
0.0399746
-0.0910477
-0.0661528
0.147609
-0.0461585
-0.0474973
-0.0219596
0.0121015
-0.010014
-0.00856155
-0.031071
-0.0163589
-0.017437
0.0637178
0.11307
-0.0232883
-0.049372
-0.0391662
-0.0578144
0.0455964
-0.206788
0.125091
0.0656829
-0.0723594
-0.116685
0.0391848
0.166815
0.160682
0.0957553
-0.000305775
0.00509502
0.0676193
0.0583163
-0.0308309
0.0473157
0.0654291
-0.0163871
0.0774942
-0.152492
-0.0452033
-0.415917
-0.248403
0.0710813
-0.361615
-0.29666
0.0208879
0.0799749
0.11104
-0.258151
-0.360457
-0.829684
-0.325985
-0.0337097
-1.51511
0.366741
-0.82068
0.62101
-0.350392
0.191094
0.0739617
-0.336339
0.752779
0.329612
0.129999
-0.369802
-0.175629
0.186688
-0.308297
-0.00805869
0.0114019
0.391442
0.227724
-0.0719521
0.169462
0.0535576
-0.385865
-0.111889
0.164823
-0.0646373
-0.292007
0.127148
0.0396546
-0.198504
0.176661
0.154275
0.31563
-0.19082
-0.366336
0.110872
-0.11327
0.0883416
0.0772536
-0.164846
0.134726
-0.196063
-0.130229
-0.108599
0.459407
-0.254264
0.112093
0.0037398
0.0170358
0.235065
0.212277
0.240645
0.0688959
-0.17821
0.174471
0.255292
0.290379
-0.0784566
0.396181
0.0298059
-0.183794
-0.114686
-0.516649
0.0201775
-0.0459044
0.319928
-0.0221718
-0.119042
0.0324498
-0.0928467
0.125407
-0.331999
0.103417
-0.12721
0.137933
-0.0643304
-0.00557445
0.36837
-0.127635
0.204156
-0.145034
-0.163766
-0.122954
0.115677
0.14348
-0.101362
0.182759
-0.0172433
-0.0459937
0.0504077
0.0220404
-0.140282
-0.00703892
-0.122893
-0.171587
0.105155
-0.0556303
-0.295174
-0.171836
0.140917
0.0665878
0.0257444
-0.116879
-0.0106411
0.147671
0.292812
0.0446445
-0.0625582
-0.133569
-0.0901413
-0.0659424
0.0718644
-0.143391
-0.0160282
0.180259
-0.000984702
0.020518
-0.0454492
0.0594784
-0.231927
-0.0180665
0.0572751
0.0130973
-0.0233071
0.129281
-0.179063
0.0943059
-0.0309556
-0.0803309
0.0113716
0.121399
0.105749
-0.0346552
-0.223241
-0.348676
-0.0655131
0.00841928
-0.0162435
-0.0227552
0.243235
-0.115365
0.00446754
0.0209708
0.035298
0.122717
0.142734
-0.0376996
0.118969
-0.060099
0.000143865
-0.109648
0.0600359
-0.145342
0.0481032
0.0153612
0.0973353
-0.168592
-0.021884
0.141419
-0.140978
-0.216543
-0.269564
-0.097159
0.0628112
0.204643
0.248941
0.0447778
0.207652
-0.0780019
0.822527
0.332248
0.10616
-0.0872445
0.0744054
0.256782
-0.0651491
0.0593123
-0.0644811
0.0599696
0.00413557
0.200944
0.0263676
-0.0738818
0.105676
-0.13985
0.0787167
0.0978153
-0.0244801
0.147912
-0.0569933
-0.0581707
0.00935437
-0.0645651
-0.146752
0.0959036
0.0142391
-0.0158361
0.0170627
-0.143294
-0.312956
0.183687
0.174195
0.0468457
0.05422
0.0235144
-0.0249859
-0.0994579
0.0315343
-0.00951163
0.314833
0.0424233
0.0260815
-0.0598861
-0.0138894
0.018196
0.0135058
-0.170695
0.0288138
-0.0674025
0.00621834
-0.100453
-0.106075
-0.174603
0.0852346
-0.14187
0.101108
-0.223081
0.0522897
0.19396
0.0775513
0.1361
0.112749
0.00523315
-0.14461
-0.044042
-0.0345278
0.0216249
0.182715
-0.0609274
-0.038092
-0.0798481
0.115364
-0.0484513
0.170986
0.0211843
0.0581166
-0.112195
0.184429
-0.0266525
-0.0317649
0.0296105
-0.0807658
0.188159
0.0615802
0.0338865
0.0792144
0.0597536
-0.0105325
0.0257906
-0.0674504
0.0291452
-0.153763
-0.177595
0.0559348
0.0634432
-0.0405858
0.104982
-0.00728651
0.120735
-0.0177349
-0.00277428
0.0662323
-0.0431756
0.0468809
-0.0837039
-0.0388341
-0.00879368
0.073977
-0.0195804
0.0487633
0.113018
-0.293543
0.0711227
0.159546
-0.0442248
0.0961873
0.0627773
0.0488601
0.0267949
-0.009298
0.0888835
-0.0714285
0.154401
0.0160446
0.0853597
0.0934992
-0.173294
0.0227842
-0.0461782
0.198109
0.0109282
0.0308624
-0.124025
0.0589175
0.0869699
0.00162959
0.00347558
-0.0128222
-0.01175
0.0418236
-0.0824345
0.0445074
-0.00977661
-0.0418052
-0.0593506
0.0825124
-0.0109733
0.00278542
-0.0243851
0.07765
0.0823326
-0.0544519
-0.030923
-0.00684853
-0.181411
0.0233599
0.00176747
-0.110178
0.133127
0.0230061
-0.201354
0.00157049
-0.105886
0.125104
-0.0276123
0.0434524
-0.0961528
-0.00712379
-0.233584
0.145262
0.0455514
-0.139225
-0.0420675
-0.152808
-0.0243876
-0.243385
0.0675885
0.246984
0.0637627
0.110042
0.0663148
-0.0869849
0.0395804
0.0600458
-0.126677
0.0952148
0.0160853
0.0228855
0.0494629
0.0479807
-0.0147648
0.0372645
0.0859316
0.00400998
0.0226929
-0.0816677
-0.0684568
0.117181
-0.0760954
0.0147046
0.0590493
-0.0217674
0.0321321
-0.0947959
0.0331184
-0.0610567
-0.0239803
0.162397
-0.0112837
-0.131532
0.0206353
0.0137258
-0.062933
-0.0431991
-0.120373
0.137969
-0.0410319
-0.166052
0.113179
0.0310953
-0.121152
0.115558
0.0596663
0.0774659
-0.00428169
0.145225
-0.262784
0.124656
-0.0940281
0.00363723
-0.00886807
0.153171
-0.172184
0.211759
-0.00870643
-0.0627312
0.0413796
-0.0611767
0.0489152
0.0804046
-0.0680313
0.0672532
0.0239811
-0.0819503
-0.0424634
0.0162672
0.090055
-0.0326029
0.0594509
0.0352808
0.136952
-0.0840541
-0.0826846
0.00959592
0.10032
-0.0657097
0.00455205
0.0734494
-0.054404
-0.0125461
0.0163948
-0.0612048
-0.0519032
-0.100802
-0.169914
0.077499
-0.00703091
-0.0262849
0.0555554
-0.508401
0.0622855
-0.179119
0.176043
-0.181222
-0.0714526
0.237401
0.14095
-0.0952002
-0.0933767
-0.0470174
-0.0449563
0.0668218
-0.1243
0.12609
-0.0819579
-0.0836057
0.174557
0.0849551
0.122896
0.0679633
0.0771767
-0.0174974
0.0461136
0.0542491
0.0394145
-0.00568615
-0.00102385
-0.0434394
-0.0514358
0.0561194
0.0164325
0.0529932
-0.0116889
0.036395
-0.0648232
-0.0076325
0.0451406
-0.136958
-0.323651
0.0730297
0.164568
0.0990416
-0.111114
0.00346057
0.131401
-0.0154817
-0.0273523
-0.115866
-0.0360399
0.13486
0.196114
0.0448891
-0.0996372
-0.258247
0.166788
0.0219992
-0.0759412
-0.0939692
-0.118393
0.00506416
-0.0627169
-0.290429
0.345372
-0.00872343
-0.34922
0.160883
-0.379169
-0.369346
-0.0993142
0.179937
0.476307
-0.115573
0.0898139
0.112724
0.0020643
0.173687
0.0376361
0.00665494
-0.0337959
0.11614
-0.188878
-0.0280158
0.030657
0.0419258
0.293304
-0.0745698
-0.124151
0.0691497
0.0200887
0.119576
-0.165098
-0.0173456
0.162826
-0.0248962
-0.00815708
0.0462905
0.0937824
-0.00574944
0.0864666
0.0512965
-0.185843
-0.0902084
-0.15905
0.0453982
0.0406124
0.0842288
-0.17415
0.181138
-0.10497
-0.0777084
-0.134515
-0.222107
0
0.210805
-0.135895
0.166524
0.0186918
0.144987
0.000825856
-0.0834009
0.0929523
0.165167
0.00625833
0.148352
0.145688
0.0503189
-0.00313473
-0.0891904
-0.118533
-0.00354462
-0.0220964
0.126987
0.00599619
0.00124404
-0.149827
-0.374975
-0.250141
-0.143907
0.133367
-0.118873
0.0835926
0.17049
-0.0609871
-0.110129
-0.0479948
0.168439
-0.00181965
0.090459
-0.156921
-0.109661
0.0951171
-0.0175053
-0.251111
-0.0135781
0.216422
-0.0273689
-0.0434259
-0.0626868
-0.0875962
-0.178553
0.179812
0.021623
0.201397
-0.119105
-0.0201975
0.0484305
0.0421387
-0.0198079
0.0676796
-0.0487004
0.0877654
-0.0875551
0.0145841
0.0556686
0.0233083
0.00842668
0.127151
0.0475146
0.0490859
0.032511
0.024326
0.0316032
0.100243
-0.0909918
-0.00533646
-0.10997
-0.0641286
-0.0708617
-0.0327536
-0.0145238
-0.152113
-0.0925661
-0.0122735
-0.118116
-0.10209
0.160378
-0.0880291
-0.0260811
0.0174543
0.0772224
0.145834
0.198683
-0.160291
-0.0104221
0.0370483
-0.125451
0.0106397
-0.151393
-0.0011432
-0.124627
-0.249
-0.0993912
-0.0839903
-0.0047018
-0.192785
0.0909673
0.128387
0.309552
-0.152787
-0.0911808
-0.0992783
-0.0315143
-0.0779995
-0.129659
0.120002
0.045753
0.23362
0.071597
-0.0364596
0.0798533
-0.130087
0.1772
0.14785
0.0966462
0.0639579
-0.00580896
0.0504002
0.0532733
-0.0380772
-0.125905
0.0933499
0.0246464
0.0458613
0.051748
0.114756
-0.0432251
0.0840848
0.026781
-0.106816
-0.0752074
0.107741
0.0742823
0.165445
0.00744468
0.0680653
0.0339191
-0.111591
-0.00132169
0.049265
0.0533061
-0.0301361
-0.014923
-0.0457431
-0.0498124
-0.0790767
0.0775085
-0.0366206
0.082959
0.0394289
-0.17106
-0.130206
0.0299337
0.0593066
0.142049
-0.0364418
-0.00362731
0.00120925
-0.0140363
0.0721493
-0.107837
0.169438
0.0330409
0.191547
0.0556871
0.108039
-0.00712808
0.0204508
0.0155972
0.115984
0.0605316
-0.0119756
0.0217662
0.0481382
-0.158185
0.141268
0.0289996
0.0256823
-0.0107115
0.0868116
0.0271886
-0.0120379
-0.0169217
0.0707036
0.143609
-0.00444317
-0.0722339
0.0144014
0.0596751
0.0175412
-0.137359
0.101377
0.0572714
0.0340554
0.0349048
0.00614137
-0.0555379
-0.0315538
-0.0861887
0.064007
-0.0326587
0.121843
0.085842
-0.0766132
0.00471845
0.145707
0.0493276
-0.105592
0.0582715
-0.0454226
-0.147745
-0.357527
0.220896
-0.446438
0.148564
-0.194106
0.129671
0.241924
-0.0444108
-0.043717
-0.199866
0.128373
0.0428002
0.14033
0.149255
0.0275494
-0.0816757
0.0281343
0.07745
0.0621538
-0.0804317
0.0442851
0.0336764
0.0566598
0.0166476
0.0461693
0.0770751
-0.0463431
-0.0374209
-0.0097758
-0.124195
0.00365906
0.0224631
-0.0793296
-0.173557
-0.00583742
-0.0365337
0.114014
0.0697224
-0.0305526
-0.0168929
0.0164573
0.0557098
-0.0353664
-0.0109825
0.021953
0.00162825
0.0415932
0.0576619
-0.0409219
-0.112315
-0.0518612
0.0819354
-0.0119535
-0.0137566
-0.128778
0.128778
0.162083
