0.468249
0.0289287
0.0895203
-0.0867252
-0.11289
-0.221967
-0.166096
-0.4764
-0.0582071
0.113524
-0.129551
-0.361415
0.237501
-0.0767819
-0.0789722
0.299312
0.0139337
0.237979
-0.328637
0.00572276
-0.235763
0.261216
0.323111
-0.0372384
0.415256
0.268184
-0.180065
0.0143719
-0.0527984
0.0819579
0.0452436
-0.457939
0.0540743
0.103363
-0.370099
-0.249531
-0.0396722
-0.00418519
0.37436
-0.0429348
-0.352378
-0.218938
0.404918
-0.345602
-0.0561004
0.0795159
0.526478
0.216006
0.0251374
-0.0825491
0.23594
-0.148961
-0.0335157
0.216837
-0.222269
0.0841147
-0.191386
0.155564
0.0338626
-0.132171
-0.325449
0.259203
0.323545
0.479419
0.0101411
-0.0059912
-0.0828613
0.0819392
0.147364
0.350412
-0.133359
0.199813
0.28396
-0.455806
0.113723
0.373799
0.062712
0.100193
0.0327618
-0.336831
0.206813
-0.0348747
0.235442
0.0385705
0.218738
-0.0723825
0.113168
-0.218246
-0.154124
-0.294213
0.120412
0.0960477
0.177486
0.136034
-0.0511012
-0.173076
-0.00372401
0.0173669
-0.00909316
-0.0235981
0.0467281
0.311129
-0.0585594
-0.293496
-0.0190737
0.0240435
-0.0398275
-0.010814
0.210829
0.199688
-0.0625027
-0.180879
0.0538755
-0.203132
0.0323491
-0.3065
-0.0170926
0.337248
-0.0509899
0.0716433
0.213517
-0.114561
0.218235
-0.22641
-0.0262048
-0.102197
0.0136592
-0.0972617
-0.0133746
-0.0583043
0.137455
0.11059
0.317859
0.0357143
0.200395
0.0321737
0.10012
0.0141667
0.203756
-0.0127546
-0.180676
-0.0179805
0.0614588
0.228373
0.0267459
0.153878
-0.159444
-0.0211798
0.0130104
0.177472
-0.0717873
-0.187747
0.121363
0.139631
-0.127428
-0.193674
0.174807
-0.0359813
0.18264
0.264301
0.0926751
-0.0557852
-0.12828
-0.0201034
0.177727
-0.15368
-0.162999
-0.178675
0.0764928
0.146175
0.144784
0.0299904
0.169319
-0.0435577
0.0361944
-0.0376026
-0.000352094
0.0698236
0.0484837
-0.0470852
-0.0645345
0.09804
0.0135796
-0.216318
-0.0238515
0.137342
-0.0836677
-0.0597356
-0.199553
-0.131472
0.0822355
0.183312
-0.0572407
0.109514
0.0402716
0.120905
-0.0691117
0.24501
-0.0127831
0.0151997
0.141895
-0.0173715
-0.0338075
-0.129105
0.0611454
-0.132434
0.0885992
-0.0955814
0.175513
0.0792977
-0.130215
-0.134729
0.197649
0.0717192
-0.0293085
0.191667
-0.0187674
0.0808504
0.0521051
-0.0225345
0.0858885
-0.0905342
0.0149251
-0.154638
0.00841114
0.229398
-0.0785327
0.0578046
-0.310414
0.135988
-0.155031
0.189827
0.0320118
-0.0266693
0.122424
0.00230798
-0.109722
-0.0954477
0.0231921
0.0258177
0.0411035
-0.0696074
0.0899296
-0.113128
-0.0929956
0.108467
0.107303
0.00996976
0.0344851
0.0175285
-0.103965
0.15012
0.0537971
0.0156909
0.0712789
0.0398117
-0.0986861
0.0442695
0.0615207
-0.0839565
0.0487093
0.0339559
-0.172915
-0.0536848
-0.0493272
-0.0262524
-0.0563927
0.0357412
-0.0944731
0.151328
0.13469
0.0567553
-0.0107392
-0.198958
-0.129375
-0.00807863
0.0523948
-0.068909
0.0749369
-0.135836
-0.0999309
0.113835
0.106185
0.0368164
0.104355
-0.0168754
-0.110892
0.0167291
-0.0590111
0.0763797
0.18647
0.0695275
0.091313
0.0280036
0.124261
0.0487698
-0.0205556
0.110189
-0.0253931
0.0937273
-0.0345768
0.0677948
0.0500836
-0.0643507
0.014577
0.0324892
0.0790786
-0.0263925
0.0569942
-0.033667
-0.000613177
-0.0291693
-0.0224723
0.146542
0.0982193
-0.0246906
-0.0477472
0.0751441
0.0285213
-0.0216087
0.032695
0.00927908
-0.0383694
-0.0783939
0.127528
-0.120871
-0.0561194
0.247572
0.0169012
-0.244416
-0.0441179
0.181007
-0.0293906
0.0422593
-0.283315
-0.28841
-0.244266
-0.37089
0.611356
-0.11342
0.175321
-0.222854
0.0318211
0.0932706
-0.302105
-0.233729
0.0638638
0.0019996
-0.250709
0.263031
0.23323
0.00780057
0.0201233
0.00356604
0.0765248
0.157649
-0.172457
-0.124145
-0.0641321
0.233595
0.205041
-0.00785731
0.147934
0.0983407
-0.00982137
0.00337719
0.0700491
0.0613853
-0.00818318
-0.0981117
-0.242357
0.0381991
-0.322337
0.100194
-0.245185
0.0251828
-0.0169996
0.276863
0.107627
-0.0463906
0.12667
0.0212162
0.267847
0.016675
-0.0781575
-0.187371
-0.0171241
-0.0499829
0.138092
0.200903
-0.0464263
0.0340064
0.000909298
-0.0574478
-0.0198337
-0.00947303
0.229395
-0.00298838
-0.0152546
0.0388385
-0.0796316
0.0736663
-0.0935231
-0.257774
-0.0573334
0.0557882
0.0843289
0.114273
0
-0.149888
-0.174678
0.00688339
-0.167796
-0.0859279
0.100866
0.119648
-0.0882563
0.00949337
0.337423
-0.030627
0.0559763
0.0441314
-0.0413865
0.0983167
0.0791017
0.0248343
0.103754
0.0265824
-0.0206691
-0.0156779
0.0289701
0.0869954
0.023091
-0.0673758
-0.0918318
0.192726
-0.0627565
0.0449912
-0.0312386
0.024532
-0.0365279
-0.110983
0.168782
0.010473
-0.0559834
0.00584624
0.0623418
-0.0113324
0.133715
-0.0333334
-0.0444253
0.0124243
-0.0158943
0.0199362
0.144997
-0.0610663
-0.00629903
-0.0169125
-0.0336231
-0.110281
-0.0119403
0.0322933
0.0394249
-0.0545403
0.160447
-0.0732667
0.0549286
0.0685952
-0.059422
-0.0200774
-0.0766641
0.0829785
-0.182418
0.028887
0.168154
0.0300382
-0.02746
-0.165198
0.0944852
0.0827353
-0.00515095
-0.072105
0.0342501
0.237643
0.106054
0.0338119
-0.0188319
0.0406656
-0.0301376
-0.0884469
0.0420959
0.0858707
0.080763
0.0177681
-0.0161266
-0.00328317
0.0164051
0.110576
-0.0159539
-0.00649702
-0.00677222
0.00108386
0.0489223
-0.0632931
0.195611
-0.0715662
-0.101819
0.0537324
-0.0640257
0.166901
0.00879168
-0.0141237
-0.0162803
-0.0315686
0.0582438
-0.196114
-0.163794
0.109312
-0.0355736
0.0404892
0.165709
-0.0481838
-0.102793
-0.0546733
-0.00328992
-0.146395
0.0499599
0.0168744
0.0287039
-0.0696944
0.0158068
-0.0711885
0.103556
-0.030705
-0.0882117
0.0251235
-0.133597
0.0538219
-0.0315253
-0.0245572
-0.13687
0.0403163
0.120829
0.112698
-0.0592743
-0.117343
0.0796952
0.0303542
0.0623857
0.0297963
0.0457743
-0.0741763
-0.150307
-0.108149
-0.2433
-0.0706155
0.166324
0.148164
0.145436
-0.0101572
0.0577019
0.126061
0.00637234
0.0425627
-0.0157326
0.0849922
-0.0213863
0.0866327
0.0491308
-0.0154461
0.0538225
-0.0891399
0.0317913
-0.0290702
-0.151603
0.0556445
-0.0683594
-0.0374091
-0.153025
0.098183
0.188317
0.0183373
0.0868494
0.0148981
0.0515653
0.0349453
0.00429254
-0.0761975
-0.0626298
-0.00979592
0.0886293
-0.00377847
0.0819952
0.0366129
-0.0679874
0.00885918
0.0452471
-0.142049
0.00352175
0.0688308
0.00430304
-0.239185
-0.0231596
0.103799
-0.0894554
0.0708619
-0.00547525
0.0467169
0.0578877
-0.217236
-0.0496954
-0.234
0.0749344
-0.159912
-0.0634154
0.145544
-0.160881
-0.112127
0.0470424
-0.155406
0.215856
-0.154462
-0.157783
0.121819
0.0453756
0.252833
0.144563
0.0228584
0.0685434
0.00867485
-0.0704554
0.14014
-0.117068
-0.164918
-0.0409408
0.0791534
-0.149689
-0.114486
-0.227897
0.175742
0.151606
-0.0417537
0.0495632
-0.0446248
-0.0857498
-0.0640613
-0.0310023
-0.0230926
-0.235121
-0.265994
-0.323028
-0.465461
0.0229033
-0.528456
0.320413
-0.237407
0.344349
0.239754
0.129225
-0.113974
-0.00497059
-0.638096
-0.191542
0.10033
0.175294
0.140198
-0.132144
-0.00420153
0.247652
0.0361479
0.268349
0.0611198
-0.293451
-0.475462
-0.0142379
0.336926
0.00791807
-0.348406
-0.262831
0.14779
0.138886
0.337973
0.039786
-0.316802
0.216002
-0.124908
-0.481619
-0.037913
0.0613984
0.551874
-0.204993
0.245493
-0.206625
-0.0889115
-0.392221
0.342999
0.227311
-0.0139909
0.287055
-0.0125921
0.133953
-0.209498
0.213529
-0.150252
0.0645734
-0.0516253
-0.0721087
0.2867
0.15215
-0.036503
0.0732003
0.430174
-0.0200703
-0.316677
-0.458799
0.193842
0.153854
0.0747478
-0.171869
0.0237914
-0.222936
-0.0297428
0.311255
-0.117829
-0.0545976
-0.00534259
-0.148051
-0.0758804
-0.360982
-0.0159481
-0.184713
-0.013377
0.0332286
0.393136
0.0663421
0.464308
-0.114072
0.075202
0.128222
-0.110415
0.00625772
-0.233847
0.0510994
-0.209064
0.152908
-0.185146
0.0759705
-0.075627
-0.024074
0.259331
0.0120712
0.109648
0.11272
-0.0440139
-0.0713581
0.069712
0.108389
0.137469
0.189967
-0.103923
-0.0274279
-0.0554036
0.15139
-0.0104439
0.0643881
-0.0501491
0.0444845
0.106149
0.0335821
0.0886972
-0.0252619
0.0777377
-0.0851435
-0.0532361
0.181748
-0.0253261
-0.137199
0.0762149
0.248036
0.0284461
0.115051
-0.0376102
-0.0139547
0.0127678
0.0192693
-0.0988133
0.0777634
-0.0371676
0.12581
0.0501769
0.0984455
0.103224
-0.0454259
-0.0911847
-0.016298
0.0375039
-0.0584976
0.0718371
0.00782144
0.0245832
0.00519811
-0.0672057
-0.359834
0.0525898
0.247774
0.0169442
0.00321032
0.120658
0.0809721
0.0362531
0.0162285
-0.0153737
-0.146084
-0.118073
-0.112085
0.0519328
0.186894
-0.0556152
-0.105707
-0.206731
0.141644
0.113699
-0.0392226
-0.3349
-0.0471176
-0.222762
0.1063
0.209873
-0.185241
0.0750582
0.177574
-0.175133
0.03138
0.0998798
-0.410981
0.162165
0.143764
-0.0677927
0.189996
0.0273212
-0.0722177
0.0572153
-0.251461
-0.0215776
-0.141088
-0.0187958
0.101391
0.0479959
-0.246432
-0.0450608
-0.132223
-0.307958
0.19452
0.24598
-0.261638
0.103281
-0.0187581
0.00906002
0.170281
-0.148958
-0.0898001
-0.210285
-0.109682
0.040602
0.31869
-0.0794611
0.0512011
0.0276113
-0.132249
-0.0500891
0.0629005
0.0311389
0.176146
0.137004
-0.055023
-0.242103
-0.0563585
0.104925
-0.122356
0.392777
0.0429497
0.15044
-0.00869565
-0.00714852
-0.117908
-0.0406665
0.0786613
-0.0323335
-0.114157
0.156828
0.0655331
-0.100346
0.066073
0.165907
-0.0801336
-0.196875
-0.00473507
0.0557315
0.168751
0.100451
0.0576019
0.00607607
-0.0304173
-0.0696995
0.196835
-0.0174609
-0.00150668
0.0315928
0.0479502
-0.0428446
-0.0204382
0.00992377
-0.0557608
0.0259599
0.11182
-0.0616012
0.0101934
-0.192113
-0.060051
0.00890787
0.0548081
-0.20328
0.0388773
-0.0672753
0.0570264
0.044955
-0.118558
0.0287572
0.189222
0.122372
-0.0275703
0.0761632
0.0782765
0.00179228
0.246343
-0.0452721
-0.0796489
0.0500384
-0.0588947
0.00708571
-0.014472
0.0515898
-0.141548
-0.0205992
-0.0864403
0.11181
-0.0101402
-0.0364702
0.0242287
0.103431
-0.116286
-0.0579016
-0.114384
0.0316014
-0.0556732
0.041708
0.0729499
0.0370276
0.0437742
-0.145552
0.0157724
-0.163783
0.0193903
0.0564176
0.0375372
-0.0326464
0.0408674
-0.0512634
0.0943892
0.0631374
-0.0482991
0.0897705
-0.140737
-0.0203985
-0.0375567
0.00367029
-0.00979042
-0.013784
-0.123367
-0.0979208
0.215155
0.0297068
0.00214038
0.0725016
0.093052
-0.0304185
0.0349282
-0.022569
0.142678
0.0148386
0.0263583
0.00118301
0.0310041
0.0605492
-0.00293083
0.0543734
0.0311459
-0.0355199
-0.104965
0.0596543
0.032469
0.0512672
0.0156772
-0.00957757
-0.00145195
0.0243648
-0.035988
0.217994
0.00625658
0.0493464
-0.047925
-0.0344548
0.0153912
-0.00313332
0.0409406
0.00765773
-0.0332259
0.0278378
0.0534693
0.000564286
0.0652421
-0.0291938
0.016853
0.0492722
0.0831542
0.0174329
0.00608054
0.0798089
-0.047258
0.0708036
-0.122438
0.102181
0.00712192
-0.0598722
0.0782015
-0.018877
0.0404461
0.0928421
-0.0254322
0.0267832
0.0205123
0.0711957
0.0536652
-0.103583
0.111569
-0.0325126
-0.140859
0.112792
0.0464682
-0.0170667
0.0205298
0.0962196
-0.0486567
0.00397546
0.0549641
0.0186928
-0.0800184
0.0124541
0.0919965
-0.0323263
-0.0620538
-0.118572
0.0515982
-0.107776
0.0575178
-0.00375275
-0.00134061
-0.00187715
0.0662909
0.0666483
-0.0482824
-0.15112
-0.127428
-0.0221733
0.0772563
0.132638
0.019303
-0.0750074
-0.073943
-0.0892948
-0.16762
-0.0111635
-0.00586584
-0.0111826
0.2429
0.0403237
0.142547
-0.000536136
0.0350563
0.0298747
-0.0392288
0.0706076
0.020953
0.0256672
0.102015
0.0438506
-0.00651322
0.00989841
0.0441628
0.0287308
0.0656923
-0.00513677
0.0333419
0.0447085
-0.235742
-0.0418454
0.102212
0.0988663
-0.160538
0.0268492
-0.0770913
-0.0504959
-0.00632995
-0.1762
0.0535606
-0.00454151
-0.0726769
-0.0499185
-0.0335989
0.0292699
0.105525
0.0216667
-0.13423
-0.290425
-0.243825
0.148021
0.127536
0.133611
-0.081224
0.107788
-0.0123148
-0.0527141
0.168149
-0.0515633
0.111476
0.0945336
0.0109221
0.129355
0.00210239
0.0330544
-0.0120548
-0.000786689
0.0562233
0.0101649
-0.0616689
0.0324497
0.101637
0.0129229
-0.0377818
-0.00466793
0.0656689
-0.0121189
0.116963
0.00637308
0.0203666
-0.0704408
-0.0251314
0.0519881
0.0410406
-0.000763194
0.0418894
0.0255551
-0.123827
0.0787456
-0.0180389
-0.0351548
-0.140574
0.0829902
0.0489036
0.0112319
-0.157111
-0.059787
0.057195
-0.0629325
0.140145
0.054387
0.0433995
0.0231543
0.035771
-0.00354601
0.149108
0.0221882
-0.0119605
-0.00873025
0.0874561
-0.0282402
0.0168546
0.0850775
-0.00810661
-0.0789523
0.0541003
-0.109242
0.0444848
-0.0400025
-0.0784808
0.0625346
-0.0597748
-0.0253683
-0.0352707
-0.0429967
-0.0475109
-0.0543931
0.186959
0.0466365
-0.0561912
0.0609429
0.00200005
0.0024995
0.135286
0.061941
0.0613162
-0.0520091
0.0546876
-0.054198
-0.029419
0.00785353
-0.000490665
-0.0469698
-0.0313538
0.0237096
-0.0395472
0.0784473
0.0181671
-0.0149732
0.0468086
-0.048774
-0.0517293
0.0828839
0.0566629
0.0643323
-0.0344209
-0.0362456
-0.0322203
0.0533998
0.0565021
0.0101511
0.0383359
0.034593
-0.0456688
-0.0214642
-0.171182
-0.0265598
-0.0575417
0.0410292
0.0560804
-0.0822604
-0.0168309
-0.0995826
0.00500275
0.102751
-0.0292499
0.0810942
0.194593
0.0635519
0.0845883
0.0904833
-0.0101445
-0.0487425
0.0194308
0.0257705
0.00424929
0.00943641
0.0533836
0.00093813
-0.0350049
0.133022
0
0.0419463
-0.0101807
-0.00880078
0.0337713
-0.11076
-0.170731
-0.0418899
0.0349996
-0.0648579
-0.0373886
0.00624115
-0.134807
-0.037283
0.0879885
0.138904
0.0419158
0.0336908
0.135976
-0.0212858
0.000234156
0.0362281
0.0569974
-0.0798877
0.0764074
0.026883
0.0461809
0.178095
0.00904814
0.00881406
-0.0314498
0.0201483
-0.265148
0.201168
-0.00068285
0.0728018
-0.104263
0.000456673
-0.00342556
-0.0892484
-0.0577809
-0.0672135
0.155139
0.0561342
0.0150682
-0.0627047
-0.0144733
-0.127485
0.11253
0.0197815
-0.0559954
0.0398972
0.133064
0.0735422
0.0191452
-0.052342
0.0228205
-0.0870418
0.00295915
0.0531155
-0.060629
-0.105555
0.0027618
-0.128072
0.100419
0.00484468
0.190304
-0.090702
0.0859487
-0.0199433
-0.0195286
0.0875799
-0.0291082
0
-0.00519874
-0.0115373
-0.0256105
-0.0667132
0.103183
-0.00407074
0.0900724
0.0489731
0.00914189
0.0431438
-0.0467103
0.00267505
0.00512518
0.0251421
0.026409
0.0258973
0.0181103
0.0160951
-0.00925702
0.0475165
-0.00592723
-0.0299092
0.0138661
-0.0462954
0.104849
-0.00437417
-0.0431881
-0.00747269
-0.0641869
-0.0793117
0.00646621
-0.0245492
0.0590393
0.0684047
0.0215973
-0.125384
-0.0355074
0.0475378
-0.00267219
0.0484338
0.0342947
0.162345
-0.0485803
-0.0297437
-0.107462
-0.0188364
-0.150631
0.0173238
0.137742
-0.0812551
0.116446
-0.100142
0.0389769
-0.0360762
0.0888421
0.00420043
0.0465286
-0.0165138
-0.0271418
-0.0119392
-0.0123965
-0.120557
-0.133836
0.000908802
0.0371899
-0.159251
-0.0694648
-0.0436327
0.18802
-0.0359018
0.0657597
-0.0405921
-0.0132623
0.116018
0.0563839
-0.0164313
0.0729463
-0.019251
0.0825621
0.0259663
0.0137326
-0.100103
0.022778
-0.0158498
0.0064769
0.0729654
-0.00332524
-0.0674077
0.0149445
-0.0632765
0.00717505
-0.0350271
0.042197
0.0154426
-0.0020129
0.0777607
0.0544502
0.0205079
-0.0196249
-0.0933581
0.025366
-0.115332
0.0229039
-0.0260516
0.0638851
-0.144036
-0.198262
0.10603
-0.029557
-0.215711
-0.0528946
-0.0652685
-0.154693
-0.0667249
0.109283
-0.27437
0.00221918
0.301618
-0.01652
0.240536
0.0973051
0.125463
-0.0231325
0.0128326
0.158357
0.0656035
0.0460243
0.121192
-0.0822595
0.00421786
0.0908063
0.0114303
-0.021993
0.0544542
0.0465336
-0.0932847
0.0808532
-0.0365112
0.0166324
0.0755904
-0.0269466
-0.0254922
0.150053
0.0614899
0.0702385
-0.0616984
0.0513002
-0.0374381
-0.0604942
0.00128637
0.103438
-0.101723
0.165384
-0.0352704
-0.108061
0.01923
-0.00277538
-0.171206
-0.105685
0.0162309
-0.0357869
0.25215
0.0718029
0.0687536
0.0563049
0.0490865
-0.0838443
0.0137069
-0.036946
-0.22048
0.237809
-0.0697088
0.0675972
0.06987
-0.19889
0.134299
0.0568291
0.0535858
0.0928828
0.0550716
0.133627
0.0804549
0.116099
-0.138876
0.163126
0.0497075
0.0319514
0.0232092
0.0956103
-0.061093
0.0647896
0.0825234
-0.0423389
0.0820017
-0.0441009
0.205925
0.0937172
0.0168435
-0.0890297
0.136227
0.0490133
0.00111115
0.0866589
0.0267674
-0.018693
0.0347922
0.0290228
-0.035057
-0.15465
-0.0208268
0.0458729
-0.0535079
-0.0236867
-0.116071
0.122418
-0.0022396
0.0335414
0.128462
-0.0781744
0.150638
0.0344009
0.0281243
-0.0701859
0.034609
-0.0393543
-0.114014
-0.0518356
0.148675
-0.0721269
0.0139888
0.0427653
0.131006
-0.0480182
0.0722116
0.0293506
0.017246
0.0130943
0.0481041
-0.106713
-0.195001
0.117529
0.1061
0.050574
-0.0864173
0.0559601
0.135271
-0.2196
-0.250473
-0.0256377
0.0406554
-0.224636
-0.0976751
0.00573833
0.168004
0.00902171
-0.116021
0.102109
0.00620633
0.0395921
0.0848466
0.00705363
0.0277948
0.0288249
0.0116173
-0.0751049
0.135005
0.0086064
-0.12506
0.0222161
-0.0736874
0.0202857
-0.107855
-0.120437
-0.106705
-0.0169325
0.133144
-0.0207349
-0.0605478
-0.20947
0.103154
-0.0937677
-0.0340669
0.247744
0.0967221
-0.0627247
-0.0445256
0.0428094
-0.284929
-0.0940362
0.208557
-0.0663678
-0.0371711
-0.15884
-0.0765629
0.0236511
0.196452
0.238966
0.157454
-0.00339668
-0.084723
0.199941
-0.0048521
0.109161
-0.0797112
-0.0989431
0.00187949
-0.0435066
-0.202682
0.0484216
0.0582936
0.0338642
0.0621026
0.0299664
-0.0324204
0.0937686
-0.0243441
-0.0579145
0.153266
-0.112804
-0.231804
0.123601
-0.0277583
0.0273785
-0.0403334
-0.190145
-0.140683
-0.256266
-0.465114
0.361884
-0.118352
0.277827
0.0365206
-0.0288844
-0.21215
0.0137378
0.20544
-0.231702
0.0659339
0.108193
0.123001
-0.0835082
-0.0415122
-0.134173
-0.00716574
0.0937711
0.0184466
-0.184984
0.0684645
-0.237823
0.00356645
-0.273017
0.242346
-0.187743
0.0115701
0.184375
-0.0715216
0.044998
0.29533
0.0161543
-0.0386911
0.0723471
0.119629
-0.0056355
-0.127442
-0.106392
0.0716672
-0.0143334
0.038449
0.0669321
-0.0555077
0.189043
0.142038
0.013798
-0.0743395
0.051069
-0.0031595
0.0348965
0.0408533
0.0418583
0.127232
-0.0208358
0.0281565
-0.0715103
-0.0798431
0.080425
-0.129817
-0.0826687
0.0379665
0.196606
0.00638428
0.0106314
0.050874
-0.0151965
-0.168508
0.10904
0.0744732
0.0138302
0.10768
-0.00721871
0.0407742
-0.175654
-0.0996921
0.0651544
-0.236451
-0.0754885
-0.0519804
-0.217014
-0.0950879
0.230995
0.0199857
0.0857461
-0.0934126
-0.0228327
-0.0309984
0.200887
-0.0620445
0.119357
-0.0112779
-0.321057
-0.0537041
-0.229518
-0.0747249
-0.0241833
0.0337133
0.0382402
-0.183226
-0.266613
-0.0158937
0.180619
-0.306449
0.144149
0.339927
-0.0286026
0.128494
-0.0596878
-0.175828
0.140739
-0.0617583
-0.157718
-0.102877
0.153705
-0.0288575
-0.439077
-0.0352533
0.193826
-0.278255
0.264614
0.335778
-0.0507626
0.320389
-0.0137002
-0.048417
0.194148
-0.122136
-0.233321
0.208461
0.063503
0.0301382
0.126464
-0.0645898
0.0118313
0.101955
-0.039503
-0.0661871
0.0484423
-0.0827419
0.205687
0.0459967
-0.102253
-0.0460584
-0.0177396
0.0173275
-0.0597412
0.0324988
-0.0503456
-0.116156
0.0111308
0.198265
-0.0526116
-0.0431205
0.00789168
-0.165781
0.101846
-0.129533
0.211927
0.0240076
-0.0173791
0.147993
-0.0509334
-0.0234058
0.00369929
0.184855
0.0428732
-0.0584173
-0.0990791
-0.0286065
0.0155394
-0.00204328
0.00163465
-0.184347
-0.0417102
-0.101242
-0.0882109
-0.0386245
0.118176
0.0158346
-0.0412224
-0.0825308
0.0899422
0.070451
-0.0155662
0.0443208
-0.119971
0.140072
0.00334609
0.0965528
0.0609047
0.0543965
0.0143196
0.0187889
-0.0339274
-0.0884234
0.0175411
-0.0894712
0.136782
-0.0234216
-0.10047
-0.216539
-0.174338
-0.163806
0.162726
-0.191758
0.145844
0.291996
0.0464838
0.0575418
0.0648853
-0.807201
0.221132
0.234185
0.10976
0.131231
-0.0888464
-0.151286
-0.135965
0.140044
0.153338
0.176388
0.0337898
0.0264545
0.0516733
0.0405747
-0.00450017
0.0281949
0.100283
-0.0400737
-0.0310764
0.0699382
-0.0145555
0.0432001
-0.0314732
0.0320775
-0.0403658
-0.131301
-0.0569217
0.100472
0.0980589
0.0389157
0.165257
-0.0319201
0.06216
-0.014812
0.0498784
-0.097822
-0.101396
0.0819153
-0.0582708
-0.00881004
0.101247
0.042741
-0.0445259
0.0597182
0.0098528
0.0397068
-0.0212097
-0.00767014
0.120272
0.0370604
-0.0197743
0.0472384
-0.0172046
-0.0944742
-0.0735117
-0.043775
0.00375401
0.0526053
-0.0512226
0.101793
-0.0119335
0.0197511
0.15181
-0.0497677
-0.116314
0.0222783
0.0337137
0.044259
0.0297838
0.0275772
0.064499
-0.0285509
-0.00326267
-0.052927
0.0914354
-0.0746609
-0.0868755
-0.0797983
0.109293
-0.0645352
0.130197
-0.00385052
0.0572198
-0.00919452
-0.0435973
-0.0428217
-0.0121856
-0.0050333
0.006775
-0.0952703
-0.112374
-0.0960821
0.0139534
-0.107343
0.159594
0.0342226
0.077506
0.0109675
-0.0827482
-0.04411
0.136054
-0.0291811
0.0857335
0.0504317
0.00483582
0.0335927
-0.00867696
0.0163835
0.038252
-0.0927102
-0.0240403
0.0758019
-0.0355089
-0.0548616
0.0766836
0.0463824
0.0566747
0.0931194
0.105745
-0.00861343
0.083759
-0.0437507
0.0662032
-0.0109416
-0.0128114
-0.0303298
-0.0489446
-0.0354567
0.0481829
0.0570684
-0.02868
-0.0411146
0.0106687
0.0712065
0.0252291
-0.0189159
-0.0468873
-0.0634234
0.00881727
0.0123686
-0.0535197
0.104146
-0.0463197
-0.0423984
0.0482001
-0.00767395
0.06253
-0.107569
0.100123
0.11976
0.0526679
-0.0662929
-0.0632118
0.039785
0.0754332
0.0453532
0.0282417
-0.0448595
0.0291998
0.00528334
0.0390828
0.0269959
0.0570131
0.00197879
0.0321454
0.0180924
-0.0333441
0.0435403
0.0783591
-0.0376782
0.0256082
-0.113601
-0.0286031
0.0402726
0.117549
-0.0617236
-0.0153566
-0.0298879
-0.0050199
0.00537837
0.0216634
0.0189394
0.0434605
-0.0482813
0.0164168
0.031509
-0.0201044
-0.00249363
-0.0878509
-0.0627357
0.110604
-0.0205892
-0.0423859
0.0391594
0.0429346
0.00767302
0.0412974
-0.0786472
-0.0109275
-0.0215316
0.0344284
0.0387691
0.0233318
-0.0154891
0.0407188
-0.00905403
-0.0636088
0.0495677
0.0151067
0.0165024
0.187585
0.0712611
0.0348384
-0.0163693
0.0485129
0.0658544
-0.0196254
0.0341064
0.0224467
-0.0161497
0.0852136
-0.0214467
-0.0279327
0.00881147
0.0126952
0.0179151
-0.14457
-0.104881
0.0846447
0.0042907
0.0666977
0.00374921
-0.00221527
-0.0285015
0.0540325
0.00322929
0.0286779
0.047502
-0.040557
0.0204681
-0.00828367
0.0632215
-0.10865
0.0734638
-0.00489208
-0.0966437
0.0841496
0.080934
-0.0330684
-0.0346965
0.0264544
-0.0230805
-0.0986482
-0.00681582
-0.131427
-0.0363347
0.111354
-0.0432909
0.0360887
-0.0574596
-0.0107026
0.0429137
-0.0372158
0.165712
-0.0404893
0.0246874
-0.0163379
-0.162614
0.0155685
-0.0632897
-0.0947261
-0.0876572
0.00637529
0.0571955
-0.0266152
-0.0868584
-0.0399594
0.112158
-0.0145043
-0.0131073
0.0732863
0.0184575
0.0319125
-0.0667465
-0.108621
-0.113957
0.102013
-0.071785
0.0483907
-0.0665527
-0.0700794
-0.0450517
0.115311
-0.0120661
-0.0427988
0.0310789
-0.0493739
-0.104431
0.0844672
0.0805165
0.077549
-0.0563069
-0.0201609
-0.0397206
0.0780276
0.00233324
0.113135
0.043202
0.0111244
0.0463066
-0.0440126
0.0276625
0.0110788
0.00351451
0.0530942
0.0267032
0.0189805
0.0210279
0.060922
0.0210287
0.0840168
0.0242164
0.0446972
0.000508703
0.0127092
-0.0473601
0.00544338
-0.0209392
-0.0203001
0.0250706
0.0105552
-0.0306749
-0.0140054
0.0474023
-0.00680666
0.0992572
-0.0246376
-0.0589712
-0.00952219
0.0664657
0.0598133
-0.0242192
0.0555832
0.0073655
-0.00317989
0.0465929
-0.025023
-0.0517455
-0.0533649
-0.129113
-0.0473041
-0.0542632
0.00328138
-0.0240308
0.0731227
-0.0795291
0.0281922
0.0765641
-0.0959269
-0.0275528
0.0143924
-0.0434134
0.0688528
-0.0408729
-0.00729154
-0.0994859
0.138486
-0.0140225
-0.102036
0.0256941
0.0572678
0.05418
0.0299928
-0.0215374
-0.0588176
-0.069643
0.114307
-0.026809
-0.0540087
0.0751159
-0.0512884
-0.040907
-0.0244499
-0.0543527
0.0175654
0.0664687
0.0999176
0.063489
0.0595087
0.0776139
-0.0344019
0.0132325
-0.00440887
-0.00508958
-0.0276987
-0.0059576
0.00578743
0.0505823
0.0275596
0.0469971
-0.0628811
-0.151312
0.0522293
-0.0241114
-0.0626875
-0.0367644
0.0486451
-0.111613
-0.262878
-0.209227
0.283801
-0.202769
-0.116303
0.138716
-0.0419751
0.118236
0.0509353
0.096686
-0.0359041
0.107854
0.0197876
0.000524801
0.0138099
0.0534858
0.0057323
-0.0344432
-0.150463
-0.191455
0.12739
0.0824451
0.0197566
0.137214
0.0227448
0.02771
-0.0739484
0.0238412
0.0376472
-0.103392
-0.145929
0.0205729
-0.0109906
-0.20282
-0.0121343
-0.0974249
0.103584
0.00868936
0.126405
-0.146874
-0.0965645
0.205307
-0.0691123
-0.00650383
0.0827879
-0.120267
0.109866
0.0456471
0.00392843
0.123491
0.0457433
0.0540935
0.0562332
0.0828144
-0.071016
-0.0911037
0.119156
0.0184851
-0.0333671
0.089648
-0.108368
0.0263372
0.111679
0.0602242
0.0210695
-0.0565118
-0.026151
0.0423541
-0.0153497
0.0697365
0.0225178
0.0470724
-0.0148233
-0.120578
-0.0453159
-0.0128626
-0.0311101
-0.0668437
-0.0366336
-0.0388634
0.110788
0.00552458
-0.0229816
-0.0053642
-0.00225036
0.0631636
-0.0144613
-0.0067213
0.094885
-0.104026
-0.0389008
-0.00381177
0.0183524
-0.114822
-0.080285
-0.0279078
0.0603102
-0.0665029
0.157337
-0.0996288
-0.0132064
-0.092581
0.0347962
0.0226589
0.107634
0.0716387
-0.123552
0.0925892
0.0510897
0.0219889
-0.00086479
0.0794209
0.0617555
-0.0107498
-0.00153664
0.126744
-0.0481668
0.0719112
0.035595
-0.0139207
0.0276547
-0.0142368
-0.0735155
0.0659702
-0.00755103
0.0607498
0.0234979
0.0406987
-0.0757157
-0.0366488
-0.0403179
-0.0865587
0.0946353
0.0715624
0.0537945
0.032337
0.0381721
0.00774881
0.0135048
0.101035
0.0469755
0.0158794
-0.0205833
-0.0543356
0.00945673
-0.085763
-0.0946325
-0.00896459
-0.0715057
0.0308985
-0.0046704
0.0234967
0.020286
0.0744716
0.0342359
-0.0733885
0.0168693
0.070148
0.0642805
-0.0377331
0.0201094
-0.00359383
0.0726056
-0.0584012
0.033228
-0.0386135
0.0791842
-0.122045
-0.121064
-0.0920206
0.0184051
-0.19718
-0.259068
-0.0702336
-0.0358332
0.136116
-0.014664
-0.00506758
-0.108254
-0.0384156
-0.173006
-0.0341664
-0.00778964
-0.0930375
0.141849
0.0738475
0.174266
-0.0348936
0.147377
-0.101934
-0.00210907
0.0354436
-0.0219181
-0.047155
-0.117085
-0.00678317
-0.0801388
-0.0934967
0.0720535
-0.11393
-0.188973
0.132435
-0.0686769
0.0503111
0.13711
-0.0145164
0.0331753
0.1012
0.00626875
0.0877074
-0.132211
-0.151679
-0.285419
0.108941
-0.138295
0.19759
0.198834
-0.0745336
-0.0539736
-0.125163
-0.0377819
0.0288611
-0.202092
-0.0628071
-0.16187
0.188373
0.0123695
-0.0997715
0.268179
0.0641243
0.115463
0.0870509
-0.00182103
-0.0142154
-0.0541303
0.00531627
0.0883121
0.0371711
0.154271
-0.0203372
-0.0494093
-0.0606624
0.0367654
0.0683049
-0.0593144
0.0887511
0.050642
0.01877
0.0499405
0.0318105
0.0716849
0.0464078
-0.124412
-0.0159906
0.0971298
0.0415382
0.0536222
0.0217129
0.116034
0.0185294
0.017817
0.027596
-0.0550984
0.0822813
-0.0270138
0.00996984
-0.0463849
-0.0343345
0.0356919
0.0639261
0.00842531
-0.0835551
-0.104835
-0.0183822
0.0784466
-0.00238883
0.0362828
0.089377
0.042545
0.0413622
0.0687803
-0.0489137
-0.020368
-0.160208
-0.0336809
0.0219565
-0.0241719
-0.00426167
0.00221629
0.163664
0.0686874
0.153212
-0.0646676
0.0299999
0.00329121
-0.0574221
0.0666317
-0.00493267
0.0678569
-0.000816787
0.0322939
0.0453287
0.0454469
0
0
0.0217607
0.0313487
0.0547447
-0.000957854
0.0159523
-0.0841955
0
-0.057874
0.0384051
-0.127072
-0.154848
0.0428146
-0.157612
0.0553138
-0.156706
0.121815
0.0280557
0.141083
-0.0461461
-0.106283
0.0869376
-0.0266824
-0.19421
0.0496229
-0.0148273
-0.00421631
-0.13929
0
-0.156362
0.0355554
0.141824
0.0303377
0
0.141266
0.0648919
0.0945736
0.00891339
0.0436269
-0.0494031
-0.0113973
0.137548
-0.00163028
0.0650049
0
-0.0947226
-0.0045798
-0.0337589
0.0355584
0.0386917
0.115024
0.028952
0.0367126
0.0258902
-0.0938101
0.0554303
-0.0539804
-0.0274229
-0.0401405
0.0649857
0.0480627
-0.0406534
-0.124592
-0.090565
0.129941
0.00340962
0.109141
-0.0555517
-0.0385033
0.0168432
0.0132602
-0.0661524
0.00666748
0.0714364
-0.220643
-0.230517
-0.0596157
0.0261256
0.13697
-0.106182
-0.00608242
0.0256562
-0.224342
-0.0264119
0.12437
0.131945
-0.00859621
0.0725822
-0.0597748
-0.0808256
-0.0278822
0.0589031
-0.0138882
0.156559
0.120407
-0.0244285
-0.0150499
0.0773236
0.0249324
0.0343441
0.00522304
0.0345339
0.08114
0.0686393
0.0692851
-0.0548777
-0.0187336
0.0602387
0.0426026
-0.00809325
-0.158577
-0.0109739
-0.0911604
0.0704709
0.075118
0.023259
-0.0625208
-0.252744
-0.0420879
0.0478735
0.121222
-0.0600986
0.0837441
0.0382037
0.12144
0.00689053
0.0969241
0.00777056
0.0411308
0.0494489
0.0874311
0.0118281
0.00621968
0.0573494
0.0610171
0.0498005
-0.0720995
0.0410224
-0.0724791
0.0274531
0.162851
-0.0145576
-0.0115398
0.0100222
0.0487525
-0.0202594
0.0553893
-0.0420799
-0.030729
0.00363791
-0.0472441
0.00228378
-0.0373673
-0.0585424
0.021035
0.0995063
0.0306288
-0.0225835
-0.0208098
-0.00380208
-0.100594
-0.0611858
0.150822
0.00380625
0.103731
-0.00889231
-0.0291438
0.0294453
0.0650753
0.0586994
0.0860055
0.0331661
-0.0108958
0.00824657
0.0835537
0.0195415
0
0
0
0.0341786
-0.115806
0.185545
-0.100859
0
0.0382315
-0.00536975
0.0420102
-0.0295336
0.0330024
0.00274529
-0.026328
0.133811
0.0753227
0.00170208
-0.00936502
-0.0479556
-0.112607
0.104044
-0.216037
0.0699248
0.0474037
-0.0419003
-0.0233379
-0.00493548
0.211762
0.12446
-0.0158774
-0.0357812
0.0409828
0.143725
0.0394063
0.00951718
0.0328954
0.0234698
-0.0738894
0.117935
-0.00696327
-0.0897261
-0.43388
-0.167483
0.0545875
-0.377331
-0.322418
0.0473447
0.157695
0.0559721
-0.1078
-0.331983
-0.563557
-0.0852722
-0.201958
-1.18051
0.149972
-0.48398
0.179775
-0.33438
0.331215
-0.00910332
-0.531206
0.701406
0.420988
0.19534
-0.305681
0.20211
0.270361
-0.346652
-0.00354098
-0.0885583
0.398895
0.350496
-0.00610868
0.0289395
0
0
0.214929
-0.371075
-0.0345399
0.324011
0.0531096
-0.262624
0.185092
0.122199
-0.127194
0.128555
0.141523
0.20137
-0.109063
0
-0.460027
0.2182
-0.0720915
0.153464
0.177553
-0.0402208
0.0630844
-0.265462
-0.303135
0.122566
0.43129
0.0354041
0.00610858
0
-0.00792537
0.206958
0.0937235
0.0425451
0.171531
-0.0703768
0.10921
0.116375
0.236311
-0.0282518
0.162969
-0.0855051
-0.136034
-0.0372014
-0.468437
0.00336099
0.0545778
0.315189
0.0621082
-0.0280854
0
-0.0786895
0.123772
-0.22356
0.0718671
0.0139704
0.0363865
-0.00680272
0.0871566
0.159098
-0.0212993
0.186221
-0.0373254
-0.0379139
-0.0806329
0.0719552
0.165369
-0.0408649
0.175113
-0.0519936
0.0801348
0.0991663
-0.054362
0.0722741
0.0125909
-0.205278
0.048049
-0.0322985
0.0563816
-0.220642
-0.0219484
0.220831
-0.0562126
0.0947668
-0.0125935
0.0231482
0.0151619
0.144112
0.00980873
0.0222826
-0.16337
0.110207
-0.0820023
0.0825724
-0.112074
-0.00389209
0.145708
-0.0126544
0.0940264
-0.0481772
-0.0760568
-0.0325896
0.0220239
0.077271
-0.13587
-0.0494091
0.218819
-0.0787199
0.157666
-0.0358074
0.0168665
0.0123507
0.099788
0.102651
-0.00618723
0.0263722
-0.331497
0.0473898
0.0532043
-0.0649248
0.0465183
0.244508
0.0204279
-0.0197417
0.0223436
-0.0629088
0.129506
0.00312787
0.00856263
0.0241533
0.00867009
0.0719151
-0.0869571
0.0341168
-0.154313
0.0890923
0.0236426
-0.0278607
-0.142274
-0.00358982
0.00869619
-0.294596
-0.0475744
-0.279575
-0.0223424
0.0579576
0.136877
0.158352
0.212363
0.141807
-0.0115234
0.253442
-0.0691598
0.103761
-0.0589878
0.030808
0.10219
-0.00317767
0.0174647
-0.0315115
0.0522443
-0.0302552
0.0334208
-0.0269392
0.0228502
0.0585378
-0.0352132
0.0140739
-0.0114417
-0.0202853
-0.0015824
-0.0201976
0.100844
-0.000915769
-0.0653666
-0.0356192
0.0403588
0.000394869
0.0239263
0.00511962
0.00800236
-0.185961
0.0986395
0.0579047
0
0
0.10844
0.0715594
-0.0748125
0
0
0.0895275
-0.0170404
0
0.165935
0.0700282
-0.0805812
0.059738
0.0430282
0.0573765
-0.108881
0.0430646
0.00768412
0.0903792
0.0397283
-0.0167937
-0.0944436
0.115338
-0.106544
-0.00665758
-0.100399
0.181994
0.0999549
0.0414982
0.0235661
-0.0758055
0.0476916
-0.0441099
-0.0154475
0.085219
0.0591754
0.0772308
-0.0325925
-0.0828667
-0.0458711
0.112462
-0.0325085
-0.100874
0.0786541
0.0200247
-0.110759
0.227058
0.0556683
0.0210801
-0.0675893
-0.0961045
0.191294
0.117904
0.0447091
0.164054
-0.0198828
-0.0229374
0.100395
-0.0798884
0.0203497
-0.0335528
0.0221112
-0.0244294
0.0519133
-0.0400964
0.0940359
-0.0673256
0.105334
-0.0202454
0.0641408
0
0
0.129531
0.016943
0.0613598
0.0571087
-0.0693729
0.101671
-0.0540368
0.0794041
0.14544
-0.0820834
-0.203792
0.0649161
0.062402
0.0245661
0.023518
0.0369237
-0.0954916
-0.0134795
-0.0807033
0.0616686
-0.188754
0.240903
-0.0646736
0.089657
0.00824072
-0.289604
0.0556954
0
0.108245
-0.0789432
0.109815
-0.190629
0.170429
0.0150984
0.0355464
0.0113791
-0.0620239
0.0680949
0.0828576
-0.0163194
0.10544
-0.00629299
0.00824519
0.00964691
-0.0134432
0.0348715
-0.00151363
-0.00432591
0.0318597
0.0171298
-0.0274866
0.00927844
-0.0758822
-0.0926807
0.0202688
0.0110483
-0.103301
0.125034
0
-0.0250133
0.114719
-0.0904699
0.0632955
0.0895793
0.0486614
0.00790919
0.170338
-0.142279
0.112193
0.113866
0.0468653
-0.00539235
-0.0583608
0.00219077
-0.197202
0.0463841
0.168744
0.139384
0.123075
0.00283956
-0.0461411
0.0262473
0.029522
-0.0252557
0.0767861
0.0148037
0.0883649
0.0119623
-0.085445
-0.014681
0.0423755
0.029916
0.00449467
0.00579016
-0.123717
0.0339939
-0.0102768
-0.164651
0.1203
0.0406209
-0.0387985
0.0136573
-0.0113292
0.0409065
0.0283845
-0.0552326
0.0247311
0.0987167
-0.0666072
0.063512
-0.0660247
-0.15346
0.0330178
-0.0178201
-0.0756041
0.0370039
-0.0943684
0.0950846
-0.0835234
-0.281862
-0.00679362
0.0903797
0.164277
-0.121539
-0.0779467
-0.245126
-0.00400504
0.0428895
-0.0116495
-0.118339
0.111214
-0.140745
0.16146
-0.0954095
-0.0461351
0.11802
0.159904
0.10797
0.0910906
0.00448073
0.055685
0.0181138
0.0573333
0.083961
-0.0411757
0.0450495
-0.0473022
0.0222997
-0.0894989
0.047723
0.0304277
0.0821113
0.102353
0.00662584
0.0164452
0.000100193
0.000100192
0.0860935
0.149074
0.0606861
0.0557748
-0.00386993
-0.0295576
0.0220069
-0.0454242
-0.21336
0.00665617
0.0594108
-0.345309
0.140142
-0.0608488
0.1671
-0.142291
-0.14137
0.0393113
0.272228
-0.0262836
0.0145442
-0.0661169
-0.0439866
-0.160403
0.035936
0.0927125
-0.0201127
-0.0949426
0.146809
0.0838888
0.155481
0
0.122959
0.0568159
-0.00144784
0.0114804
0
0.0714797
0.00660334
-0.0497759
0
-0.266875
-0.321192
0.0864022
0.0987836
-0.0219458
-0.231589
0
-0.204123
0.0575714
0.102306
-0.206616
-0.455214
0.0328899
0.223813
-0.0814086
-0.0406824
0.163778
0.140176
0.0796156
-0.209637
-0.159593
0.068047
-0.0688069
0.236024
-0.0282432
-0.100773
-0.254098
0.211151
-0.0564655
-0.199072
-0.201761
-0.231883
0.0850383
-0.109568
-0.240707
0.267547
0.0728682
-0.229719
0.0815854
-0.248929
-0.303145
-0.0399369
-0.0278281
0.393441
-0.0568407
0.183563
0.166156
-0.125558
0.426835
0.0270051
0.110618
0.0117244
-0.0195852
-0.145595
-0.144782
-0.0669266
0.108004
0.240213
-0.0723198
-0.0908597
0.0974458
0.116048
-0.0240751
-0.193702
-0.00326976
0.0561139
-0.179223
0.0457896
-0.0104607
0.00909691
0
0
-0.0256062
0.029129
0.0584565
-0.194817
-0.244496
-0.212694
0.0982605
-0.0120655
0.106059
-0.20468
0.0165246
-0.14201
-0.121015
-0.181038
-0.335797
0.129452
0.242565
-0.0445385
0.232076
0.00837428
0.120646
-0.116215
-0.0208163
0.0279503
0.102146
-0.104974
-0.10845
0
0.397208
0.104722
-0.153353
-0.0761762
0.159162
-0.0525337
0
0.0259431
-0.00633013
-0.2174
-0.297545
-0.210376
-0.195884
0.0905054
-0.35466
0.0178738
0.0650431
0.0101332
-0.0609538
-0.145048
0
0.328385
-0.0777072
-0.0767114
-0.184992
0.0766516
0.000405436
-0.0886397
0.290518
0.224985
0.0667259
-0.147467
0.157496
-0.183639
-0.154854
0.0679612
0.172258
0.129708
-0.00115298
0.134005
0.106126
-0.0580788
-0.124692
0.0451193
0.208817
0.214882
-0.108031
-0.134335
0.0948156
0.0699445
-0.172359
0.122256
-0.193546
0.258583
0.0110022
0.0476583
-0.0133848
0.057791
-0.151129
0.0944338
-0.166716
-0.219275
-0.0656356
0.00598471
0.0315197
-0.197095
-0.0797821
0.0242358
-0.0693454
-0.279058
0.249923
-0.149363
0.0342272
-0.0274257
0.0700126
0.161655
0.207429
-0.233908
-0.12803
-0.0460112
-0.145519
-0.0578834
-0.19849
0.0932289
-0.292069
-0.087317
-0.0751679
0.0410837
0.100209
-0.243225
0.231054
0.0625342
0.350375
-0.222299
0.0404853
-0.286047
-0.0216657
-0.00585209
-0.0367608
0.11838
0.094575
0.216892
0.155414
-0.19103
-0.054426
-0.0401108
0.203326
0.216758
0.0524021
-0.0249698
0.00292522
-0.023559
0.0779185
0.00700544
-0.143328
0.178545
0.0970926
0.14897
-0.0239235
0.418645
0.0920725
-0.0343205
-0.0736956
-0.164747
-0.0614269
0.107595
-0.0166611
0.0595017
0.0830333
0.0292508
0.0230195
-0.117124
-0.0447618
0.0395354
0.131076
0.0318901
0.0564166
-0.171205
-0.097716
0.00550241
0.144352
-0.0345637
0.172122
0.0173659
-0.309158
-0.201879
-0.0280046
-0.0671976
0.159608
-0.11844
0.0767375
0
0.0594491
-0.0697744
0.142209
-0.170563
0.17735
0.0741106
0.106074
0.0451885
0
0.241414
-0.0419404
0.13243
0.106154
-0.0400594
0.091781
-0.0534855
0.0126935
-0.245781
0.114903
0.150123
-0.0324085
-0.0641867
0.00390544
0.0628684
-0.04549
-0.038818
0.0874822
0.412761
-0.0091403
-0.185963
-0.0267189
-0.0182374
-0.0423744
-0.156692
0.147057
0.00545684
0.0741262
0.00311029
-0.0543966
-0.0323623
-0.104879
-0.0224499
0.0197491
-0.127407
0.14571
0.00480502
-0.060524
-0.00400868
0.176849
0.0271898
-0.0928652
-0.0119025
-0.0383711
-0.239132
-0.165587
0.160664
-0.386425
0.134293
-0.183977
0.102724
0.129543
-0.0436105
-0.0226788
-0.202427
0.11244
-0.0332995
0.166874
0.240706
0.109143
-0.062955
0.06165
-0.19735
0.0496135
0
0
0.160305
0.0129082
0.0459315
0.116651
-0.0117672
0.0107192
-0.06027
-0.0530948
-0.00978041
0.0451691
-0.0573196
-0.0255286
0.119632
0.0397944
0
-0.173756
0.0168141
-0.0293839
0.0851883
-0.0239118
-0.108614
-0.0537938
0.103148
-0.00177967
0.0775363
-0.0984414
-0.00523311
0
0.183651
-0.0134411
-0.0433683
-0.229078
-0.0360009
0.166392
-0.0581795
-0.0174364
-0.0757102
0.0661431
0.210733
0.00269411
0
0.0518662
-0.0410971
0.00409393
0.00058471
0.0687568
-0.00941155
-0.0303865
0.0196861
-0.160003
-0.0691773
-0.0873002
-0.0891597
0
-0.0151601
0.00133501
0.116908
0.0663493
0.0999445
-0.0607013
0.0539748
-0.0866669
-0.188959
0.0651925
-0.0349019
0.0371923
0.111827
-0.0352229
-0.0572174
-0.044609
0.102544
-0.0131648
-0.0345502
0.022687
0.0645379
0.0768997
-0.0685641
0.0701008
-0.00283718
-0.0137244
-0.0615175
-0.0963589
-0.0966892
0.0747744
-0.0236544
-0.0661909
0.0630489
0.0826924
-0.104714
-0.00266528
-0.114794
-0.0157005
-0.141803
-0.0596935
-0.0744274
0.0775583
0.00926169
-0.0585931
0.00817595
0.123334
0.0717727
-0.0180185
0.0369891
-0.00307721
0.0340427
0.0278117
0.000367038
-0.0974922
-0.0451949
0.0528516
-0.0689978
-0.0563431
0.138418
0.0112128
-0.0620123
-0.0468251
0.127907
-0.0975762
-0.0623776
-0.0539753
-0.131582
-0.0133686
0.0356099
0.0969011
-0.0461225
-0.127369
-0.0430764
0.0722016
0.0982441
-0.101051
0.28279
0.00186034
0.0705608
-0.136878
-0.00761791
-0.106507
-0.142303
-0.0935494
-0.176467
-0.0485406
0.0669454
-0.0512231
-0.00475373
-0.0499183
0.0451623
0.121882
-0.0196004
0.245988
0.0843823
-0.0211557
-0.0243782
0.000762718
0.138607
-0.117909
0.0126772
0.330587
0.0651182
-0.105526
0.121587
0.0557712
-0.0675715
0.0868975
0.0464708
0.0168015
-0.0143995
-0.0636055
0.0957359
-0.0122166
0.0804502
-0.0013078
0.203608
-0.00442808
0.0648267
0.0919849
-0.0539587
-0.0361735
0.289839
0.0862306
-0.0498559
0.0651206
0.0114611
-0.0649338
0.0279442
0
0
0.053546
0.00776871
0.0164054
0
-0.0291715
-0.181815
0.0327506
-0.112363
0.100743
-0.0446871
-0.0123666
-0.051902
0.115952
-0.109107
-0.0570675
-0.124407
0.0502723
-0.0674738
0.11738
0.0354625
0.072711
0.0535379
0.0455983
0.00281486
0.00753991
-0.00472584
0.0392019
-0.00717738
-0.101368
0.0744069
0.0167469
0.0398996
-0.0366434
0.0802831
-0.0824164
0.0405662
0.0998156
0.0870913
0.0024145
-0.0212017
-0.0133152
0.0655243
0.0315659
0.00327104
0.0228674
-0.000761403
0.0317123
0.0815326
-0.0494882
-0.0694146
0.0778417
0.0437496
0.0923638
-0.022931
0.146279
0.0276367
-0.0103942
0.029684
-0.0956603
0.0621938
-0.00189173
0.17607
-0.0146753
-0.0120043
0.0596721
-0.00339732
-0.0811571
0
0
-0.0528727
0.0172039
0.0297502
-0.0797756
0.0793601
-0.0663859
-0.0126601
-0.0781985
-0.00411603
0.0448682
-0.148537
0.0326914
0.0160404
-0.0572683
0.02793
0.151292
-0.0432942
-0.132619
0.156391
0.0769231
-0.0128317
0
-0.111798
0.0757181
0.0812822
0.124137
0.00133419
0
0.148112
-0.00829481
0.0711919
0.0295978
-0.0523322
-0.0225843
0.117404
-0.00548823
0.0115717
0.00438575
-0.0412421
0.00540211
-0.0443033
-0.150505
0.0541064
0.04988
0.00907908
-0.0727629
0.0788111
0
0.0110788
-0.0739562
-0.0332154
0.177187
-0.166306
-0.125695
-0.00906105
0.0166742
-0.0506231
0.109583
0
0.0619677
-0.131011
0.0176909
-0.019853
0.0396667
0.0550256
-0.0768947
0.0483969
0.0370618
-0.0205049
0.0228485
-0.0679847
0.0508532
0.109521
0.220842
-0.105021
0.0403321
-0.0241797
-0.00149449
-0.105878
0.0922183
-0.00379223
-0.0820839
-0.0591479
0.0611604
0.00120733
0.049976
0.0443473
-0.208251
-0.317064
-0.26049
0.00334147
0.196253
0.010351
0.0605179
-0.00230874
0.0379217
0.0658631
0.109194
0.0331311
0.0457718
-0.0478201
-0.0146574
0.0663503
0.0953267
0.0212735
-0.0429969
0.0267686
0.0728709
0.0450643
-0.0288537
-0.126679
-0.116516
-0.0786794
-0.0826344
0.116033
-0.0167885
-0.0546802
0.109678
0.0882871
0.00477485
0.0758875
-0.0676638
0.181124
-0.0378438
0.0227834
-0.0260853
0.0676211
0.135945
-0.00510029
-0.0335107
-0.071226
0.0116917
-0.0889222
0.0423715
-0.0405733
-0.054489
0.0369927
-0.11129
0.0824294
0.0203514
-0.050906
-0.0120868
0.00987197
0.0348767
-0.0877751
-0.0377244
0.0114744
-0.0235722
0.0718636
0.116474
-0.0535502
-0.119541
-0.114512
0.0338465
0.0558521
-0.00183296
-0.0916677
0.158152
-0.0641418
0.0701088
-0.238394
-0.0392166
0.0747725
-0.122809
-0.0403999
-0.0575316
-0.0536217
0.0445463
0.101887
0.0401538
-0.0761684
0.0362236
0.0420263
0.0487912
0.109686
0.0685962
0.0922477
0.00785886
0.0525357
-0.00601305
-0.0663833
-0.0132287
-0.0618306
-0.0565898
-0.0402662
-0.0514648
0.037287
-0.23899
0.00705245
-0.0160067
0
0
0
0.0881396
-0.0277221
0
0
0.11944
-0.0153317
0
0.0636589
-0.0360167
0.0093004
-0.100175
-0.0693059
0.0454904
0.225626
0.0730425
0.0945567
-0.00985836
0.100142
0.0376933
0.11616
-0.020725
-0.0638192
-0.00900888
0.082361
0.0640375
0.012193
-0.130997
0.0148046
0.00345125
0.137569
-0.084275
0.0700674
0.0137214
0.0216628
0.162663
-0.0129926
0.0720106
0.0373248
-0.186973
0.0363507
-0.0260476
-0.0373151
0.01091
0.112936
-0.0949074
-0.0518594
0.0453073
-0.330013
0.194643
-0.0219086
-0.00930611
