0.392518
0.0748052
-0.0650811
-0.0184491
-0.0940408
-0.186824
-0.103289
-0.285034
0.00674643
0.0981707
-0.100159
-0.112817
-0.0316795
0.0475286
-0.0423642
0.205453
-0.126623
0.12821
-0.271333
0.032472
-0.235432
0.0975493
0.0150339
-0.229601
0.03175
0.0688807
-0.0268072
-0.0407462
-0.0334297
0.0394196
-0.0964684
-0.272122
0.0286154
0.070481
-0.28312
-0.112124
-0.155673
-0.0435414
0.144155
-0.169344
-0.553108
-0.182514
0.239581
-0.166011
-0.180588
-0.0091423
0.464652
0.141748
0.149221
0.172765
0.187972
-0.00550351
-0.0634777
0.0236168
-0.0155712
0.296166
-0.0150385
0.0944414
-0.00732607
-0.191914
-0.263207
0.37566
0.175959
0.321078
-0.265221
-0.0814533
-0.0558927
0.0513336
0.140612
0.0564804
-0.0666817
0.192628
0.0553852
-0.248506
0.0227571
-0.0256794
-0.0789092
0.175896
0.122307
-0.130055
0.0850342
0.141061
0.175304
-0.0705901
0.0723198
0.0119682
0.122017
-0.0596656
-0.0241196
-0.129264
0.155361
-0.0174219
0.156598
0.116483
0.0190224
-0.183198
0.0681316
-0.0275247
-0.0218419
-0.12782
-0.00158874
0.152999
-0.0878443
0.0694003
-0.0430825
-0.0133079
-0.00565842
0.0881664
0.0869217
0.0690373
-0.222844
-0.0427754
-0.140104
0.13962
0.0828829
-0.207276
0.02058
0.22688
-0.152011
0.0273626
0.124703
-0.0727918
0.126821
-0.217423
-0.0312707
0.0292537
-0.0467083
-0.0749821
0.0302036
-0.128198
0.146841
0.0931812
0.199815
0.118491
0.0998328
0.0602208
0.014666
0.00147252
0.225381
-0.00799902
0.024255
-0.0209574
0.0422339
0.248191
0.0304124
0.0280917
-0.0464425
-0.0470314
0.0945631
0.0972455
-0.0313281
-0.0962915
0.0210032
0.040555
-0.0023722
-0.171206
0.118355
0.0453139
0.0853425
0.177052
0.0885188
0.0104234
-0.0385852
-0.0126031
0.0684774
0.00891485
-0.144106
-0.0637289
-0.0255201
0.0743886
0.102269
0.0206033
0.0118095
0.0102978
0.0394811
-0.0117991
-0.020018
0.138609
0.0282304
0.0117537
-0.0299572
0.0545429
0.0143571
-0.117844
-0.0615873
0.0836014
0.0435508
0.0102216
-0.108139
-0.169286
0.0206772
0.183702
-0.027135
0.072657
-0.0224808
0.135983
-0.0890152
0.13304
-0.0355459
-0.0595989
0.142566
-0.0141173
0.0114602
-0.04478
-0.0435703
-0.117827
0.101995
-0.139203
0.112944
-0.10368
0.00868253
-0.124548
0.0861512
0.0288234
0.0133717
0.144386
-0.0251524
0.00878859
-0.0297554
-0.00736611
0.112308
-0.0725204
-0.0116591
-0.12984
-0.0148835
0.209313
-0.0198473
0.0384876
-0.218527
0.0844376
-0.120199
0.17594
0.022667
0.0896923
0.0881874
-0.0471024
-0.11013
-0.075333
0.0923504
0.0014662
0.0334925
0.00980385
0.143268
-0.0661828
-0.0384605
0.061872
0.119904
-0.00443672
0.0167489
0.0265313
-0.095193
0.129815
-0.078997
-0.0302162
-0.00617624
0.0949204
-0.0387884
-0.0766859
0.0193182
0.110561
-0.0778589
0.0421251
0.0454462
-0.0716018
-0.011515
-0.130026
-0.0659085
0.0509141
-0.0172876
-0.0474162
-0.00262359
0.0859707
0.0824597
0.00561664
-0.242925
-0.208809
0.131327
-0.0511615
0.030422
0.109019
0.0199382
0.038205
0.0879557
0.107064
0.105553
0.108475
-0.0332461
-0.0574665
0.058274
-0.0659923
0.100383
0.119224
0.0419645
-0.010093
-0.012175
0.0628598
0.00499307
0.0249572
0.00766997
-0.0318536
-0.0221064
-0.0168354
0.0720174
0.0255404
0.00831052
-0.0246471
-0.0208479
0.0156146
0.00405608
0.0206474
-0.0804192
0.0169911
0.0303746
0.00283744
0.022598
-0.00393463
-0.0622303
-0.0769816
0.143219
0.0318698
-0.0363852
0.0445284
0.0734222
-0.106586
-0.131429
0.0560329
-0.0398342
-0.13982
0.0709964
0.0527127
-0.20232
-0.137545
0.1351
-0.0738109
-0.0137774
-0.182181
-0.0617305
-0.0949991
-0.288891
0.435644
0.0416444
0.100963
-0.22513
0.000279991
0.065087
-0.150113
-0.17728
-0.0895506
-0.187091
0.123959
0.220731
0.0265144
-0.0147532
0.00633453
0.0823155
0.0782166
-0.188482
-0.0125973
-0.0714992
0.11613
0.09055
0.0782296
0.0703631
0.0194646
0.00823134
-0.022861
-0.04363
0.111842
-0.0864364
-0.127068
-0.0964072
-0.0718804
0.0568865
-0.267687
-0.0267101
-0.241801
-0.0123119
-0.0537909
0.201367
0.059331
0.0922412
0.0885807
0.0286523
0.112208
0.0533456
-0.0652919
-0.17106
-0.0449397
-0.0541041
0.0150782
0.0998155
0.0114074
-0.00288693
0.121416
0.00366456
-0.0909582
-0.0319931
0.193036
0.0254041
0.0669604
-0.00848282
-0.0843246
0.110722
0.00513031
-0.204069
0.0215381
0.0238434
-0.0137997
0.117166
0.00493609
-0.128962
-0.153253
0.0381275
-0.105735
-0.0744119
0.0542422
0.0834441
0.0356786
-0.0393182
0.242218
0.00192641
0.105322
0.0273657
-0.0908567
0.0419702
0.0598025
0.0658192
0.00630629
-0.00842474
-0.0500918
-0.015321
-0.0548499
0.113549
-0.0645535
-0.118322
-0.0659075
0.09092
-0.0344576
-0.00711734
-0.0360748
-0.0241753
-0.0193315
-0.0564433
0.103641
0.058603
0.0386121
-0.0194996
0.0361117
-0.0171141
0.124503
-0.0219601
0.00316672
0.0422047
0.00262706
0.00809319
0.0538749
-0.0539829
0.0561939
-0.0569968
0.00401364
0.00848509
-0.0192638
0.0500735
0.0563843
-0.0436785
0.126102
-0.0120151
0.0191688
-0.0280377
-0.0641078
-0.0349703
-0.0179692
0.087026
-0.131334
0.0284624
0.180622
-0.0341255
-0.0886966
-0.214839
0.0872192
0.0808223
-0.0286161
-0.133625
-0.133866
0.152918
0.114388
-0.0658295
-0.0446274
0.0781534
0.0703128
0.0452255
-0.0283225
-9.20371e-05
0.0409647
0.0222642
0.0087456
-0.0427493
-0.025897
0.0564553
-0.00681825
0.0695351
-0.0474194
0.00129403
-0.00366939
-0.200904
0.0894675
0.00066214
0.0383293
0.0208243
-0.0540273
-0.0792961
0.136384
0.12003
-0.0778376
-0.00972668
0.033622
0.0859153
-0.114093
-0.0706183
0.0822737
0.0554093
-0.0356034
0.0192207
-0.0465667
-0.0522976
-0.075312
0.116785
-0.00242583
-0.0133755
0.0601557
0.0405289
0.0415403
-0.01058
-0.0295688
0.0800771
0.00126019
0.0371941
0.0309643
-0.0077209
0.0160611
-0.0498168
-0.0922573
0.000422793
-0.162576
0.0325285
0.111413
0.0134847
-0.0413128
0.0108253
-0.104603
-0.0537693
0.024126
-0.0997245
-0.0653326
-0.0797284
-0.125577
-0.280347
-0.131096
0.0857717
0.0404717
0.204293
0.00501167
0.046511
0.100468
0.0521644
0.0106047
-0.00622931
0.0679974
-0.06408
0.128715
-0.0393792
0.0244455
0.0198239
0.0348759
-0.0118234
-0.0276321
-0.138389
0.019975
-0.0114296
0.0677733
-0.245655
0.129977
0.185043
0.0191444
0.0300454
-0.00644065
0.0674285
0.0359837
0.00759685
-0.0521782
-0.0620295
-0.0314542
0.117876
-0.0763189
0.0757826
0.0560167
-0.000350465
0.00102089
0.00135594
-0.103502
0.0593627
0.0346898
-0.041777
-0.143104
0.0255505
0.0158838
0.00712866
0.0311148
-0.02858
0.128841
-0.0892492
-0.138069
-0.0584312
-0.0620597
-0.117245
0.0225896
-0.118318
0.0938421
-0.0923576
-0.0655563
-0.0203368
-0.0513263
0.0933037
-0.0937289
-0.202163
0.0115605
-0.0120112
0.0193109
0.163834
0.139188
0.0816753
0.0127688
-0.00443598
-0.102493
0.0512654
-0.0945024
-0.163354
-0.0632427
0.017259
-0.0737289
-0.0720028
-0.190072
0.119921
0.117998
0.125778
-0.0167799
-0.023968
-0.0454877
-0.144118
-0.0561488
-0.151117
-0.417367
-0.115667
-0.367598
-0.216489
-0.402557
0.0600649
-0.420823
0.49027
0.427966
0.135988
0.0908024
0.0887679
-0.424299
-0.198748
0.0982058
0.166873
0.185457
-0.0570453
0.0469623
0.229081
0.00493776
0.144587
0.00546109
-0.315639
-0.412678
0.426792
0.246633
0.0501353
-0.179098
-0.237818
0.105044
0.109029
0.0287337
0.035641
-0.170755
0.204661
0.00719849
-0.347235
0.0195517
0.190999
0.298427
-0.0233352
0.10206
-0.137987
-0.0653826
-0.0934904
0.110398
0.242415
0.0215368
0.116669
0.0238063
0.0850151
-0.118251
0.0835786
-0.0656712
-0.0717175
0.0306963
-0.0745229
0.168015
0.0608381
-0.138886
-0.014532
0.212617
0.0508067
-0.209591
-0.252137
0.0401443
0.101073
-0.0145129
-0.0245361
0.0647743
-0.132503
-0.0753027
0.148467
0.0224212
0.00565041
0.0368083
-0.0726896
-0.0533075
-0.247672
-0.0541882
-0.113572
-0.0543234
0.0718901
0.23274
0.0155239
0.216523
0.0516329
0.0654013
0.0366708
0.0487844
-0.00293042
-0.0494087
0.0966933
-0.0805504
0.0219522
-0.0707916
0.1131
-0.0879352
0.0599577
0.0627881
0.000792483
0.0554725
0.0968898
-0.0118498
0.014157
0.00228972
0.0669834
0.191377
0.0118094
-0.0521489
-0.0211621
-0.0438117
0.105065
-0.0708862
0.0166804
-0.0361733
0.0580334
0.0412496
0.0986831
0.127078
-0.116555
0.00816304
0.012118
-0.101144
0.0444727
-0.110287
-0.104597
-0.000418717
0.165148
-0.0090652
0.145529
-0.0102111
0.0171643
-0.00280994
0.0223439
-0.0633646
0.0760153
-0.0220723
0.055848
0.03051
0.0327741
0.00849313
-0.00828472
-0.073048
0.0137977
-0.027194
-0.0652336
-0.0306952
-0.0247813
0.0299881
0.0343551
0.00738015
-0.174377
0.0905515
0.0838582
0.0560344
0.00218122
0.112709
0.0643451
0.05033
0.0143764
-0.0233188
-0.0481672
-0.00978853
-0.0645001
-0.01478
0.0685589
-0.0221149
-0.030272
-0.119374
0.0954746
0.101908
-0.0648511
-0.147877
-0.00535268
-0.166974
-0.00265649
0.107623
-0.0873463
0.0865626
0.122288
-0.043512
0.0491714
0.0546717
-0.19909
0.0163567
0.0419213
-0.0458895
-0.00988662
-0.0327856
0.0203685
-0.0181707
-0.0672841
-0.0274614
-0.103812
-0.069952
-0.0160671
0.0476036
-0.133927
-0.0178863
0.0128984
-0.12848
0.0289864
0.163094
-0.157386
0.0591758
0.0217621
0.0841097
-0.0201565
-0.0895777
-0.125066
-0.111621
0.00215262
0.18733
0.0796799
0.000187417
0.00345807
0.0823159
0.0418221
-0.061047
0.00560052
0.0454662
0.159313
-0.0269166
-0.00950948
-0.0380952
-0.0751649
0.022248
0.0649311
-0.0161557
0.132758
0.0698903
0.137638
0.0116656
0.00162856
-0.0301147
-0.0370855
0.0492554
-0.0266053
-0.0441151
0.0555423
0.0222987
0.0108566
0.101318
0.092366
-0.0615938
-0.167461
-0.00898398
0.00951791
0.155672
0.134616
0.0619812
-0.00485875
0.0125404
0.0842971
0.00227474
-0.00798708
0.000232273
0.0729602
-0.0336446
-0.0266572
0.0613624
0.00904911
0.0100688
0.0167232
-0.0354261
0.0185342
-0.0659548
-0.0333504
0.0340762
0.0236597
-0.108205
0.0008409
-0.0682333
0.0152276
0.0774232
-0.116934
0.0975608
0.158529
0.0144659
-0.0451508
-0.00702473
-0.0207803
0.0360224
0.0702859
-0.0104336
-0.0232554
0.0512977
-0.0216802
0.0749568
-0.0130273
0.0245711
-0.111056
0.00840572
-0.076723
0.175532
0.00397748
-0.0137691
0.0406625
0.0653383
-0.0285809
-0.0100264
-0.0302151
0.0376119
0.00177321
0.0733718
0.10359
0.018259
-0.00689852
-0.0377904
-0.0139674
-0.179345
0.000935553
-0.0314947
-0.00867695
0.000878637
0.0478749
-0.0574077
0.0982552
0.0615496
0.00730927
0.0586828
-0.0715746
0.0238457
0.00235315
-0.0276323
0.038884
-0.0683599
-0.154551
-0.100741
0.198112
-0.0300199
0.0372625
0.0531571
0.0537249
-0.0495785
0.0445438
0.0664828
0.106059
-0.0116051
0.0265021
0.0211075
-0.00161982
0.0871551
0.0191223
0.0268942
0.0428092
-0.0205267
-0.0574253
-0.0246418
-0.0078408
0.0217102
0.0490398
-0.0480271
-0.03369
-0.0392523
-0.0586191
0.286116
0.0546332
-0.0136374
0.0357128
0.108365
-0.0110106
0.0620853
0.0198739
0.0964302
0.0446453
0.169725
-0.0825618
-0.0445432
-0.0604326
0.136343
0.0886085
0.00123354
0.0338495
-0.0346942
-0.0944778
0.00400575
0.0398212
-0.077968
0.0567605
0.038873
-0.130559
0.079984
0.0157124
0.0262359
0.0739945
-2.67301e-05
0.0245215
-0.00445399
0.109136
0.0611754
-0.159007
0.0646346
0.0527702
-0.191932
0.0468833
0.144153
0.0109505
-0.0150995
0.167148
-0.0256078
0.0132921
0.0464353
0.0178153
0.0569095
-0.0282986
0.0793285
0.0274269
-0.0433521
-0.0522025
0.0743098
-0.109418
-0.0231772
0.0179196
0.0537722
-0.0255196
0.0429657
0.108994
-0.0306826
-0.143821
-0.157809
0.0661715
-0.0493817
0.152246
0.0563432
-0.0702114
-0.00756671
-0.0479954
-0.241025
0.0597642
0.0523632
-0.0126873
0.250967
0.072979
0.0528018
-0.0570141
0.0576342
0.00566804
-0.00506059
0.0446976
-0.0129468
0.0631255
0.143719
0.104273
-0.0369606
0.0490591
0.15191
-0.068718
0.0291478
0.0459917
0.106649
-0.288495
0.00031829
-0.00701697
0.0710074
-0.237035
-0.00880985
-0.0933841
-0.211135
0.120972
-0.163654
-0.162782
0.210424
0.00733208
-0.152025
-0.0211092
-0.0383399
0.011046
0.122027
-0.0388478
0.0415772
-0.309681
-0.100543
-0.233935
0.201989
0.209354
0.154756
0.0147707
0.0752462
-0.0109218
-0.0744167
0.201595
-0.0635475
0.104185
0.102116
0.0344689
0.0185236
-0.00403267
0.0199846
-0.0833048
-0.00585085
0.00108468
-0.00112252
-0.000845129
-0.0394219
0.0338953
-0.0730791
-0.0875233
0.0221255
-0.00504343
0.0131281
0.181831
0.0194062
0.0217699
-0.0256807
-0.0263502
0.0276791
0.0291152
0.0446966
0.051903
-0.119336
-0.0264932
-0.0275333
-0.00444716
-0.0616192
0.127819
0.0228814
0.0190903
-0.171148
-0.140546
-0.0160365
-0.02267
0.186287
-0.0322252
0.0183147
0.0653138
0.0232827
-0.0189091
0.12948
0.0150772
-0.0222074
0.00604788
-0.0111155
-0.0185866
0.0474264
0.0492046
0.0161752
-0.0598303
-0.0124441
0.0101973
0.00760707
-0.0078926
-0.0403046
0.0452816
-0.118041
-0.0275855
0.00152333
-0.0705555
-0.0758716
-0.0936639
0.122798
0.107683
-0.00956849
0.0702077
-0.00310656
0.0631064
0.0648384
0.0486529
0.111
-0.000243467
0.022605
0.0196087
0.0505309
-0.0654281
-0.010519
0.00719203
-0.0151798
-0.0440166
-0.0445425
0.0919397
0.0061747
0.0136729
0.0475513
-0.0228395
-0.0322381
0.0849477
0.0268634
0.0288632
-0.0615682
-0.0228088
-0.01513
-0.0221077
0.0647803
-0.0787408
0.00820159
0.0144577
0.00797733
-0.00832853
-0.180158
-0.079664
-0.0248271
0.0503119
-0.0120826
-0.105428
-0.0194875
-0.135015
-0.0264183
0.0348865
-0.0322428
0.0640013
0.184813
0.0658988
0.0318128
0.140611
-0.0230382
0.0819263
0.00213992
0.0568601
0.0400907
-0.0683779
0.0830926
0.0569437
-0.033624
0.0461327
0.0322981
0.0333382
0.00242927
0.00638875
-0.0232052
-0.0731644
-0.245073
-0.0849049
0.0667454
-0.0622581
0.0846354
-0.0166257
-0.103459
-0.0178894
0.0252137
0.129176
0.121136
0.00751046
0.0439521
0.0487834
-0.0220537
0.0400918
-0.00226932
0.00504883
-0.0110395
-0.0326071
0.0577223
0.0634857
0.0244942
0.0313394
-0.0730307
0.0052283
-0.231946
0.196357
0.0170247
0.0290372
-0.125283
-0.0131732
-0.00961317
-0.0589688
-0.126495
-0.1126
0.0586885
0.0954656
-0.0164211
0.0426244
0.0339185
-0.111284
0.122653
0.0422641
-0.00769403
0.0542479
0.095787
0.00408016
0.0601103
0.0157018
-0.0218859
-0.115804
0.0217013
-0.014173
0.0108721
-0.145654
0.0169519
-0.0390155
0.0507975
0.0627391
0.102422
-0.0213434
-0.0405047
-0.0413023
0.0123991
0.0592171
0.049671
-0.0401316
-0.0399246
-0.0158288
0.0307776
0.0521221
0.0526979
0.0407259
-0.00180236
0.0794162
0.038293
0.0448745
-0.0433939
-0.0120475
0.0234682
0.0438966
0.0113348
0.00977252
-0.00226141
-0.00445545
-0.0367988
0.0166326
-0.0319997
-0.00013855
-0.0205729
0.0189678
0.107016
-0.0466879
-0.047299
-0.0198791
0.0113528
0.0048467
-0.0121443
0.0197327
0.0313537
-0.0657669
0.033145
-0.105836
-0.0475145
0.0243578
-0.00886857
0.0622872
-0.00089456
0.100709
-0.018535
-0.0757045
-0.0678736
-0.0173158
-0.0769726
-0.00674035
0.114066
0.0100934
0.0497343
-0.0803842
-0.0429673
0.00297203
0.0938155
0.0126633
0.0370141
-0.0761604
-0.048405
0.00236781
-0.0407881
-0.103043
-0.127114
0.0456565
-0.0623852
0.0199917
-0.0387181
0.0665003
-7.20303e-05
0.0704731
0.0492188
-0.0754551
0.103281
0.0845639
0.00296717
0.0492342
-0.0185002
0.0669009
0.0714038
-0.00402466
-0.0550197
0.0425203
0.101116
0.0118257
0.052674
0.0353549
-0.0521804
0.0322845
0.00953364
-0.010804
0.014667
-0.0375378
0.000545692
0.00912456
0.0240158
0.00552783
0.010956
-0.0256546
-0.0611105
0.0380048
-0.0277861
0.00182366
0.00270069
0.0663305
-0.0517571
-0.154576
0.0332445
0.0453967
-0.186352
-0.0523442
-0.0404584
-0.128503
-0.0389073
-0.00486808
-0.234351
-0.107812
0.23617
0.0401733
0.145615
0.119841
0.0468444
-0.0163835
-0.0136167
0.128193
0.0278394
0.0743204
0.135277
-0.0979117
-0.0385239
0.142533
0.0233918
-0.0531199
0.0572369
0.0322231
-0.0319412
0.0972055
-0.0437501
0.0131597
0.0508281
0.0122299
0.00714387
0.100286
-0.0243012
-0.0174242
0.0178989
0.0772048
0.0233156
-0.00467845
-0.00833482
0.0325669
-0.0549039
0.103301
-0.0343698
-0.142439
-0.0338199
0.0420252
-0.182102
-0.207332
0.0940265
-0.0219111
0.266731
-0.040991
0.0635327
-0.0130489
0.0142666
-0.0568103
-0.0496814
-0.0722833
0.0296592
0.264819
-0.0372588
0.0517783
0.143896
-0.0946023
-0.907035
-0.614935
0.315481
0.0319869
-0.210479
-0.0113318
0.200098
0.164414
0.127397
-0.109213
0.147839
-0.0597012
0.0524197
0.0271661
0.183014
-0.0745315
0.0509798
0.0512773
-0.0135864
-0.04961
0.0387113
0.0474426
0.0699239
0.0402509
0.0602673
0.112391
-0.00900387
0.095715
0.00770503
-0.007783
0.0797359
-0.0387068
0.0455557
-0.11217
0.042146
0.0467075
0.0501585
-0.0365755
-0.0256439
0.0910324
0.0149018
0.0396262
0.0881423
-0.041843
0.062564
0.0777417
0.0724284
-0.0320747
-0.0788047
-0.113015
-0.115749
0.00111197
0.129786
-0.0798644
0.00906591
-0.00729149
0.141536
-0.0139719
0.156173
0.0827788
-0.0436046
-0.015526
0.0137231
-0.0318158
-0.163784
-0.00239053
0.0600979
0.062881
-0.0212234
-0.0387654
0.0504631
-0.0960511
-0.168543
-0.0307224
0.0205801
-0.0788516
-0.151242
-0.0173062
0.244662
0.0263582
-0.0796709
0.00627776
0.0652625
0.0946448
0.107149
0.0260858
0.0486481
-0.0128749
-0.0865678
0.132372
-0.00211809
-0.167951
0.032045
-0.0685923
0.0533229
-0.0212582
-0.140285
-0.0490271
-0.0889882
0.135467
0.0477835
-0.131925
-0.113376
0.0455337
-0.0657004
-0.0296847
-0.0146161
0.172236
0.12772
-0.0609471
-0.0402602
-0.0418993
-0.155643
-0.0991322
0.144808
0.0587451
-0.0544246
-0.0563245
-0.111955
0.10027
0.148734
0.16458
0.126109
0.0656965
0.00878138
0.148803
-0.0135307
0.0385128
-0.103
-0.103017
0.0988823
-0.0626588
-0.138779
0.0879693
0.120288
0.0103483
0.032381
0.0431812
0.0118528
0.0490242
-0.0724794
-0.052708
0.108368
-0.0912276
-0.258534
0.152717
0.0228688
0.0468592
-0.00730796
-0.14167
-0.160046
-0.342027
-0.381898
0.336583
-0.242727
0.303952
-0.0312314
0.0448164
-0.233063
0.00587908
0.171594
-0.141487
0.061275
0.0634589
0.125869
-0.105561
-0.00720179
-0.0988288
0.119327
0.0914193
-0.0245364
-0.125321
0.0491398
-0.355588
-0.0328426
-0.20282
0.271549
-0.147713
-0.0691305
0.225621
-0.00334822
0.00582636
0.261148
0.0238252
-0.140974
0.0405934
0.00696078
0.0297936
-0.0592948
-0.094417
0.0929264
0.0718291
-0.0115605
-0.0641176
-0.0555295
0.214832
0.137408
-0.00298568
-0.0652561
0.0930356
0.0275351
-0.0208092
-0.00287557
-0.000649075
0.0181805
0.0428048
-0.0221487
-0.104893
-0.0303502
0.0392234
-0.0763894
-0.0763946
-0.0260343
0.255098
0.0427787
0.019656
0.00796694
-0.101917
-0.130696
0.141974
0.0377261
0.0386285
-0.010958
0.000155674
0.025897
-0.184036
-0.0557916
0.0254025
-0.141594
-0.0880178
0.00890044
-0.152407
-0.150204
0.243276
0.0262079
0.0605087
-0.0548967
-0.0752747
-0.0334464
0.22057
0.0385438
0.163035
-0.0733517
-0.185168
0.0520229
-0.101694
-0.191716
-0.230546
-0.0531366
0.143267
0.098873
-0.130813
-0.241704
-0.00993446
0.152771
-0.318024
0.085893
0.289543
-0.0215075
0.073794
0.00986948
-0.205652
0.202203
-0.0106068
-0.138117
-0.0897637
-0.149242
-0.0542112
-0.255648
-0.22936
0.19414
-0.309063
0.211158
0.247327
-0.0441065
0.168024
-0.0372948
-0.0674909
0.124022
-0.195941
-0.151585
0.134971
0.105903
-0.0424919
0.150061
0.0970755
-0.111378
0.0398283
0.0456952
-0.0600116
0.00584437
-0.103533
0.131854
0.0248864
-0.0806777
-0.047258
-0.0692603
-0.0613827
0.0458271
0.00445785
0.0524404
-0.151605
0.0283435
0.0606418
-0.0475182
-0.154299
0.0563809
-0.07548
0.122474
-0.00886051
0.0721492
-0.0847451
0.0478754
0.185311
0.108478
-0.00798224
0.0373618
0.133555
0.0418735
-0.0334014
-0.0617491
-0.0365056
-0.00335457
0.0242118
0.00328473
-0.172567
0.0212315
-0.160588
-0.125242
-0.0224295
0.114843
0.139572
0.00371705
-0.0657622
0.050482
-0.0240012
0.0845938
-0.0820267
0.111292
0.0513354
0.107377
0.0520107
0.07555
0.0761413
-0.0176461
-0.0744627
-0.0376663
0.024757
-0.0702207
0.0215515
0.0607995
-0.0880471
-0.0831195
-0.192067
-0.17875
-0.186218
0.0531654
-0.0585473
0.102879
0.239043
0.0448726
0.045751
0.0636569
-0.349897
-0.199059
0.233361
0.26049
0.0514905
0.0807934
-0.0353118
-0.143817
-0.0548743
0.0832411
0.0921257
0.0980135
0.0320045
-0.000982471
0.0388445
-0.021751
0.00654498
-0.0615989
0.105403
-0.0182907
0.0149965
-0.000390502
0.0399352
-0.00713742
-0.154768
0.0396123
-0.143709
-0.0014231
0.0882971
0.139107
-0.0311676
0.0738862
-0.0249661
0.105714
-0.00132601
0.0123371
-0.108749
-0.0753245
0.0439685
-0.0765463
0.0375435
0.0534982
-0.00217054
-0.0716601
0.0331584
0.0192877
0.0632398
-0.0412213
-0.0727942
0.184541
0.019356
-0.00725863
0.0200297
-0.00696073
-0.061607
-0.070345
-0.0384228
-0.0147882
0.0271479
-0.0666862
0.079958
0.0509091
-0.0134475
0.0981737
-0.0419047
-0.131211
0.0126924
0.0544663
-0.0681998
-0.0309019
0.0334983
0.0785633
-0.0432243
-0.0302951
-0.056275
0.0584533
-0.0454642
-0.0821915
-0.0854224
0.111848
-0.110561
0.0917294
0.0236139
-0.0303285
-0.0427344
-0.0536355
-0.0778938
-0.0468949
0.0399819
-0.0199836
-0.102731
-0.0851884
-0.0788143
-0.0775294
-0.0626752
0.185308
0.011383
0.196671
0.0390861
-0.0613321
0.0209924
0.0156269
0.00609231
0.063809
-0.0757822
-0.0694285
-0.138589
0.0134503
0.0594957
0.105906
-0.0742453
0.0278015
0.0383965
-0.122754
0.00629694
0.0789143
0.0846682
0.0225468
0.0295015
0.181837
-0.073781
0.151139
-0.0271362
0.0903599
0.016324
0.0082249
0.0103292
-0.0115923
0.00550043
-0.00648427
0.0325126
-0.00343908
-0.00663931
-0.0379577
0.116486
0.0463441
0.0449984
0.0297086
0.00878739
0.0288372
-0.0261194
-0.0620517
0.0917211
-0.106562
-0.0702001
0.0100141
-0.0474391
0.00247761
-0.0558892
0.0214255
0.169402
0.0213541
-0.0308727
-0.0703459
-0.035082
0.0451
-0.0631947
0.0891779
-0.0238704
0.0469552
0.0102574
0.0699445
0.0221147
0.00787276
-0.0434958
0.071096
-0.022119
0.0459173
0.0094354
0.0616568
0.0217688
-0.0192245
-0.051173
-0.00593681
0.0295904
0.103479
0.0311396
0.00972785
-0.0060687
-0.0472331
0.00310713
0.0151161
0.0349747
0.0150752
-0.0224943
0.0291833
-0.0246365
0.0357595
-0.00401298
-0.0926413
-0.0546829
0.0706658
-0.0173991
-0.0221988
0.00288514
0.0747575
0.0493611
-0.0524096
-0.0289486
0.015196
-0.00749675
-0.00247701
0.00293994
-0.0280804
0.0288211
0.02568
-0.0401902
-0.11626
0.00350496
0.0299588
-0.00453487
0.182255
0.0731079
0.0625374
0.016396
-0.03637
0.0632198
0.0262719
0.0986248
0.0407187
0.0254205
0.0817701
-0.0264013
-0.027453
0.0643603
-0.0166304
0.0212329
-0.139015
-0.0704909
0.0936932
0.0687792
-0.0253712
-0.0294748
0.00767821
-0.0111431
-0.0270739
0.0100975
0.00917881
0.0210749
-0.151171
-0.0354681
-0.0736194
0.0387712
-0.0430505
0.0670105
-0.0199475
0.00407854
0.123798
0.0744824
-0.00747763
-0.0421342
0.0728067
-0.0203272
0.0973121
-0.0530941
0.00419843
-0.147266
-0.0416225
0.114888
-0.0427224
-0.0193021
-0.0752762
-0.00414176
0.0679529
-0.0783149
0.158229
-0.0133524
0.0343716
0.00451497
-0.0673491
0.0514824
0.00337919
-0.0987315
-0.0453555
0.0444828
0.0585001
0.0304863
0.00168542
0.0394926
0.0744653
0.015258
0.0440984
-0.0238489
0.00786135
-0.148638
-0.0859881
-0.0738148
0.164366
-0.0207828
0.0281434
-0.102896
-0.0797434
0.0106205
0.0897045
-0.00595905
-0.0172611
-0.0413016
-0.0472134
-0.0562145
0.0415719
0.0834692
0.0181003
-0.0866676
0.00575166
-0.0113825
0.0531237
0.00604982
0.0784389
0.079165
0.000231949
0.0194204
-0.0479352
0.022195
0.0497099
0.00269396
0.0422167
0.00283512
0.00410348
-0.0293852
-0.0165493
0.0149143
0.0495906
0.0920569
0.0448994
0.000247742
-0.0229799
-0.0113855
0.00780057
0.00845275
-0.00197491
0.0344778
0.0154226
-0.039922
-0.00510126
0.0427892
-0.0820686
0.0039089
0.0122906
-0.0581784
-0.121234
0.126932
-0.018125
-0.00862796
0.072409
0.027704
0.0127565
0.0455873
-0.0357534
-0.0741483
0.0494105
-0.0954374
-0.0476847
0.0312403
-0.0352699
-0.0449287
0.0628088
0.040141
0.125521
0.026761
-0.0351197
0.0254952
0.0107719
-0.0658529
0.0603182
-0.0172028
0.0154109
-0.0475656
0.0581408
-0.0426587
0.0226573
-0.0424315
0.0522763
-0.00472257
0.0499568
0.0353381
-0.0122806
0.0124509
0.0611345
-0.0563883
-0.0901363
0.11723
-0.0320737
0.0381941
-0.0261623
-0.0254742
0.102913
0.0319778
0.0500361
-0.0159697
0.0729693
-0.0905602
-0.0221874
0.0448914
-0.00977788
-0.0770792
-0.0254337
0.0130635
0.060563
0.0203373
0.0235316
-0.00419914
-0.0679017
0.0343185
-0.061446
-0.0253354
-0.104366
-0.0477605
-0.0758771
-0.131326
-0.294026
0.155294
-0.238932
-0.0929895
0.160171
-0.0791364
0.165948
0.0209913
0.0769865
-0.0872522
0.0813194
0.00845836
-0.0240137
-0.0214785
0.0867021
-0.0372837
-0.0962525
-0.128824
-0.188136
0.206317
-0.0483663
0.021606
0.126214
0.0397459
0.0434463
-0.10063
-0.013059
0.0108743
0.00399741
-0.0804803
0.040728
-0.0721347
-0.167417
-0.0799565
-0.0700187
0.150612
0.135332
-0.0173172
-0.126689
-0.0898949
0.218449
-0.0821889
0.0184813
0.078532
-0.053974
0.0758675
0.00160675
-0.0567114
0.106574
0.013415
0.00147183
-0.0287739
-0.00132846
-0.0110432
-0.063805
0.107045
0.00903946
0.0487782
0.0112695
-0.0608732
0.0693563
0.0836802
-0.03766
0.0437281
0.0104686
0.00820255
-0.00741313
-0.0226401
0.0160893
-0.0534003
-0.00491147
-0.159193
-0.0273257
-0.0135311
0.0186717
-0.158796
-0.067984
-0.142915
0.189271
0.0184084
-0.111934
0.0078205
0.00390796
-0.0425196
0.130117
0.019995
-0.00716626
0.064899
-0.0556498
-0.143376
-0.066137
0.110571
-0.114684
0.18345
-0.184845
0.0227081
0.0312322
-0.0504415
0.172917
-0.0930172
0.111805
0.0440049
0.012124
0.0269177
0.0716034
0.0102574
-0.0985348
0.154576
0.0484863
-0.0147834
-0.0263572
0.127741
-0.00464411
0.0640103
-0.035151
0.050976
0.0154008
0.132179
0.0368379
-0.0107108
0.0119426
-0.0204693
0.00265377
-0.00943883
0.0565215
-0.0272836
-0.0332609
-0.12582
-0.028808
0.00537314
-0.0936203
0.0797708
0.00687716
0.0615831
0.0257188
-0.0382328
0.00167975
0.0035133
0.050464
-0.015883
-0.000462349
-0.0460999
-0.0760455
0.0332758
-0.0574538
-0.0931842
-0.0566953
0.0276189
0.0980465
-0.0171475
0.0505621
-5.58029e-05
0.0110652
-0.0371816
-0.0233468
0.0268598
0.0679576
-0.00603461
-0.0548002
0.0839171
0.064668
0.0352676
-0.0266261
0.0428877
-0.043625
0.0962525
-0.0850343
-0.0611261
-0.0865706
-3.34667e-05
-0.0797787
-0.289421
0.0244977
-0.00834029
0.162554
-0.0508627
0.0328931
0.105274
-0.00736287
-0.111623
-0.0486401
-0.0208938
-0.0467414
0.107683
0.107484
0.187828
-0.00544364
-0.0277075
0.018088
-0.0183438
0.0648024
0.048905
-0.0229733
-0.099657
0.0348677
-0.0938679
-0.0687259
0.0420309
-0.106976
-0.0490956
0.0818019
-0.0683096
0.0733075
0.0961572
-0.0374214
-0.00385554
0.135132
0.0245606
0.0758368
-0.0237033
-0.160936
-0.318129
0.0930984
-0.219775
0.190043
0.166206
-0.0525464
-0.115266
-0.128286
-0.0867912
0.0139322
-0.148257
0.00333892
-0.266856
0.281114
0.0434559
0.166977
-0.084704
0.108976
0.0672513
0.130105
0.0303352
-0.0772097
0.0732557
0.0554173
0.0453905
0.122445
-0.0139171
-0.0501399
-0.01021
-0.0221296
-0.0166854
-0.0727098
0.0928968
0.0281355
0.0039699
0.0301576
0.0167927
0.153158
-0.0082652
-0.11783
-0.0360214
0.0721671
0.0646078
0.0400843
-0.0233247
0.108145
0.0273804
-0.0121898
0.0640328
0.0192394
0.0164432
0.0527437
0.0666401
-0.0519462
-0.0247326
0.024552
-0.0191109
0.0054275
0.00426543
-0.0839188
-0.0604748
0.0784433
-0.0104215
0.0596293
0.100132
0.00126549
0.0145732
0.0304792
-0.0659323
-0.00980052
-0.143428
-0.0149477
0.0896512
0.00137381
0.0163222
0.076161
0.0633891
-0.00161471
0.0350873
-0.00666883
-0.023617
0.00647511
0.0364776
-0.0270763
-0.00738005
-0.0676155
0.030318
0.0692802
0.0174693
-0.0264819
0.0664889
0.0213574
0.0396802
0.031115
0.0166558
0.0299946
-0.0242675
-0.00417692
-0.0873752
-0.0830382
0.0464392
-0.201201
0.0449979
-0.116427
0.0435866
0.0812084
0.187902
-0.00156317
-0.0800372
0.0438192
0.0216719
-0.0527358
0.0753643
0.0475443
-0.033093
-0.144518
-0.0188713
0.082346
-0.00522905
0.0632625
0.0244766
0.0687961
0.0885786
0.0242288
0.00212965
-0.0144296
0.00402047
0.138086
-0.0269672
0.0169206
-0.0559662
-0.0241957
5.05108e-05
-0.0615799
0.0219618
0.0389514
0.0722362
0.0509532
0.0454015
-4.96697e-05
-0.0860596
0.0138978
-0.0328332
-0.0239008
-0.0585658
-0.118673
0.0465983
0.0426673
0.0924497
0.0683036
-0.0733139
-0.0147638
0.043022
-0.0578379
-0.0309835
0.0917613
0.00279854
-0.080527
0.0286419
-0.117205
-0.210551
-0.0475637
-0.020851
0.22564
-0.00167167
0.0103537
0.0268287
-0.162519
-0.023104
0.126334
0.0994179
-0.0563382
0.0792318
-0.0433611
-0.0619117
-0.0299577
0.0720445
-0.0285404
0.081943
0.0579404
0.0291521
-0.0726495
0.0424362
0.089015
0.0904932
-0.0143544
-0.0387354
0.0776481
-0.00445706
-0.0464218
-0.0780859
0.044668
0.00501182
0.0454309
-0.00758401
-0.0592795
-0.00608344
-0.0768511
0.0962491
0.0270344
0.0402762
-0.125628
-0.198101
0.00323808
0.0686948
0.0874699
-0.115471
0.0303715
0.0739574
0.114828
-0.053199
0.0844556
-0.0161942
-0.0235013
-0.0435057
0.025986
0.0259186
0.00615742
0.0824742
0.0892064
0.0339813
0.0252715
-0.00267152
-0.0343154
0.0316725
0.0824025
-0.0621932
0.0438249
0.00840887
-0.0170091
-0.00384196
0.00862294
-0.0144954
-0.064279
0.0748567
0.0358808
0.0181913
0.0190056
-0.0457343
0.0300274
0.0951919
0.0365283
0.0212301
-0.000113969
-0.0341541
-0.138955
-0.112248
0.0988267
0.027964
0.0963931
-0.0277433
-0.0426018
0.0142144
0.0441586
-0.0211584
0.107197
-0.0026375
0.0169229
0.0174239
0.0980693
0.0420208
0.00541612
-0.106067
0.0777608
-0.0322112
0.0200354
-0.0324665
-0.00111721
-0.0107842
-0.0160663
0.031403
0.0139919
0.0213253
0.137729
0.00412207
0.0351759
0.00969716
-0.0747435
0.03306
-0.161476
0.0988174
0.0719904
-0.1027
-0.113245
0.0348193
0.126427
0.177579
0.0165497
-0.00983924
0.0347076
0.055454
-0.0107524
0.00280413
0.0328156
0.035556
-0.0198703
0.104181
-0.0967821
-0.0392989
-0.364728
-0.221165
0.0320524
-0.296089
-0.373792
0.121123
0.136312
0.161262
-0.105733
-0.409254
-0.570807
-0.000728557
-0.0473393
-1.01339
0.116746
-0.169312
0.318159
-0.183349
0.518194
-0.181987
-0.551918
0.678046
0.288738
0.236166
-0.228148
0.195947
0.148794
-0.154693
0.110609
-0.0308101
0.235138
0.0550775
-0.0867795
0.0216466
0.090336
-0.231637
0.127624
0.181522
0.177795
-0.245622
0.0862538
-0.00527627
0.000176613
0.137401
0.132981
-0.0244397
-0.242047
-0.251469
0.12898
0.062388
0.0482344
0.0491306
0.0251717
0.0451213
-0.105252
-0.192335
0.0369337
0.268089
0.0240554
0.0272257
-0.104581
0.138931
0.00640029
-0.116958
0.213331
-0.095701
0.121278
0.23077
-0.106707
0.113186
-0.0369658
0.031518
-0.0370254
-0.319014
-0.0328256
0.0470393
0.192924
0.165942
-0.0153909
0.078024
-0.112807
0.0935701
-0.221604
0.0674631
-0.0476065
0.0184555
-0.0150803
0.0440726
0.0965524
-0.060768
0.125168
-0.044396
-0.02899
-0.0344753
0.0850037
0.0691545
-0.0403299
0.193553
-0.0254434
-0.0219824
0.0578506
-0.0256945
-0.00479814
-0.0534617
-0.164266
0.0567496
0.00473003
-0.0042725
-0.174267
-0.0889901
0.221174
-0.0663311
-0.063248
-0.0305875
0.000893959
0.0226996
0.0615785
0.12277
-0.0180634
-0.0945085
0.0632221
-0.0585005
0.138304
-0.0779851
-0.0114632
0.0878768
-0.0751136
0.0763359
-0.0673381
-0.0744627
-0.0285024
0.0524395
0.190531
-0.159378
-0.0663111
0.141522
-0.0460965
0.151167
-0.0183995
0.0500122
0.0171413
0.0596548
0.03041
-0.0310469
0.0188428
-0.20488
0.0291379
-0.0246645
-0.115406
0.00465052
0.0900276
-0.0772914
-0.0414375
0.0500561
0.0139382
0.0492911
-0.0680751
-0.0443465
0.0805161
0.0483627
0.0426124
-0.0268014
-0.0423676
-0.220729
0.137284
-0.0223329
-0.03751
-0.155426
0.00930521
0.0248215
-0.0382618
-0.0987574
-0.275664
-0.0652004
0.0323978
0.211094
0.21434
0.278935
0.0189966
0.0157255
0.0920136
-0.0551528
0.16425
-0.0343059
-0.00342087
0.0893107
-0.0204427
-0.00116428
-0.0694576
0.00465063
-0.0298187
0.0259496
-0.00316494
0.00907269
0.00322873
-0.0235966
-0.0260159
-0.0132634
-0.0892585
0.0211232
0.0104919
0.0180265
0.0344985
-0.0327092
-0.00404085
-0.0180402
-0.0307519
0.111166
0.0796113
-0.0156664
-0.209654
0.0945012
0.00821512
0.182319
0.0738063
0.020079
0.0325345
-0.0413392
0.0494284
0.0293509
0.0179082
0.0668533
0.00444226
-0.0261208
0.00362251
0.0241625
0.0105488
-0.0106223
0.0627613
-0.0295994
0.0162059
-0.00467595
0.0350393
-0.0547003
-0.0500321
-0.241382
0.139853
0.0588106
-0.0258489
0.0788204
-0.0975933
0.0216956
0.0230187
0.0204166
0.0250569
0.02527
0.0555604
-0.0305649
-0.0905477
-0.0850751
-0.0120995
-0.00688717
-0.0829333
0.111237
-0.0643677
-0.129032
0.173702
0.102734
-0.041938
-0.0202491
-0.133255
0.207665
0.0254422
0.0475935
-0.0243565
-0.0398653
0.025245
0.0707418
-0.0201125
0.04683
-0.00582468
0.0737741
0.0452247
-0.0313954
0.0315305
0.0162048
-0.0245064
0.0286525
-0.0668059
0.0637572
0.0582218
-0.0490967
0.0704725
0.0281929
-0.0509995
-0.0528882
0.030379
0.0380141
0.0572265
-0.0472839
-0.117423
0.116754
0.0140947
-0.0217253
-0.0343878
-0.0629188
0.0102543
-0.0215931
-0.0517333
0.0873123
-0.134063
0.124957
0.0019982
0.0560656
-0.044759
-0.121514
0.0404846
0.0784218
0.01312
0.00572785
-0.0870337
0.0963008
0.0656908
0.0711546
0.0379616
-0.00746617
0.0754448
-0.0550252
0.0626627
0.0309711
0.035029
0.0520596
0.051704
0.0225271
0.111931
0.0192382
0.0257905
0.021183
0.046712
0.0502511
0.0242403
-0.0583326
0.0454362
-0.0109683
-0.0702316
0.0795408
0.0050514
0.00788875
0.0160415
-0.0715279
0.0286876
-0.010183
0.00228143
-0.00196383
0.100031
-0.133987
0.054486
0.0762817
-0.00875266
-0.0229738
-0.0554203
0.0414194
-0.137658
0.0702295
0.0633366
-0.0371522
0.12762
-0.0671619
-0.0237135
0.04328
0.0111838
0.0248559
0.0446315
-0.00641072
0.0127516
0.0172939
-0.0192976
0.109814
0.0412931
0.0211802
0.0332594
0.0283366
-0.0364096
0.0468338
0.0542787
-0.113649
0.00973438
0.0491795
-0.0322797
-0.0581344
0.0358931
0.0241226
-0.00194568
-0.0205009
0.017453
-0.000265431
-0.0650575
0.0632637
-0.0693051
-0.105247
-0.0811378
-0.0461512
0.0117421
0.0185917
-0.0933895
0.0363216
-0.0775418
-0.1427
0.019316
0.0409706
0.0850015
-0.102224
-0.107214
-0.177424
0.12352
0.0121354
-0.0577834
0.00602823
0.00401392
-0.0152096
0.166506
0.00114754
0.0055913
-0.0125891
0.0490681
0.0657442
0.0577015
0.00563323
-0.0211954
0.0587832
0.0216113
0.0141687
0.00577129
0.068857
-0.0487498
0.0541656
-0.0370385
0.0889315
0.0853154
0.0504124
0.0159604
-0.065683
0.0255317
0.011464
0.0273569
0.0158566
0.0761679
0.000854866
0.0320805
0.0340336
-0.037339
-0.0065184
-0.0272991
-0.115833
0.0234145
0.0434367
-0.203237
0.0176331
-0.0500813
0.0874233
-0.0727708
-0.00143718
0.162587
0.111111
0.0667517
0.00809361
7.93167e-05
-0.0448747
-0.111927
0.0957168
0.205316
-0.0591305
-0.0992604
0.0733134
0.0247043
0.0560175
0.0636048
0.0802174
-0.0339575
-0.039454
0.0492044
-0.0295664
0.00418486
-0.0887912
0.00442357
-0.157977
0.0887979
-0.0309218
-0.0395637
-0.0754078
0.0855212
-0.0823841
-0.00308917
0.0279116
-0.164683
-0.391388
0.0540481
0.126911
0.0647907
-0.0596839
0.100498
0.108272
0.000461162
-0.102642
-0.0770484
0.0440207
-0.0313354
0.17303
-0.0442933
-0.0661559
-0.169513
0.128462
0.00796769
-0.0958517
-0.0541243
-0.0989132
0.0566093
-0.0146436
-0.258833
0.296795
-0.000442144
-0.104408
0.00784533
-0.166384
-0.326955
-0.0848357
-0.132615
0.387003
-0.0893713
0.0913983
0.15815
0.00280808
0.18551
0.134302
0.101556
-0.0112579
0.025716
-0.0848655
0.0263712
-0.00806494
0.02824
0.13858
-0.0666281
-0.0673628
0.0144203
0.131968
0.0292097
-0.0460541
0.0424096
0.108706
0.0167117
-0.120238
-0.000153489
0.0775742
-0.156455
0.023382
-0.00718363
-0.0350168
-0.142423
-0.126322
0.0985634
0.0140382
0.049882
-0.130315
0.0251527
-0.101868
-0.00250026
-0.12441
-0.247042
0.0848699
0.0103397
-0.0412233
0.124623
0.0187029
0.0497466
-0.12982
-0.23563
-0.000450959
0.138135
0.0150589
0.0071729
0.134295
0.0761996
-0.106975
-0.101501
0.0486715
-0.0182327
0.00435323
-0.0580745
-0.127216
-0.212272
-0.171399
-0.182619
0.0786871
-0.289987
-0.0229946
0.0330512
-0.0057904
0.0461726
-0.0715199
0.347659
0.0770369
-0.0895643
0.00201653
-0.0654576
0.0271389
0.103057
-0.166299
0.12821
0.0921703
0.0674533
0.0110062
0.0386207
-0.150157
-0.0970596
0.167641
0.0255454
0.10112
-0.0564344
0.0678107
-0.0347445
0.0299027
-0.0243257
-0.04113
0.0654377
0.0148865
-0.024982
0.0546171
0.0211513
-0.0712992
0.0388078
-0.0303514
0.0202983
-0.000466165
-0.0236415
0.0388345
-0.0368578
-0.00202169
0.035343
-0.00973826
-0.0637339
-0.138774
0.0727336
0.0462116
-0.110625
-0.0415956
-0.0108256
-0.0275253
-0.178075
0.211809
-0.0664819
0.0135219
-0.0268215
-0.0137436
0.101354
0.082692
-0.0906767
-0.126714
-0.00716242
-0.127405
0.00599218
-0.13319
-0.0450973
-0.12713
-0.156467
-0.0644819
0.0532799
0.0927211
-0.0921681
0.137843
0.0225311
0.287555
-0.107488
-0.0829568
-0.0797697
-0.0447716
-0.0534335
-0.00834021
0.0279823
0.0986911
0.16264
0.0759582
-0.0898458
-0.0102016
-0.0525081
0.168395
0.166423
0.0406382
-0.102761
0.0612228
0.0514438
-0.0409781
0.0209172
-0.0888985
0.0718011
-0.0347105
0.0710468
0.0711325
0.196294
0.00598715
-0.115301
0.0241807
-0.0815928
-0.0171498
0.116204
0.0357425
-0.00969343
0.0181878
0.0567141
0.00937937
-0.00525746
-0.0758548
0.0449978
0.098749
-0.0357189
-0.00309028
-0.0765248
-0.0898589
-0.00492403
0.0577816
-0.0313638
0.0928999
0.0215901
-0.254587
-0.101393
0.0026458
-0.106419
0.173361
-0.0656332
0.0278415
0.0319166
-0.0245244
0.0412368
-0.118546
0.229639
0.146149
-0.0746749
0.0785071
0.0608578
-0.0450688
0.0748481
0.0371087
0.00263081
0.127781
-0.029775
-0.0310691
-0.0951585
0.0319678
0.0980128
1.75342e-05
-0.00133269
-0.0767619
0.0130155
0.0416874
-0.0828227
-0.0754672
-0.011175
0.142847
-0.0584467
-0.04386
0.0376808
-0.0520584
-0.0781007
0.0706187
0.0201148
0.0362238
-0.06922
0.0546787
0.00922614
0.0137302
0.0160567
-0.0466028
-0.0588334
0.0340689
-0.108952
-0.0381595
0.0985533
0.0219273
-0.0383573
-0.0748901
-0.0351482
-0.0695458
-0.169101
-0.124513
0.0793211
-0.188692
0.190913
-0.0989571
0.0283104
0.138963
-0.00954815
-0.0592909
-0.0791478
0.142092
0.048915
0.113934
0.0626493
0.0668794
-0.0118472
-0.0176933
0.0377847
0.102635
0.031322
-0.0296125
0.0239741
0.074251
-0.0274558
0.0416573
0.00637178
0.0214617
0.0612136
0.00577465
0.0399647
-0.129567
-0.00265766
0.0660118
-0.012082
0.072274
-0.0433924
0.0850656
0.0354306
-0.0425301
-0.0859474
0.0659466
0.0361751
0.0116839
-0.0505497
-0.0715146
0.115939
-0.0155074
-0.0593192
-0.0889982
-0.0509768
0.0957673
-0.133639
-0.057386
0.0696364
0.129353
-0.024805
0.0465581
-0.105329
-0.0346118
-0.0482909
0.041524
0.0229975
-0.0433257
0.0217261
0.0735423
-0.070172
-0.0805686
-0.0377498
0.00873997
0.033743
-0.0709385
0.000673112
0.0366386
-0.0116668
0.0977968
-0.0543482
-0.00161344
-0.0209002
-0.18678
-0.102354
0.0432264
0.0370855
0.0513521
0.0023865
0.0800028
-0.121334
0.115356
0.014939
0.0729338
0.00520328
-0.0265356
0.0479538
-0.0427037
0.168166
-0.0488918
-0.00750431
-0.0857391
-0.112576
0.0101868
0.00809693
-0.045252
0.0218801
0.0614
-0.0613188
0.0256672
-0.113048
0.00645204
-0.0982035
-0.0421931
0.00855797
0.0251703
0.0896693
0.00290654
-0.0181729
0.0689963
0.0663808
-0.0144347
0.0321658
-0.0457636
-0.019486
-0.0860335
-0.0315126
0.0629717
-0.0408714
0.0215503
0.0135888
-0.00978896
0.110481
0.0891644
-0.0961138
-0.019775
0.0768673
-0.0623865
-0.063332
-0.000453947
-0.055135
-0.0653876
0.0325503
0.04178
-0.0914922
-0.0927365
-0.006673
0.0250333
0.0503592
-0.0141737
0.164456
0.0332215
-0.0531655
-0.0726418
-0.0103445
-0.0691242
-0.128977
-0.215132
-0.0958134
-0.0161311
0.0433538
0.0232172
-0.0320099
-0.0425105
0.0564865
0.00863607
0.107902
0.0835145
-0.0116288
-0.00276039
-0.00540955
0.0227061
0.047015
-0.0845652
0.0331415
0.117658
-0.00703886
-0.0609989
0.088212
0.00270048
0.0389918
0.0464131
0.0177366
0.0256775
-0.0538789
-0.0562337
0.039419
0.0475039
0.0303933
0.0595978
0.0112879
0.0335148
-0.0305148
0.0940757
0.0527788
0.018724
0.033742
0.0187867
-0.0161237
-0.0322987
-0.00840275
-0.00139068
-0.0110246
0.0183885
-0.0351281
-0.0509032
0.0723038
0.0291106
0.0483242
-0.0343325
0.0397033
0.0162373
0.00564353
-0.0904837
0.0650404
-0.0168406
0.0197351
-0.0724726
0.0334193
-0.0316614
0.111328
-0.112458
0.0425668
0.01089
0.160284
0.0347941
0.0116295
-0.096372
-0.105974
0.022954
0.030905
-0.0261462
-0.0309771
-0.0638954
-0.0425274
0.0787759
-0.032712
0.0633824
0.0627085
0.0233948
0.0773528
0.051209
-0.0246617
-0.0373177
0.096658
-0.0382403
-0.0108591
-0.0228136
0.0214237
0.0480187
-0.0140347
-0.0122572
0.0719075
0.024998
0.0618109
0.0326157
0.0655602
0.0241248
-0.0593422
-0.0380992
-0.0450649
-0.0395062
0.0352037
0.0729177
-0.0442463
-0.0128301
0.0371483
0.0216796
0.0210956
-0.116123
0.0188438
0.0637208
-0.168496
0.0445691
-0.0356567
-0.00941688
-0.0256697
-0.0754294
0.0142522
-0.176293
0.031353
-0.00124654
0.0585703
0.0277314
0.124036
-0.0861743
-0.0973259
0.0740638
-0.0105483
-0.0632491
-0.0456421
0.0563282
0.0484147
0.162267
0.0772137
0.129725
0.012227
0.0135784
0.0972759
0.0397553
0.0761574
-0.0303584
-0.035751
0.00675432
-0.0293325
0.0241668
-0.0890786
-0.0513951
0.0643775
0.109725
0.00514831
0.00158228
0.116794
0.0748058
0.0110304
-0.0959483
-0.0535468
0.0781093
-0.0590187
-0.042584
-0.0341566
0.0358335
0.011308
0.0561593
-0.0955145
0.119504
-0.0585558
-0.0585761
-0.00950041
-0.00873401
0.0463994
-0.0320773
0.00605926
0.0419312
-0.0520542
0.0378422
-0.0118726
0.0941196
0.0857056
0.088868
-0.0692394
-0.0154274
0.0593622
-0.0702319
-0.0607429
0.100777
-0.0145836
-0.0618007
-0.0803255
0.111678
-0.0217448
0.0547989
0.0287974
-0.36537
-0.283783
-0.0284466
0.28496
-0.0133076
0.0324986
0.00655444
0.045736
0.119743
0.0647264
0.0316448
0.0707247
-0.00707365
-0.0134194
0.0450734
0.0340812
0.00557854
-0.0467567
0.0421823
0.0557369
0.0151845
0.0119656
-0.0833
-0.140287
-0.119659
-0.102843
0.0606142
-0.0133053
-0.0349972
0.0497214
0.045746
-0.0264612
0.0310293
-0.0503475
0.0632266
-0.103559
0.0261764
0.0695425
0.0822661
0.0502834
0.0199888
-0.05342
-0.0677869
0.0292704
-0.0909662
-0.0126867
0.00967267
0.00190677
0.0927664
-0.0373296
0.0630822
0.0860516
-0.0329928
-0.0211208
0.090786
0.0182615
-0.0527806
-0.0806876
-0.0133523
0.0213321
0.00899945
0.044198
-0.112909
-0.110412
-0.14712
0.146702
-0.0588835
-0.0260321
-0.0157886
0.058668
-0.100597
0.0886653
-0.161512
-0.00707212
0.0679855
-0.133796
0.0107966
-0.0846991
-0.00155105
0.0449177
0.107183
-0.0324085
-0.0392168
0.00956313
0.0563421
0.0463492
0.0551341
0.00429352
-0.042942
0.00609135
-0.00860363
-0.0160816
-0.101974
0.0338532
0.0290456
-0.0182997
0.00605233
0.0332821
-0.0869231
-0.194395
-0.0262459
0.0903771
0.0875832
0.00996971
0.0199097
0.0575679
0.118733
0.0383347
0.0427672
-0.114003
-0.0767786
0.000726363
0.067424
0.135107
0.0403389
0.0390803
0.0612383
0.0795512
0.0469983
0.0178229
0.104705
0.0312238
0.0599383
0.0590576
-0.00591232
-0.0400257
-0.0569734
0.0829782
0.0355187
-0.024475
0.027358
0.0523814
0.0155384
0.183273
-0.0846803
0.0273849
0.0146688
-0.07431
0.00746683
0.109115
0.00352872
0.0553081
0.0134267
-0.0647443
0.0355432
0.123955
-0.122217
0.0811735
-0.0637746
0.0362292
