1.18933
1.46775
4.01268
2.32991
2.55493
2.39157
0.411722
-1.94074
-1.36225
0.542023
-0.879985
3.71863
3.36168
6.00754
3.73677
4.85096
2.46856
2.11861
1.39076
0.969526
0.33882
1.81081
3.47388
1.84749
0.998619
-0.208699
-1.32741
-0.116882
0.199622
1.25841
2.27475
3.28294
2.00954
2.04023
1.59378
0.675121
1.40247
1.16882
1.94042
2.10311
0.533191
1.53033
-1.10925
-1.52562
0.952971
2.86049
2.765
2.12273
2.37738
0.495862
0.710908
2.58925
-0.273664
0.857212
-0.954855
0.923142
1.86924
2.16288
2.25789
2.26863
1.12217
1.43254
0.639306
1.4751
1.25531
2.30616
1.48093
2.44747
1.27634
1.96004
0.705887
2.97628
1.72815
2.51542
2.88261
3.05442
1.15487
1.78295
1.67876
1.28275
0.548534
1.95475
1.83185
3.12761
2.70988
1.76381
1.78364
2.57059
1.5396
2.02076
0.794209
1.26788
1.55058
1.71984
0.185524
4.28253
1.87936
1.76143
1.09864
3.34559
2.84119
1.94259
2.91534
3.68577
2.65526
1.54547
2.91862
1.17946
2.49966
1.84837
2.36593
0.894551
2.18768
3.50321
3.14136
3.23412
1.7675
1.83961
2.51441
2.89113
3.29172
2.97459
2.02122
1.89729
5.4887
2.75118
3.48169
2.00845
2.64497
3.11653
2.07627
2.41413
0.188377
2.01731
4.17288
4.58859
1.16369
3.10726
0.760589
-0.24599
1.87359
0.839921
1.03262
2.03949
3.03615
3.03612
2.83934
2.84635
2.55377
1.82324
1.44929
1.75608
1.55505
1.98613
1.36124
1.34128
0.677186
1.4154
0.941885
1.42252
1.83605
1.60448
2.52495
1.39607
2.22082
1.71448
2.22245
2.0351
1.79951
1.5067
1.01543
2.12647
1.50384
0.840996
0.214375
0.320136
1.32109
1.22114
1.06498
1.5453
1.65886
1.4205
1.73238
0.824369
1.07194
1.14356
1.66427
1.53283
1.75915
1.12968
1.66284
1.01767
0.811332
1.15359
1.30406
1.30708
1.95541
1.17609
1.62868
1.13463
1.93366
1.58282
1.10291
1.24029
1.12237
1.52818
1.90437
1.40207
1.25843
1.64091
2.27004
0.97082
2.44249
0.632552
1.36078
0.189203
1.29628
-0.229313
1.17325
0.785258
0.783774
0.994554
0.840258
0.869581
1.341
2.19267
1.96505
1.42139
1.35628
1.63852
1.55986
2.14437
1.1035
1.74411
1.15238
2.0419
1.07748
0.748981
1.2651
1.23419
1.4253
1.49925
1.31401
-0.125119
1.11022
0.348983
-2.49651
-1.04213
-0.327524
0.873901
1.32421
0.956878
1.44669
1.00036
1.18637
0.331542
1.31196
0.716646
1.30842
1.30952
0.734145
0.688346
0.595895
1.17814
0.495109
1.30818
1.25874
0.0749224
1.7641
1.70453
0.444012
0.765176
1.04667
0.620379
0.241291
0.405385
1.00023
0.887465
1.29786
0.949236
0.808772
1.41367
1.7758
1.18171
1.61412
0.658632
0.810949
0.723675
1.45073
0.995858
0.801285