0.1
-0.16513
-0.136048
-0.400439
-0.221174
-0.180045
-0.0857444
0.138286
0.15249
-0.418827
-0.159544
-0.204791
0.0701811
0.553072
0.515055
-0.0476938
-0.220616
-0.363342
-0.412418
-0.578877
-0.398834
0.0625057
-0.0365662
-0.479123
-0.36497
-0.0858157
0.41698
0.471525
0.00246397
-0.22062
-0.240034
-0.077432
-0.60858
-0.0932664
-0.0383278
-0.0752858
0.147561
0.326836
0.0288007
0.55405
0.711579
0.162036
0.179163
0.065169
-0.389508
0.665274
0.510928
1.43548
0.937666
0.775709
0.675579
0.702558
0.614379
-0.00754606
-1.1206
-0.510368
-0.107515
-0.107163
0.101108
-0.134698
-0.119182
-0.404334
-0.159191
0.264962
0.87616
0.197213
-0.0868292
-0.480312
-0.588282
-0.173885
-0.00720633
-0.0742214
0.0727239
0.943015
0.766603
0.345719
0.283009
0.441174
-0.019416
-0.510519
0.0383659
0.597821
0.469189
-0.120715
-0.0788739
-0.0911507
-0.00600782
0.344756
0.257911
0.147349
0.526124
0.716565
0.205713
-0.240472
0.175907
0.306529
0.464712
0.288697
-0.586515
-0.397481
-0.664354
-0.215608
-0.0167995
0.106276
-0.549922
0.43873
0.648906
0.477088
-0.238753
-0.139157
-0.175961
-0.434961
-0.283413
0.16644
0.651696
0.509699
-0.488084
0.265432
0.729521
0.412975
-0.376248
-0.472373
-0.149742
-0.317879
0.0394827
-0.0542537
0.187262
-0.260185
-0.169415
0.303118
0.128981
0.211415
0.262859
0.718668
0.130142
0.168565
-0.266734
0.00705896
0.638547
0.894458
0.578099
0.391656
0.295136
-0.241488
0.689257
0.698366
0.885356
0.0880013
-0.363463
0.0420904
0.257685
-0.148293
-0.218084
0.0878552
-0.553175
0.451374
0.801575
-0.174264
-0.146801
-0.14185
-0.087883
-0.165835
-0.160949
-0.0138949
0.322143
0.140455
-0.173619
0.368054
-0.114116
-0.577341
-0.358566
-0.219246
-0.0809138
0.11213
-0.210334
-0.146758
-0.0781733
0.0611121
-0.182458
-0.199514
0.257189
-0.0360308
-0.121102
0.228619
0.451087
0.371158
0.208671
0.0360483
0.12197
0.0556964
-0.417859
0.242054
0.689548
0.28071
0.259252
0.0654112
0.461674
0.153902
0.339612
-0.500324
0.520836
0.229926
-0.464528
0.00959123
-0.172656
0.263668
-0.35011
0.327314
-0.331232
-0.34413
0.0187992
-0.308937
-0.0803343
0.337796
-0.225678
0.39848
0.535391
-0.0327472
-0.0516211
-0.403787
-0.0994206
-0.292505
-0.243904
-0.382892
0.00219347
-0.294597
-0.0786446
-0.187637
-0.0764356
0.464219
0.797071
1.30311
0.0737764
-0.131972
-0.149892
-0.136626
-0.334889
0.0403347
0.368641
-0.125
0.206863
0.0974968
0.627559
-0.0496137
-0.454044
-0.109181
-0.191669
0.09014
-0.520958
-0.378608
-0.619848
-0.291446
0.339884
0.191995
-0.485657
0.166758
-0.147487
-0.190527
-0.0696359
0.0684393
-0.113375
-0.309738
-0.364564
-0.369132
0.106704
0.640371
0.362743
0.308151
0.714771
0.50202
0.0945859
0.194127
0.0723615
0.272069
0.213012
-0.463992
0.308687
0.539121
0.484837
0.0391696
-0.00336277
0.399972
1.19116
0.905178
-0.030559
-0.120948
0.163269
-0.162994
0.674201
0.0454204
-0.652725
0.158964
0.750183
0.139404
-0.508381
-0.620544
-0.448031
-0.177803
0.250924
-0.222319
0.0729569
-0.755773
0.4194
-0.341301
-0.516291
-0.039611
0.461475
0.116126
-0.678875
-0.274533
0.0105571
-0.463078
0.127669
0.0272627
0.431765
1.24251
0.510918
0.0486476
0.0624558
-0.298812
0.271489
0.205778
0.236036
0.532826
0.276304
0.562937
0.442466
0.111705
-0.349513
-0.118621
0.18048
0.506736
0.485042
-0.0633122
0.0399286
-0.777879
0.70231
1.44682
0.674628
-0.391173
-0.261691
0.226075
0.528309
0.457797
0.419622
0.817406
-0.116912
0.297031
0.378841
0.281304
-0.0455019
0.0123823
-0.237147
0.0820727
0.583718
1.32513
0.873048
-0.452702
0.0411965
0.436208
0.0314901
-0.813834
0.939018
0.34839
-0.236824
0.692056
0.207877
-0.803949
0.363238
0.251597
0.0707379
-0.134096
-0.223962
0.0397947
-0.160762
0.13133
-0.545225
-0.092057
-0.148445
0.0969132
0.71955
0.357641
0.327027
0.221429
0.457962
0.36004
-0.153195
-0.43488
-0.2251
0.0268197
0.0278758
0.158758
0.468285
0.642857
0.021704
0.383568
-0.283911
-0.246269
-0.179228
-0.143509
-0.259659
-0.0742735
-0.163635
-0.0751341
-0.0666093
-0.0752175
-0.246084
-0.0523894
-0.101661
0.00101276
0.00554362
-0.108361
0.631226
1.19174
1.18796
-0.202927
0.183977
0.0252209
0.654539
0.27203
0.0228814
-0.28411
-0.000524341
0.521597
-0.148925
-0.236554
-0.340583
-0.250212
0.126207
-0.769536
0.793997
0.739705
0.412676
-0.0982305
-0.378153
-0.308374
-0.133911
0.38989
0.722227
-0.00827303
0.0401971
-0.126358
0.40804
0.0253523
0.455076
-0.52354
-0.770147
-0.110798
-0.443602
-0.0694383
-0.139866
-0.0102235
-0.0876158
-0.350323
-0.540307
-0.377272
-0.175671
-0.350553
0.100524
0.47827
-0.436489
0.0103007
-0.288965
0.458176
0.237404
-0.29436
-0.244804
0.0601682
-0.120796
-0.0393913
-0.055006
-0.119872
0.222438
0.06206
0.047103
0.376539
-0.00132256
-0.761136
-0.471749
-0.183802
-0.0930069
-0.286348
-0.549742
-0.244322
-0.219052
-0.0423299
-0.112794
0.0939954
0.587844
0.565789
0.149312
-0.07339
-0.472378
-0.390954
0.306895
0.613059
0.437969
-0.0608641
0.157633
-0.0557363
-0.257076
0.124377
0.742156
0.397409
0.236205
0.524658
0.628343
0.110998
-0.104389
0.300014
-0.0997219
0.454116
0.531869
0.0118711
0.0858436
0.318133
0.218561
0.909721
0.913953
0.266106
-0.341353
0.190329
-0.0795843
0.291775
0.318146
-0.111754
0.320222
-0.280924
-0.0536362
0.0842427
-0.0242291
0.205474
0.612769
0.693769
0.17787
0.410515
-0.108211
-0.320819
-0.672928
-0.18641
-0.373555
-0.288744
-0.155442
-0.273479
-0.265226
-0.0270493
-0.234922
-0.371118
-0.200016
0.0265274
-0.108215
-0.102378
-0.105129
0.0805505
0.733168
0.927899
0.928622
0.645219
1.00142
0.898811
1.2205
0.881849
-0.0268087
-0.587325
-0.338754
-0.151534
-0.0447158
0.335346
0.678738
0.142602
-0.390161
0.0282335
-0.117266
0.415469
-0.0869262
-0.0996384
-0.0500915
0.162066
0.312052
0.752195
0.0113144
-0.408998
0.208373
0.610734
0.98347
0.698602
0.453851
-0.0901349
0.519035
0.193993
0.548269
0.387127
-0.32941
0.967048
1.31296
1.35202
0.701919
0.449432
0.183318
0.0457179