0
-0.0928409
0.255222
-0.282117
0.0535279
-0.487464
0.502485
0.0469255
0.120112
0.377977
-0.189373
-0.198462
0.76579
0.825105
-0.0732059
0.362408
-0.236654
0.172464
-0.849921
0.417165
-0.707863
0.520598
0.804215
0.215633
0.142746
-0.188534
0.473755
1.20472
0.92947
0.325085
-0.0618489
-0.187238
1.00998
-0.615273
1.01971
0.68631
0.242186
0.382096
0.20554
0.194421
-0.27605
1.02351
1.10026
0.520953
0.579318
0.256367
-0.511627
0.485336
1.83594
1.51351
1.82219
1.92429
2.07877
2.04081
1.29387
-0.666638
0.507021
0.536516
0.113447
0.33596
-0.718505
0.479388
1.01147
0.756417
1.20123
0.396544
0.155908
-0.847946
0.286837
-0.77028
0.981345
0.811505
0.322448
0.285801
0.663786
1.47037
1.23898
0.983854
0.985311
1.08448
0.411883
0.660084
0.424407
-0.216346
0.338341
0.0209066
0.316571
-0.0807218
0.285358
0.784437
-0.58515
0.690662
1.01755
1.17249
0.627023
0.0954952
0.188505
0.310714
0.101108
-0.601366
-0.0189027
-0.487187
0.912909
0.832275
0.702539
0.638709
0.0869588
0.26305
0.186169
-0.570499
1.07133
0.531786
0.577954
-0.505712
0.436627
0.832
0.692095
0.50643
-0.632538
1.06635
0.686402
-0.208633
0.133838
-0.592881
0.850575
-0.0278649
0.52724
-0.301622
0.252876
-0.35448
0.383938
0.962749
1.05675
0.974847
0.825611
1.26518
0.509024
0.586469
-0.168459
0.856508
1.10128
0.926463
0.91344
0.823073
0.063981
0.95369
0.530294
0.412446
0.900028
0.144018