0
-0.707102
0.577373
-0.547077
-0.305414
-0.986603
-0.230106
0.709013
0.314021
1.14096
0.202905
-0.860139
2.28066
1.49127
-0.0299578
0.67643
-0.224387
2.13545
-0.908125
-0.558894
-0.557835
-0.19118
0.381324
-0.301389
0.394348
-0.442519
0.760257
2.12779
1.44269
0.657937
0.54143
-0.750748
4.19049
-1.06703
2.03587
0.526683
0.673267
0.384798
0.731093
0.492681
-0.141725
1.47395
1.37571
0.44526
1.15773
0.610747
-0.726812
1.55323
3.66779
2.19064
3.39357
3.46798
3.53524
2.81428
1.34387
-2.42474
3.18046
0.716154
0.410523
0.743127
-0.66207
2.74887
2.59262
2.13106
3.1356
1.37041
1.07415
-1.14686
1.06416
-2.09596
2.27117
0.548556
0.769186
0.727524
2.22684
3.02337
2.30132
2.04138
2.16526
2.04507
0.339151
1.30161
0.404937
-0.636725
2.37872
0.763313
1.19319
0.413331
0.768919
1.48794
-1.3603
1.75523
1.57876
2.07555
0.757385
0.735767
0.431306
0.80275
0.158588
-1.60756
-0.462799
-0.742598
2.15537
1.2445
1.89736
1.82744
1.05569
1.00154
0.867424
-0.721398
3.30701
0.761132
1.77105
-0.71136
-0.444117
4.85438
2.42832
2.48335
0.335794
1.92754
-0.0530034
-1.18669
2.27735
-0.97402
2.80046
-0.0681413
1.83078
-0.712799
-0.722671
2.35628
0.750851
2.35056
2.32365
2.45907
1.75187
2.90775
0.650044
1.38931
-0.594706
3.50604
2.0539
2.21938
2.00724
2.19033
0.0425598
2.30479
0.465232
0.792965
1.55564
0.0751822
-0.468389
1.22644
-0.601917
1.23272
1.2789
-0.753062
2.42916
-0.540032
1.3791
0.0491781
1.57694
-0.0887205
0.36089
-0.767116
0.195295
-0.250124
1.89189
0.246121
-0.350299
-1.02543
-0.317824
1.89012
0.52177
0.926371
1.40719
0.136653
-0.629651
0.948152
0.448009
-0.638351
0.368508
1.61499
1.92163
0.543293
1.5335
1.07616
0.792499
0.238195
0.559597
-0.10416
-1.28453
1.6175
1.66292
2.12404
1.14773
2.06414
0.870644
1.89661
0.298302
1.34491
