0
0
-0.303551
0.0386864
-0.261817
-0.402707
-0.743302
-0.0468569
-0.155311
0.00956555
0.405083
-0.279552
-0.624951
0.571276
0.385894
-0.5658
0.192304
-0.312821
-0.208573
-0.755139
-0.515966
-0.519139
-0.516394
-0.505373
-0.502901
-0.495885
-0.280422
0.216159
1.02834
0.0952225
-0.261438
-0.104425
-0.483397
0.887738
-1.27426
0.471863
0.0185715
-0.125492
0.414129
0.111654
0.259435
-0.201028
0.815832
0.429106
-0.219281
0.36046
-0.0150195
-0.492357
-0.0924564
1.64914
0.111163
0.710032
0.53432
0.534946
0.533795
0.525529
0.504462
0.497214
0.330197
-0.119418
0.345897
-0.770869
-0.306769
0.830018
0.0960963
0.770454
-0.434562
0.0490187
-0.738263
-0.676899
-0.677915
-0.668446
-0.659979
-0.654958
-0.645953
-0.632928
-0.615369
-0.607559
-0.600295
-0.590794
-0.580409
-0.577746
-0.566575
-0.560106
-0.557988
-0.552217
-0.547031
-0.53927
-0.535033
-0.528798
-0.515734
-0.520988
-0.514871
-0.503263
-0.493164
-0.178215
-0.218826
0.143626
0.39106
0.0714659
-0.838099
-0.812495
-0.812523
-0.799734
-0.78913
-0.779204
-0.768847
-0.763538
-0.75362
-0.744089
-0.741529
-0.728302
-0.722843
-0.712121
-0.712759
-0.707105
-0.693144
-0.684279
-0.676101
-0.677723
-0.665817
-0.659392
-0.658562
-0.654265
-0.65567
-0.646285
-0.645256
-0.634366
-0.633284
-0.628682
-0.625715
-0.620079
-0.605206
-0.594751
-0.586066
-0.578223
-0.564719
-0.562868
-0.553456
-0.552385
-0.539714
-0.528513
-0.521374
-0.512864
-0.505226
-0.504441
-0.488711
-0.0780263
0.185181
0.778827
-0.416008
-0.205858
0.153864
-0.408013
-0.333675
0.479073
-0.878003
0.412681
-0.774538
-0.115175
-0.0612921
0.544006
-0.153057
-0.0379198
-0.272562
-0.174483
0.148876
0.73587
-0.226304
-0.547175
-0.850597
-0.845055
-0.838167
-0.830679
-0.82173
-0.810101
-0.806042
-0.801192
-0.793287
-0.783114
-0.77911
-0.772591
-0.756884
-0.742849
-0.738982
-0.728304
-0.71942
-0.711139
-0.704011
-0.694914
-0.688208
-0.686751
-0.677863
-0.664148
-0.652411
-0.647556
-0.6376
-0.631635
-0.618946
-0.614688
-0.60376
-0.606654
-0.604264
-0.604279
-0.599561
-0.590185
-0.588398
-0.590085
-0.579836
-0.580015
-0.582805
-0.582468
-0.572375
-0.5582
-0.555294
-0.543443
-0.544286
-0.536406
-0.53476
-0.534718
-0.52865
-0.525997
-0.529189
-0.521606
-0.521819
-0.518784
-0.519431
-0.509907
-0.508124
-0.502654
-0.486393
-0.137921
0.579898
1.14178
1.12263
1.11408
1.10018
1.09302
1.07613
1.07001
1.06241
1.047
1.03543
1.0331
1.01683
0.998384
0.98297
0.964968
0.957953
0.945309
0.940014
0.920987
0.91219
0.913927
0.903066
0.887347
0.879413
0.867434
0.853468
0.842582
0.834729
0.82869
0.815185
0.810386
0.797594
0.78544
0.784098
0.78126
0.779321
0.770837
0.766309
0.766494
0.760044
0.751896
0.747973
0.740039
0.736249
0.729458
0.715302
0.710523
0.706
0.697152
0.691661
0.696495
0.695962
0.689807
0.68538
0.674565
0.663771
0.650996
0.654889
0.647901
0.635196
0.634564
0.623855
0.612699
0.594789
0.589734
0.580756
0.575982
0.577821
0.576929
0.565334
0.548403
0.546196
0.532278
0.515832
0.507849
0.513532
0.511702
0.498559
-0.713697
-0.719371
-0.712322
-0.707794
-0.694894
-0.675701
-0.671904
-0.664362
-0.655373
-0.653053
-0.647476
-0.637929
-0.63473
-0.626143
-0.614339
-0.60853
-0.59561
-0.587959
-0.582456
-0.580439
-0.570183
-0.559119
-0.545547
-0.53771
-0.535571
-0.528351
-0.515526
-0.521019
-0.50649
-0.503071
-0.503583
-0.502407
-0.490656
0.376388
0.201141
0.332634
0.853359
-0.727101
0.175376
0.135844
-0.166232
0.0869509
0.0211955
-0.334968
0.587562
1.21502
1.20443
1.18378
1.17545
1.16496
1.1644
1.14938
1.12878
1.11035
1.09668
1.09664
1.08826
1.07289
1.05258
1.03891
1.02856
1.01688
1.00341
0.989424
0.980969
0.974553
0.962518
0.944044
0.942442
0.929392
0.913633
0.908324
0.899069
0.888568
0.88346
0.875913
0.872332
0.864976
0.852868
0.847456
0.837727
0.828596
0.822211
0.818708
0.815203
0.803335
0.802548
0.787475
0.779268
0.767448
0.769258
0.76036
0.748555
0.742312
0.73206
0.724889
0.71699
0.708883
0.697133
0.691741
0.683136
0.677464
0.682359
0.67409
0.67661
0.676856
0.661348
0.660437
0.652549
0.643901
0.646396
0.637627
0.631623
0.622486
0.609622
0.600729
0.604025
0.593014
0.585296
0.585063
0.576545
0.558735
0.552541
0.548734
0.541114
0.530563
0.528138
0.52331
0.528292
0.528291
0.517884
0.510679
0.501723
0.502685
0.484437
0.722623
-1.07732
0.613298
-0.868048
0.340693
-0.235116
0.133515
-0.184485
-0.685389
-0.816489
-0.81072
-0.802322
-0.800174
-0.786005
-0.774237
-0.776062
-0.768697
-0.755103
-0.753066
-0.747731
-0.744424
-0.740031
-0.737147
-0.730781
-0.719391
-0.712987
-0.707922
-0.694529
-0.689257
-0.681456
-0.669965
-0.666503
-0.670688
-0.671326
-0.666652
-0.658821
-0.652258
-0.651098
-0.653678
-0.646458
-0.64216
-0.634236
-0.629943
-0.62028
-0.607775
-0.599341
-0.594256
-0.588419
-0.585996
-0.568902
-0.559586
-0.552688
-0.54953
-0.546415