-0.0665999999999998
0.1
0.0665999999999998
0.8334
1.2
0.8333
0.2667
-0.5667
-0.8333
-0.9334
-0.4
-0.7333
-0.4
0.0667
0.2
-0.3
-0.1
0.2666
-0.4
-0.1333
-0.1333
0.1666
0.9667
1.5667
0.5333
0.166700000000001
-0.6334
-0.600000000000001
-0.333299999999999
-0.300000000000001
0.1333
-0.2
0.166700000000001
-0.0667
0
-0.2
0.1667
0.1333
0.7
1.3667
1.0667
-0.0333999999999994
-0.966600000000001
-0.533399999999999
-0.733300000000001
0.166700000000001
0.333299999999999
-0.466699999999999
0.0999999999999996
0.3
0.7334
0.5333
0.2
-0.2333
-0.5667
-0.5667
-0.100000000000001
0.0334000000000003
-0.0334000000000003
0.2334
-0.0334000000000003
-0.2333
0.0667
-0.0999999999999996
-0.2667
-0.2
-0.0332999999999997
-0.0667
-0.233300000000001
-0.3
-0.2667
-0.2333
-0.0333999999999999
-0.0665999999999998
-0.0667
0.1333
0
-0.0333000000000001
0.1
-0.1667
-0.1666
-0.0333999999999999
-0.1333
0
0.0333000000000001
0.1334
0
0.6
0.600000000000001
0.399999999999999
0.666600000000001
0.0999999999999996
-0.0332999999999997
0.133299999999999
-0.0999999999999996
-0.1666
-0.0667
-0.1333
-0.2
-0.4334
0
-0.1333
-0.0332999999999997
0.3666
0.0667
0.4333
0.966699999999999
1.6667
0.6
-0.4
-0.166699999999999
-0.566700000000001
-0.1666
0.1666
0.0334000000000003
-0.2667
-0.3667
-0.2333
-0.233300000000001
-0.333399999999999
-0.3333
0.0332999999999997
-0.133299999999999
-0.0333000000000006
-0.1667
0.1667
0.100000000000001
0.333299999999999
1.0333
0.333399999999999
-0.266699999999999
0.0332999999999997
-0.0332999999999997
0
0.833299999999999
0.6
0.6
0.466700000000001
0.7667
-0.300000000000001
-0.2334
-0.7666
-0.833399999999999
-0.666600000000001
-0.4334
0
-0.1333
-0.0667
0.0667
-0.0999999999999996
-0.166700000000001
0
0.1334
-0.199999999999999
-0.1334
-0.233300000000001
-0.333299999999999
-0.2667
-0.1667
-0.1333
-0.2333
0
-0.1334
-0.1333
0.0332999999999997
0
0.1334
-0.0667
0.0333000000000006
0.3667
0.4333
0.466699999999999
0.233300000000001
0.0333999999999994
0.2333
0.2667
0.2333
0.0333000000000006
-0.2666
-0.2334
-0.0666000000000002
-0.2667
-0.1667
-0.0666000000000002
-0.3667
-0.2
-0.3667
-0.1666
0.199999999999999
0
-0.0999999999999996
-0.0334000000000003
-0.0332999999999997
-0.2333
0.0666000000000002
-0.100000000000001
-0.2333
-0.1333
-0.2
-0.0333999999999994
-0.2333
0.133299999999999
-0.0999999999999996
-0.1333
-0.0332999999999997
-0.0334000000000003
-0.1666
-0.0334000000000003
-0.0999999999999996
0.0667
-0.1
0.3333
0.166700000000001
0.4333
0.6667
0.2
0.1333
-0.100000000000001
0.1334
0
0.2666
0
-0.3
-0.1333
-0.100000000000001
-0.1667
0
-0.1333
-0.2
-0.133299999999999
0
-0.2334
-0.0999999999999996
0
-0.2
0.0667
0
0.1667
0.1333
0.2
0.3333
0.6667
0.8667
1.4
1.0333
0.333299999999999
0.299999999999999
-0.0999999999999996
-0.199999999999999
-0.166600000000001
0.0333000000000006
-0.466699999999999
0.0334000000000003
-0.0667000000000009
-0.3667
-0.3666
-0.0667000000000009
-0.166699999999999
-0.233300000000001
-0.0667
-0.2
-0.3
-0.3
-0.2666
-0.466699999999999
-0.1333
-0.3667
-0.166700000000001
-0.0999999999999996
-0.3333
-0.0667
-0.133299999999999
0.0332999999999997
-0.0332999999999997
-0.1333
-0.2
-0.1667
-0.100000000000001
-0.1667
-0.100000000000001
-0.0999999999999996
-0.1666
0.0665999999999998
0.0333999999999999
-0.2
-0.0667
0