0.0565696
-0.167972
0.0754802
-0.0128992
-0.0328601
-0.0113381
-0.270479
-0.189938
-0.0294572
-0.201714
0.0410155
0
0.119199
0.0771765
0.182607
-0.106022
-0.157751
0.167844
0.0179169
0.0580101
-0.0233863
-0.0924092
-0.125126
-0.0996281
-0.0444078
-0.0446052
0.178951
0.0216478
-0.117918
-0.0144055
-0.0578304
0.115328
-0.31745
-0.131056
0.000600198
0.11802
-0.000592433
-0.0154191
-0.0637082
0.219764
0.395825
-0.00842815
0.00168647
-0.0880621
-0.0391985
0.0985559
0.155476
0.389645
-0.201635
0.127708
-0.0382497
0.161691
-0.306306
0.0366235
-0.0213017
0.00327999
0.0762323
-0.405169
-0.2193
0.0276765
-0.0733956
-0.23891
-0.439011
0.00930665
0.255317
0.118388
-0.0996645
-0.0132839
0.179635
-0.102595
-0.107901
0.0856921
0.0891342
0.306147
-0.0527008
0.0492341
0.204177
0.0243133
0.0214377
-0.1396
-0.109171
0.0662197
0.252188
0.0957955
0.00332507
-0.0616959
-0.0385444
0.0658267
0.127074
-0.13653
-0.135036
-0.0469308
-0.0295157
-0.211985
0.0110251
-0.290694
0.269793
0.00232464
0.108071
0.0573166
0.123259
0.117295
-0.0503413
0.0898768
-0.0988535
0.0386524
-0.127727
0.142253
-0.121887
-0.0612215
-0.116672
0.0373231
-0.0465323
-0.0086408
0.14248
0.147759
0.211047
-0.0181048
0.182283
0.0156247
0.0686737
-0.0616773
-0.00538126
-0.0794409
0.0416908
0.0474339
-0.0815316
0.0438181
-0.20725
-0.0985771
-0.0799046
0.117123
0.130008
0.0567595
0.00108811
-0.103378
-0.0363542
0.0451472
-0.224991
0.0710987
-0.0851543
0.0179874
-0.0472869
0.0770082
0.00783625
0.203806
0.164745
0.285992
-0.0183587
-0.0558071
-0.00422415
0.0647554
0.0335291
-0.0655912
-0.112768
0.141682
0.112229
0.0553872
0.112926
-0.0773707
0.0477232
-0.0451517
0.199075
0.0758326
0.0134987
-0.0315263
-0.0421894
0.0416883
0.0460073
0.0269054
-0.0864548
-0.0175822
-0.119877
0.105286
-0.0540226
-0.0405824
-0.0193347
-0.00407544
-0.119939
0.0662981
0.0122864
0.236614
0.121178
0.0399044
0.00982849
-0.0221277
-0.126324
-0.0755626
-0.0812013
0.10378
-0.0567943
0.0146064
0.155808
-0.0133876
-0.133868
-0.00955915
-0.0899992
-0.100047
-0.0896637
0.0650089
-0.144521
-0.026122
0.0823138
0.0780385
-0.113382
0.0953475
-0.0103199
-0.0694197
0.0140267
-0.0301552
-0.220588
-0.00745527
-0.121662
0.097661
0.0383738
-0.151145
-0.0867826
0.0581196
-0.0521286
0.13304
0.158298
-0.00370198
0.0748354
-0.0838326
-0.0845407
0.016006
-0.0422044
-0.0439966
0.1505
0.0306745
0.112895
-0.0209074
0.0480222
-0.0187636
-0.0990913
0.10952
-0.0968822
0.0524853
0.0984506
0.0315699
0.0366196
0.107024
-0.0127418
0.152844
-0.068036
-0.0283586
-0.0595107
-0.0974017
-0.0817256
0.0502524
0.0443436
0.187055
0.0267262
0.0326806
-0.00502084
-0.142126
0.0599293
0.0343726
-0.06734
-0.106745
0.0930189
0.147957
0.0559831
-0.0404564
-0.0431337
0.231037
0.242133
0.20452
-0.0868007
-0.0436857
0.0659293
0.161782
-0.0527019
0.00607741
0.128159
-0.0254083
-0.0645024
-0.0546179
0.114032
-0.100466
-0.0515538
-0.0792534
0.0566734
0.167656
0.0660071
0.047274
0.0993267
0.0488448
-0.111607
-0.0310706
-0.133606
0.00880787
-0.0963849
-0.0370317
-0.0972112
-0.00189769
0.050622
0.0705354
-0.263986
-0.0139616
0.114489
0.0375569
-0.0618784
-0.0689918
-0.108762
0.169157
0.0761691
0.0539182
0.0320244
-0.0575281
0.00992533
0.0565319
0.140411
0.0263685
-0.0793163
0.0418236
-0.0824197
-0.0553267
0.00188119
-0.0631906
0.119442
0.0266086
0.0107171
0.0111701
0.229927
0.145322
-0.0188356
-0.0779619
-0.0835908
0.0182315
-0.0639564
-0.05653
0.00691101
-0.163451
-0.260864
0.018244
0.133884
-0.1219
0.0458863
0.0996497
-0.00944778
0.15057
0.00791098
-0.0209551
-0.296156
-0.0534418
-0.00434515
0.228226
0.0103807
-0.00613245
-0.0435048
0.205912
0.030131
0.12831
-0.00777103
-0.0485921
0.133292
0.0276218
-0.0603236
-0.00819247
-0.182876
0.0282471
-0.0106412
0.165725
0.122629
-0.0342393
0.0445783
0.0769783
0.0378241
0.110865
-0.0528496
0.076102
-0.00306788
-0.0571506
0.0982729
-0.071415
-0.109199
0.112716
0.14184
0.0419467
0.0602334
-0.214177
-0.131009
0.0447452
-0.122303
0.0562219
0.120742
-0.0745724
-0.0613092
0.135003
0.0166932
0.0179791
-0.00613535
0.140179
0.0912303
-0.0132878
0.104967
-0.144939
0.0309596
-0.182402
0.0558092
0.00956191
-0.0230492
-0.0949282
0.0285294
-0.103975
0
0.102221
-0.129717
-0.163872
0.0517798
0.112981
-0.195957
-0.042203
0.176246
-0.248814
-0.177463
0.157287
0.187338
-0.0157789
-0.0756325
-0.0688817
-0.0440413
0.182237
0.194485
-0.070204
0.0227151
-0.118593
-0.0840877
-0.00908389
-0.00227226
-0.218718
-0.0746063
0.036906
-0.0988789
-0.187774
-0.009602
0.0879932
0.131963
-0.0404909
-0.0226717
0.143192
0.0153709
0.0176694
-0.0619823
0.0953784
0.00231498
-0.112196
-0.157127
-0.0510166
0.204397
-0.0889099
0.0687508
0.0766688
0.0139613
0.0727476
0.0928271
-0.032988
-0.173128
0.0975799
-0.0203673
-0.0874915
0.11895
0.0538958
0.047208
0.00365753
0.0337664
-0.0511508
-0.08553
-0.0462878
-0.103062
-0.231891
0.035917
-0.198915
0.00877388
-0.11072
-0.250412
0.138951
0.169424
-0.0220648
-0.066488
0.113501
-0.0903031
-0.0380335
-0.215094
0.0720463
-0.129347
-0.120742
-0.0350627
-0.171924
-0.0643154
0.137614
0.114109
-0.16641
0.0240925
0.0740092
0.0543747
-0.231445
-0.101464
-0.0358379
0.0667577
0.0546757
0.166942
0
0.14985
-0.0395698
0.16596
0.252532
0.133421
-0.0419927
0.0492989
-0.060559
0.0897306
0.0821936
-0.102119
-0.0111949
0.104642
-0.0260575
0.22739
-0.0103963
-0.0878552
0.0504335
-0.00379764
-0.152127
-0.0497744
-0.123323
-0.157694
0.0268698
0.111678
-0.121124
-0.0458645
-0.144445
0.140947
0.0284513
0.100179
0.177056
0.0608996
-0.0720565
0.0421369
-0.166671
-0.0715117
-0.110488
-0.185373
0.0137553
0.0972754
-0.175987
0.0919406
0.0132106
-0.0841348
0.124168
-0.270142
-0.00883666
-0.0187391
-0.115815
0.0115897
0.146339
-0.128981
-0.00736016
0.0194412
-0.152336
0.0165096
-0.142014
0.124971
-0.228594
0.0527595
0.0702744
0.223196
0.108454
-0.00469117
0.193619
-0.116238
-0.138565
-0.040999
-0.11815
-0.0475468
-0.136409
-0.00271466
-0.0938357
0.0388412
0.144191
0.252949
-0.169877
0.198173
0.107214
-0.133412
0.0804687
0.115901
0.0231226
-0.0375372
0.068796
-0.022025
-0.117081
-0.00518941
0.00674597
-0.0854351
-0.0962029
0.217366
0.0577236
0.0333479
-0.0637142
0.18336
-0.0604079
0.0947632
-0.045496
-0.0238413
0.0040624
-0.0800232
-0.0878933
-0.0917982
-0.0114695
0.0680998
0.00466177
-0.035795
0.0202478
-0.0176496
0.0838171
0.0575391
-0.011276
0.0852805
-0.0540458
-0.145221
-0.175829
-0.0688671
0.0249533
0.0839566
-0.160606
0.0793002
-0.118383
-0.0268572
-0.0544724
-0.0270768
0.0535413
0.100892
-0.0852622
0.0182935
-0.125496
-0.130398
-0.225882
0.0416544
0.124489
0.131175
-0.0670263
-0.00385914
-0.0858422
0.164938
-0.0642175
0.143778
0.159917
-0.00908458
-0.104803
0.126166
-0.0267108
-0.103779
0.0323782
0.0311999
-0.14553
-0.068353
-0.112011
0.0188482
-0.00664793
0.124471
-0.11727
-0.0194019
-0.141378
0.175722
-0.00553128
-0.0677295
-0.122742
-0.140268
0.0467855
-0.170503
0.0922144
-0.122948
0.270441
-0.173342
0.267863
0.0167851
0.126654
0.012137
0.0231288
-0.123421
0.11957
0.102918
0.00598903
0.0823946
0.216808
-0.178552
0.0241708
0.100353
-0.0527201
0.0919457
0.0538179
-0.10314
-0.0618634
0.0138992
0.0490273
-0.135947
0.102934
0.037797
0.243556
-0.0514703
0.14181
-0.0185174
-0.0583486
-0.0649437
0.0954514
0.17503
-0.12713
-0.0970677
0.313092
0.0401466
0.0344976
0.0681446
-0.128719
0.0490887
0.0169741
-0.0746024
-0.122875
0.0709762
-0.0719936
-0.023434
-0.214452
0.0452317
-0.00259397
0.106831
0.0654937
0.0534067
-0.0274308
0.044663
-0.119719
-0.281709
0.0567708
0.0783171
-0.152499
0.141571
-0.0820767
0.0700951
-0.116924
0.0352738
0.117033
-0.157582
0.0384466
-0.130687
-0.0651848
-0.0193163
-0.0166634
0.11181
0.0514717
0.0969144
-0.0963853
0.319273
-0.00717925
0.060859
0.00203876
-0.068542
0.0164109
-0.115966
0.0113981
-0.131872
0.0157282
0.0922961
0.076011
0.00617926
0.0277608
-0.0778213
-0.0664457
-0.0114646
0.217658
-0.047049
0.032242
-0.0342928
0.0220221
-0.0564336
0.0282566
-0.0154028
0.123579
-0.0157451
0.0218331
0.0647123
-0.106899
-0.0300968
-0.0934158
-0.00722157
-0.249236
0.0496097
0.114634
-0.199754
-0.00903069
0.0994141
0.010518
-0.0934707
-0.123317
-0.0365922
0.0794716
0.0208374
0.130443
-0.0306017
-0.065741
-0.0442469
0.057536
-0.0998324
-0.053259
-0.34685
0.0551335
0.0868156
-0.135808
-0.13598
0.116987
-0.0431486
0.111689
0.0177555
-0.0199766
0.0515247
-0.132953
-0.0432133
0.0918158
0.0522486
0.0729121
-0.146919
-0.0605013
-0.0506986
-0.0759635
-0.0949127
-0.113237
0.0179954
0.228775
-0.0568474
-0.066924
0.299087
0.103622
0.0807095
0.0185753
-0.051988
0.189136
0.0478021
-0.0736784
-0.0693315
-0.00870091
0
0.199285
0.158192
-0.0769314
-0.0482515
-0.0452815
0.0138725
-0.0448888
0.127194
-0.0063476
-0.103722
-0.0697503
-0.157372
-0.040557
-0.255868
0.222863
0.109051
0.0651893
0.0513085
-0.036159
-0.00378506
-0.0820054
0.222183
-0.0840856
-0.210889
-0.0567388
0.115342
0.01746
0.210375
-0.0358283
0.0550262
0.0111817
-0.0378555
0.192578
0.17968
-0.0609162
-0.0701502
-0.00573755
-0.00156501
-0.0324068
-0.0640756
0.0509787
0.0876835
0.142915
0.0709532
-0.0300554
0.0214049
-0.0505272
-0.104412
0.0613389
0.0215592
0.0842508
0.0709331
0.112457
0.0889647
0.0153271
-0.00939142
-0.182649
0.0145946
-0.0261844
-0.137584
0.0229774
0.035638
0.0789683
-0.136561
0.0397895
-0.0597441
-0.0657731
-0.0377053
0.02326
0.0843151
0.120097
-0.0812641
0.0691164
0.112808
-0.030594
0.131738
-0.00942295
-0.0667135
0.0199611
0.0104635
-0.163177
-0.135564
-0.0865764
0.0629456
0.0926619
-0.0628759
0.076116
0.0111894
0.0132085
0.0359793
-0.0126541
0.147808
0.020938
0.111429
-0.0518456
0.122025
0.0526781
0.0717395
-0.0309593
0.0531531
0.0322369
0.0584346
-0.102727
0.0106093
0.0283982
0.0799447
-0.106414
0.0523896
0.0311117
0.114043
-0.0212842
0.0477084
-0.0268972
0.103414
-0.0356032
0.0748087
-0.0466898
-0.100655
-0.118885
-0.0321025
0.008155
0.139996
-0.0659449
0.100404
0.0117738
0.0577254
-0.0765702
0.0428199
-0.123785
0.0521575
0.0151219
0.0715194
-0.0743524
-0.0411795
0.00806067
0.0519948
-0.047731
0.020821
0.083793
-0.147339
0.0890413
0.0784352
-0.000935487
-0.0520705
-0.0679564
0.00568051
-0.0241659
-0.0342155
-0.112979
0.0341233
0.0640882
0.0986716
-0.0241031
-0.00189365
0.0509846
-0.0230991
-0.0330923
0.010412
0.0603664
-0.132527
-0.0943062
-0.0120317
0.025489
-0.0409117
-0.110572
-0.10343
-0.199061
0.0281081
0.060964
-0.0724985
-0.164432
0.111098
-0.142776
0.104867
-0.0599348
-0.00917456
0.037663
0.138233
0.0698989
0.066943
-0.0505381
-0.0692833
-0.0130135
0.00350554
-0.0602593
-0.036331
0.012125
-0.00555529
0.0337895
0.165277
-0.0930382
0.0856071
0.0148566
-0.00197973
-0.011886
-0.0751078
-0.127122
-0.0354592
0.0324249
-0.0283658
0.0677422
0.0572717
0.0429898
0.0770171
0.107326
-0.0196069
0.133059
0.0723627
0.0278407
-0.0254376
-0.0394836
0.0462099
-0.013456
-0.0598077
0.0694208
0.104662
0.00332832
0.0142477
0.121231
-0.0451133
0.0872226
-0.0266484
0.0774106
-0.00511048
0.0459063
-0.0687067
-0.0518407
0.0537046
-0.0163144
0.114568
-0.0452994
0.0314541
0.0914839
-0.0229074
-0.0211206
-0.123485
0.0125576
0.0500687
-0.0556484
-0.115527
-0.00423433
0.0736174
0.00793869
0.208346
0.118618
-0.00723065
-0.029885
0.107798
-0.0535284
0.00450918
0.0991377
-0.0514646
0.0505721
-0.0299551
0.000896333
0.09757
0.0953107
-0.00878696
-0.0189184
0.0855062
0.110292
0.012516
0.130687
-0.173477
-0.0704165
-0.228546
0.067164
-0.019525
-0.170676
-0.00542302
-0.0394076
0.0867615
-0.130881
0.114219
0.133407
0.131651
0.0389843
0.00961414
0.0618278
0.0138802
0.0501562
-0.012516
-0.256755
0.113663
0.104151
-0.0216995
0.129068
0.0747755
-0.0923759
0.144176
0.171311
-0.058872
0.0825729
0.0715931
-0.0786558
0.0157799
0.134369
0.0766758
-0.12675
0.0201414
0.193581
-0.0719517
0.153382
0.0537882
-0.0318396
-0.0219486
0.151458
0.0670624
0.151674
-0.00808834
-0.0513755
0.0663914
0.111331
-0.00380532
0.0269868
-0.0647375
-0.087102
-0.0758228
-0.0482675
0.0198798
0.153802
-0.0211137
0.103984
-0.0824867
-0.0288013
0.195741
0.0545329
0.1219
0.034769
0.0033222
-0.0852583
-0.167049
-0.0364059
0.0511588
-0.21858
-0.0557878
0.0881883
-0.167367
0.129943
-0.0301953
0.172961
0.0925472
0.030158
-0.285979
-0.20149
-0.0626392
0.0139096
0.213355
0.0260127
0.148562
-0.0367426
-0.128894
-0.0330695
0.210161
0.00152588
-0.0221537
-0.261888
-0.0982204
-0.0317624
0.0748776
0.024441
-0.0137901
0.0550467
0.204152
0.139633
0.0596816
0.0656897
-0.078503
-0.0324817
-0.0356255
0.222274
0.0979186
0.200218
0.00504415
0.0298547
-0.119956
0.127495
-0.161723
0.0770267
-0.399492
0.0959711
-0.368998
-0.0154967
0.0182059
0.0678835
0.088022
0.0414453
0.208407
0.104988
-0.12247
-0.0822373
0.119395
0.23496
0.173111
-0.0449651
-0.119817
-0.0395342
-0.0437048
0.0633103
0.0184801
0.0814863
0.292296
0.0909577
-0.00898972
-0.113754
0.295421
-0.11788
0.0940741
-0.00851571
0.0448811
-0.0609101
0.0707439
-0.0731333
0.0425844
0.0308873
0.125619
-0.0988805
-0.280724
-0.00904171
0.162207
0.27818
-0.100386
0.174688
-0.0122351
0.0046318
0.150013
0.0208296
-0.0855486
-0.189019
-0.0277748
0.176049
0.0630191
-0.198268
-0.0431465
0.0508199
-0.25193
-0.0075266
-0.17853
0.227693
0.145722
-0.0744553
-0.180849
-0.0193005
-0.101598
0.00836057
-0.15193
-0.206833
0.126609
0.403058
-0.0109602
0.0307956
-0.00854482
0.055921
-0.0723477
-0.155673
-0.108427
-0.0334643
0.225034
0.143858
0.0115553
0.11617
-0.00402966
0.134454
-0.0675017
0.0880273
-0.0607059
-0.0660987
0.0113812
0.0643627
0.153717
-0.00916916
0.136348
-0.0518472
-0.0442828
-0.132382
-0.211878
-0.0189319
0.160459
-0.00133181
-0.0343639
0.00233898
-0.117294
-0.0382748
0.14554
-0.106927
-0.348101
-0.0276903
-0.282651
-0.436528
0.609773
-0.28252
-0.000729908
0.176221
-0.0470982
0.169729
-0.144893
-0.272202
-0.0466533
0.0229832
-0.00666734
0.270855
0.0345601
0.0287088
0.109056
0.142535
-0.20904
-0.0579731
0.090747
0.0613403
0.0893834
0.222082
-0.0185195
-0.0367989
0.0416033
-0.015108
0.0766782
0.0913121
-0.0923353
-0.360064
0.00636195
0.0282257
0.257035
-0.0651106
0.00414648
-0.250477
0.164428
-0.0405037
0.0558251
0.00347874
0.22152
0.121726
0.0783343
0.131843
0.111594
-0.114886
-0.102575
-0.173783
-0.119496
-0.198198
0.140148
0.0580493
0.0444248
0.146561
0.0365579
0.0710561
-0.0339636
-0.031737
-0.0752343
0.114973
0.170182
0.118237
0.146255
0.121475
0.0484305
0.00282282
-0.0695546
0.0733182
0.0846043
0.0130482
0.0461541
0.0129712
-0.19101
0.0282735
0.116643
0.170319
0.00365716
-0.0952194
0.0365415
0.0336598
-0.0342727
0.259904
0.144698
0.0730323
0.0722131
-0.0926906
-0.0988792
0.0427912
0.25412
0.121843
-0.0124866
0.0507016
-0.0362293
0.0384895
0.162783
0.173568
-0.0240642
0.0986221
0.000542049
-0.0238833
0.157445
0.212256
-0.0918123
0.0695286
-0.0262798
0.195694
0.0206223
0.134542
-0.00991345
0.138407
-0.211666
-0.0756064
0.0530358
-0.069053
0.0436004
-0.100124
0.0407401
0.062215
-0.0653236
-0.0657524
-0.033955
-0.087771
-0.265591
0.235271
-0.115297
0.386109
0.237638
-0.0740993
0.0064367
-0.104638
0.279891
-0.0747324
0.0810035
-0.0193732
-0.0543601
-0.113213
0.0896533
0.167103
0.00459416
0.144465
0.0174353
-0.242251
-0.00610086
0.0651436
0.112745
0.151502
-0.073389
0.15901
0.0465582
-0.00647174
0.0160282
-0.160455
-0.2218
-0.112785
0.0198288
0.196498
-0.0998141
-0.0617606
-0.0215765
0.114801
0.149648
0.186029
0.0282443
0.0768914
-0.105992
0.135232
-0.0201822
0.122225
0.0156003
0.0508776
0.0157277
-0.0478804
-0.146536
0.204526
0.0317844
0.0693988
-0.0446934
-0.107768
-0.238732
0.037299
-0.0722166
-0.157896
-0.0415879
0.0407669
0.140224
-0.0485498
-0.198935
-0.115808
-0.178164
-0.0196597
0.18299
-0.256688
-0.240127
0.255979
0.0151695
0.108777
-0.0278237
0.34403
0.00598915
-0.0930951
-0.358168
-0.0158607
0.230694
-0.292499
-0.437553
-0.0983827
0.150547
-0.320987
0.226095
-0.225629
0.120729
0.0124561
0.289095
-0.109995
-0.470141
-0.0307212
0.374285
-0.0453542
0.084338
-0.562717
-0.171781
-0.360122
0.015933
0.22388
-0.125353
-0.210835
0.0813749
-0.0017674
-0.425772
-0.513073
0.00371846
-0.196882
0.512148
-0.124445
-0.454775
0.4393
0.53636
0.0474768
0.247577
0.00362908
0.0824608
0.0154743
0.282167
-0.149253
-0.057887
-0.0797104
0.16285
0.289354
-0.162261
-0.0291533
0.112756
0.131606
0.0392544
0.276635
-0.241704
-0.0210167
-0.00922732
-0.113829
0.0436033
0.00561604
0.165982
-0.0561509
0.0303017
0.257581
0.255531
0.112729
-0.0167339
0.0272075
0.169191
0.0900281
-0.276014
-0.411756
-0.10474
0.178565
0.0614957
0.0868999
-0.0154182
0.0191037
-0.0681959
-0.137775
-0.0883017
0.0287586
0.0913403
0.117181
-0.159293
0.297595
0.0447543
0.135062
0.00175631
0.0463667
0.131637
0.506501
0.127644
0.221394
-0.150492
0.0348038
-0.10304
-0.24379
-0.35237
0.0963837
0.143447
0.236093
-0.0863367
0.178236
-0.0862417
-0.329637
0.0779916
0.0504305
0.0656602
0.244825
0.123364
0.121838
-0.141214
-0.12981
-0.0512669
-0.0483965
0.0161907
-0.282057
-0.0909413
0.174411
-0.0294613
0.011888
-0.0317089
-0.166293
0.134384
0.22295
0.0852909
0.100529
0.0136553
-0.146161
-0.144615
-0.149886
0.0410358
-0.110447
0.207196
0.245423
-0.0324901
-0.0387977
0.00603273
0.0528829
-0.0223702
0.0241391
0.00293851
-0.0391088
-0.0423909
0.160729
-0.0536787
-0.284172
-0.0523742
0.192436
-0.051619
0.0917609
-0.0281351
0.134057
0.0758695
0.174898
0.0314527
0.0292763
0.0746278
-0.018674
0.0284558
-0.0416453
-0.0891925
-0.0225975
0.180713
-0.292099
0.0897154
0.000582516
-0.0687844
0.0514103
0.245583
-0.0370076
-0.00724978
0.0770672
0.0847404
-0.00966074
-0.159836
-0.0802856
-0.101314
0.133363
0.00650807
0.0110515
0.139307
-0.210655
-0.174721
0.14904
0.14541
0.104572
-0.0539234
-0.0555185
0.00662912
-0.115455
-0.0263842
0.0836576
-0.0867869
0.00382408
0.0903831
-0.0236126
0.137146
0.00758037
0.033545
-0.0940553
0.0110413
-0.0306911
0.104181
0.142857
0.060108
0.0680571
0.0121739
-0.0155229
-0.125017
-0.106441
-0.039136
0.108849
0.0860744
0.0725184
0.158873
0.0247243
0.165631
-0.0113522
-0.0648009
-0.0668661
0.0359959
0.0310409
-0.14612
0.153389
-0.0190505
-0.0820227
-0.153684
-0.103962
-0.0260269
-0.110011
-0.100812
0.0684878
0.00584956
-0.280061
0.174167
-0.00956615
-0.0529513
-0.065776
-0.199612
-0.0403105
0.162651
-0.111382
0.0554365
0.224015
0.155958
0.0550325
0.0469878
-0.00109439
-0.158326
0.142105
0.0342661
0.117527
0.193755
0.000302717
0.0287742
0.0316769
-0.147558
0.0957648
-0.180275
0.264073
-0.00927171
0.025439
0.00145224
0.0783361
0.0593056
-0.0606626
-0.0411925
-0.0755823
-0.0461598
0.00812078
0.0775793
-0.145396
-0.097615
0.0722412
-0.132072
0.121983
-0.115269
-0.0194732
0.123466
-0.0893687
0.11508
0.124974
0.0654142
0.107145
-0.0429611
0.000889262
-0.136045
-0.120264
-0.0418446
-0.130019
-0.0645701
0.211091
-0.0291637
0.0535066
0.162521
-0.0182303
0.0795878
-0.024549
0.113454
0.29056
0.0202304
0.0393626
0.052528
0.0648406
0.0378513
0.00558436
0.108008
0.157605
0.0183571
0.070972
0.0248427
-0.0246494
0.130655
0.032161
-0.221444
0.00953352
0.0706034
0.309682
0.0825899
-0.0428564
-0.0602679
0.0742145
-0.0507103
0.210426
0.0763719
0.0444377
-0.0859944
0.111457
-0.122434
0.0992299
0.0517296
-0.0619048
0.0181211
-0.0683907
0.0339456
0.0147151
0.165108
0.193899
0.209178
-0.0308545
-0.0126744
0.0182942
0.204431
-0.0689642
-0.423468
-0.344949
-0.0541462
0.162883
0.190445
-0.0572296
-0.0560894
0.090481
0.270052
0.0951663
-0.294974
-0.0414934
0.106136
-0.0498996
0.0167779
-0.165413
0.086839
0.0741627
0.0747849
-0.125084
0.198743
0.295987
0.335351
0.202898
-0.115617
0.150516
-0.0414664
-0.102701
0.127241
-0.0297721
-0.284285
-0.0763827
0.178167
-0.150997
-0.158674
-0.0066547
0.113286
0.078497
0.179114
-0.139792
0.143539
0.10502
0.347502
0.0562825
0.0488055
-0.160353
-0.151534
0.122899
0.134302
-0.26988
0.0211549
-0.257461
0.111815
0.0728343
0.0762124
-0.049931
-0.0659995
-0.0175013
0.151911
0.13514
0.113217
-0.0288874
-0.29904
-0.0440799
-0.250941
0.148429
-0.301845
0.305188
0.13409
0.0897349
-0.163915
-0.0363513
0.0410135
-0.322216
-0.00852683
0.142368
0.030892
0.10975
0.136651
0.111053
-0.226314
0.271356
0.219834
-0.195051
0.086778
0.0828684
-0.0479931
-0.224799
-0.168247
0.184749
0.107785
-0.088775
0.255032
-0.160398
-0.00167313
-0.404736
-0.165794
0.0888535
-0.199519
0.168733
-0.000832469
0.123203
0.192112
0.158051
0.26633
0.111218
-0.0258973
-0.100393
-0.139471
0.0386421
0.0388438
-0.0247823
0.114544
-0.144991
-0.0874694
0.0754557
0.0762017
-0.0983631
-0.0244953
0.108248
0.0623074
-0.0276257
0.0605193
-0.318489
0.0711748
0.0956088
-0.021072
-0.0495002
-0.0135174
0.172048
-0.120354
0.00451568
0.0708687
0.0516526
0.0741347
-0.159455
-0.0298704
0.105156
-0.152982
0.0593055
-0.0596303
0.0449025
0.0284975
-0.148232
0.195666
-0.0156029
-0.00364392
-0.271623
0.166074
0.0888884
0.0205339
0.0576073
-0.0116353
-0.0145477
0.0856385
0.0411446
0.0712732
-0.073187
-0.0619665
-0.0345136
-0.088527
-0.0184547
-0.0613565
0.204004
0.0301438
0.0286364
0.000949433
-0.0138766
0.280157
0.15823
-0.0951744
-0.0878455
0.0552701
-0.193686
-0.0423821
0.0340842
-0.194342
0.104523
-0.0351031
-0.140475
0.0115999
-0.192532
-0.238017
0.00608959
0.123385
-0.0668547
0.0407965
-0.0138712
-0.0706015
0.130964
0.0803005
-0.164301
0.0617363
-0.121826
-0.239896
0.0542542
-0.309427
0.0578902
0.12196
0.0392193
-0.0343724
-0.21626
0.215156
0.135825
0.053358
0.22614
-0.0727533
-0.111291
0.0969929
0.0444218
0.158844
0.017787
-0.0136459
-0.00217222
-0.0732167
0.0531148
-0.0786667
-0.102926
-0.199158
-0.180158
0.307027
0.121012
-0.0297497
-0.194687
-0.230038
0.0978788
-0.226723
0.180605
0.151839
0.0416989
-0.166843
-0.0141309
-0.221166
0.000708336
-0.233782
0.345145
-0.0161098
-0.000919459
-0.0760991
0.230613
-0.0498449
-0.142168
-0.0954514
-0.112575
0.0817777
0.120494
-0.328486
-0.0128065
0.0429886
0.126143
0.107747
0.00982496
-0.217521
-0.200043
0.229471
-0.100174
-0.0438964
-0.122167
-0.0173902
0.0870543
0.228074
-0.0016455
-0.123692
0.210247
-0.0407514
-0.0246546
0.0631452
-0.0734144
0.10322
0.0580658
-0.015278
-0.0638596
0.0495552
0.136529
-0.166029
-0.125107
-0.00494406
0.0494353
-0.172713
0.0369956
-0.106393
0.0821497
-0.0355702
-0.166564
0.106268
-0.19364
-0.0185689
-0.0646875
-0.134937
-0.0400667
-0.240636
0.171844
0.041758
-0.130086
-0.0488199
-0.0929541
0.144289
0.163404
0.0482598
-0.082437
-0.129115
-0.238418
-0.106489
-0.138553
0.120781
-0.141778
-0.110644
0.176307
-0.225631
-0.404052
0.258424
0.344757
0.2139
-0.164012
0.0145314
0.0435858
0.0578002
-0.404344
0.134621
0.169578
-0.0366083
0.0842988
0.281555
0.0566736
0.0208309
-0.0592328
0.302622
-0.0455713
-0.0561972
-0.09679
0.0509739
-0.0306313
0.13571
0.170456
0.11423
-0.11972
-0.210054
-0.0027858
0.0784557
0.0334261
-0.0451451
0.206124
-0.0701828
-0.143883
0.102268
-0.0387464
0.125882
0.0811878
0.0244455
0.0730339
-0.11079
0.0455915
-0.132637
0.0435813
-0.114903
-0.178405
0.0182043
-0.0394603
0.152638
-0.0359216
-0.0787229
-0.0247123
-0.039527
-0.198564
0.0781771
-0.10621
-0.100998
-0.160632
0.0755439
-0.0557768
-0.0689346
0.0943924
0.0573045
-0.238225
-0.065054
0.148836
0.177186
0.135301
-0.172786
-0.0590507
-0.0996222
-0.245923
0.0558713
-0.107933
-0.11877
0.0946736
0.127792
-0.00493724
-0.0884285
-0.225562
0.128377
-0.101294
0.063762
-0.115322
-0.171221
0.14342
0.254935
0.133111
0.10238
0.051133
-0.0448614
-0.11346
0.0692448
-0.0289189
-0.130289
-0.198356
-0.086868
0.152219
0.085582
-0.057939
-0.10462
-0.217918
0.0293873
0.0902532
-0.0471235
-0.00548791
0.22016
-0.0219296
-0.185305
0.0397279
-0.274728
-0.0309378
-0.127782
0.0949732
-0.221564
-0.200641
-0.151202
-0.0676794
-0.767809
0.133375
-0.000947114
-0.509573
0.26745
-0.113405
-0.206774
-0.395352
-0.230857
0.554622
0.107317
0.18451
0.0943832
0.162604
-0.184205
0.0996124
-0.0505891
0.417454
-0.0742538
0.0178727
0.0114029
0.335257
0.0261277
0.0143055
-0.287642
0.221966
0.236294
-0.167829
-0.170177
0.177551
0.26026
0.0684189
-0.243447
0.226223
-0.215289
-0.304152
0.207985
0.0589097
0.00563156
0.261886
-0.0528666
0.0705312
0.175975
-0.129325
-0.30978
0.422999
0.0205884
0.00478552
0.0218668
0.158291
-0.14474
-0.0797557
0.0934173
-0.0566408
-0.0206604
-0.173614
-0.0902892
0.000832531
0.0676761
-0.0273386
0.145449
0.322202
0.00391171
-0.0781782
-0.188391
-0.00955202
-0.0910555
-0.224236
-0.161454
0.328974
-0.0113099
-0.0272243
-0.0926401
0.162717
0.00613292
0.195888
0.0725282
-0.0959052
0.217595
0.00339566
-0.144652
-0.103337
0.041332
-0.15708
0.086371
-0.223616
0.143665
-0.207791
0.112661
-0.0600373
-0.0564665
0.0516778
0.00919321
0.12783
-0.0528443
0.10828
-0.126605
-0.154967
0.123125
-0.0141522
-0.131075
-0.206296
-0.0791001
0.0509715
0.00788891
0.125217
-0.0351156
0.0609029
0.147516
-0.118803
-0.0686615
-0.210831
-0.0408921
0.113135
-0.0984958
0.140903
0.0819313
0.191323
0.0861427
0.0523604
0.266173
-0.0580964
0.01612
0.061621
0.0272775
-0.0919288
-0.0790165
-0.0592434
0.0508673
0.0908369
0.0813536
0.0412484
-0.0889433
-0.0520486
0.0472037
-0.0287488
0.0861726
-0.0105275
0.139232
-0.130303
0.0106477
-0.204901
-0.0499445
-0.187364
0.0720125
0.128917
-0.179156
0.0600462
0.0762484
0.211518
-0.00313272
-0.0184403
0.0382586
-0.102468
0.00677448
-0.0760129
-0.16031
-0.00653302
-0.0511068
0.0727765
-0.0927039
-0.151864
0.0282953
-0.163583
0.247403
-0.0390409
-0.130831
0.104651
0.16261
0.0541577
-0.0109876
-0.0525742
-0.0954133
-0.0035223
-0.167124
0.0353023
-0.00958557
0.0535283
-0.0485965
-0.0108819
-0.17385
0.0339786
-0.111719
-0.388978
0.0334671
0.0456613
-0.191939
0.0116092
0.207598
-0.257861
-0.119141
-0.29298
0.426095
-0.0135495
-0.174678
-0.266531
-0.0852776
-0.348928
0.261351
-0.174815
0.111905
0.406324
-0.00159036
-0.423775
-0.30531
0.201633
0.439598
-0.0127691
-0.102484
-0.435177
-0.402594
0.00353
-0.554765
-0.0178571
0.364223
0.209452
-0.554915
-0.538769
-0.255744
-0.152517
0.408356
0.072253
0.680094
-0.0471687
0.104574
-0.524963
0.0143697
-0.408783
0.529516
-0.043568
0.354266
0.174044
-0.245154
0.0763625
-0.450744
0.40575
-0.00272606
0.346381
-0.151121
0.128766
0.303479
-0.186866
-0.156662
0.281822
-0.431411
-0.260608
0.102838
-0.281538
-0.456875
0.133752
-0.0929291
0.336014
-0.145353
0.307188
0.290852
-0.467575
-0.267819
-0.0451563
-0.0931131
-0.365934
-0.248994
-0.124993
-0.33955
-0.186023
0.154013
0.612981
-0.0370094
-0.604482
0.182345
0.389275
-0.275101
-0.338192
-0.117612
-0.144924
-0.141218
0.377073
0.507953
-0.0587471
0.67267
-0.0595741
0.369212
-0.0823027
-0.00019024
-0.114433
-0.421377
0.273282
-0.0595239
0.207107
-0.511913
0.393846
0.211164
-0.1295
0.34503
0.0888336
-0.1069
-0.319859
-0.173557
-0.0146599
0.0357612
-0.0978123
0.368091
0.043701
0.144661
-0.0978444
-0.0749679
0.424263
0.0473325
-0.0305996
-0.247261
0.301971
0.048858
-0.0100354
-0.0841912
-0.234637
-0.0698214
-0.131492
0.0874243
-0.222627
0.0866687
0.149509
-0.166452
-0.194976
0.31039
-0.111653
-0.196983
-0.0756085
0.0933357
0.0154608
-0.020555
-0.227972
0.0440944
0.127345
0.419015
-0.0223727
0.0699897
-0.154698
-0.213914
0.186353
0.0248394
0.030617
0.0132726
-0.124814
0.0252664
-0.276362
-0.121311
-0.0920767
-0.205991
-0.045851
-0.0666026
-0.361167
0.0153329
0.141772
0.257496
0.0811691
0.0675419
-0.323977
0.0734856
-0.169352
-0.140322
-0.0876294
0.247889
-0.253806
-0.0432977
0.247399
0.190448
0.194173
-0.274051
-0.193166
0.0899497
-0.157497
-0.373934
-0.092851
0.212982
0.139933
0.0296572
-0.315953
-0.0797918
-0.0776624
-0.228903
-0.240945
-0.0806478
-0.369206
0.612041
0.700229
0.329263
-0.130951
0.151941
-0.152155
0.337204
-0.583446
0.249676
-0.0294805
-0.234912
0.0372442
-0.428136
0.0631203
0.404746
0.16199
0.175135
0.338536
-0.144688
-0.0189568
-0.278956
0.104698
0.128968
0.160583
-0.0906369
0.01191
0.0550127
0.163582
-0.203324
-0.12583
0.284839
-0.0297775
0.0436677
0.0319437
0.111087
0.202657
-0.1105
-0.2844
0.0972402
-0.0177388
0.00337481
-0.00607482
0.11464
-0.00370519
-0.435335
0.0347111
0.013684
0.0763084
-0.0210678
-0.0402578
0.0205988
0.19908
0.066128
0.075727
0.187321
-0.0292725
0.0800894
-0.0976735
0.193044
-0.123545
0.0932398
0.122629
0.0964614
-0.138061
0.208652
0.0823817
0.0410931
-0.153699
0.0793084
-0.224661
-0.051104
0.0172564
-0.0168701
0.0178996
-0.0804766
-0.233237
0.216914
0.0421964
-0.0638828
0.351106
-0.01327
-0.120421
-0.133534
0.128246
0.164213
-0.034225
-0.0903952
-0.0679925
-0.000511797
-0.155069
0.0374495
-0.0103856
0.215978
-0.151738
0.177268
-0.0714729
0.0953945
0.11832
-0.127402
-0.0875529
0.144119
-0.194693
0.0140974
0.110959
0.0718629
0.0622522
-0.000529655
0.165821
0.0535401
0.0664718
0.0290992
-0.0921253
0.0791891
0.0680294
-0.113681
-0.105896
0.071382
0.130034
-0.0347585
0.141233
0.0160951
0.173432
-0.035385
-0.052738
0.0498937
-0.101578
-0.138875
0.0585299
-0.0770223
0.0474411
0.142906
0.0221818
0.061919
-0.121882
-0.272499
-0.0516414
-0.00692212
-0.102367
-0.0427467
-0.0875821
-0.169905
0.177115
0.0060462
0.318768
-0.0456086
-0.0814254
-0.0188822
0.232394
-0.0569133
0.162669
-0.0460542
0.0895262
-0.0519572
-0.011235
0.0151361
0.0133887
-0.181823
-0.11698
0.00606374
0.122688
0.136844
0.0440537
0.0604361
-0.0418905
0.193393
-0.0415509
-0.0925785
0.055632
0.119297
-0.081241
-0.0560365
0.014669
0.00439651
0.105086
-0.262357
-0.0190105
-0.0284935
-0.0569607
0.124746
0.135525
0.0178614
-0.00866329
0.0481097
-0.0200392
0.189361
-0.0528573
0.0862372
-0.0153744
-0.113352
-0.0645093
0.0615591
-0.0500946
0.0841205
0.00778323
0.0569453
-0.0109497
-0.0193211
0.0668471
-0.00334013
-0.0170903
0.0115207
0.0291281
0.0298389
0.0238012
0.0810493
0.108741
0.0318941
-0.0346191
-0.0902606
0.0816634
-0.0500311
-0.0412058
0.0450651
0.101187
0.0398367
0.122844
0.049363
-0.0810328
0.044135
0.0521441
-0.00606308
-0.0478762
0.0588623
0.0253103
-0.120749
-0.0653638
0.072788
-0.0734201
-0.0845736
0.00759223
0.0398338
0.107047
0.0128747
0.0255915
0.0100822
-0.0879024
0.0784182
0.0697656
0.0140296
0.134704
-0.069509
-0.00570741
-0.128694
0.0519626
0.0319804
0.0294357
0.0626954
0.0968653
-0.0711842
0.0489154
-0.0419999
0.0537484
-0.117978
0.0561969
-0.301623
0.0420079
-0.243087
0.0396543
0.187745
-0.18234
0.0646933
-0.207096
0.00194923
-0.0608074
0.146571
0.0614008
0.115658
-0.0388181
0.0141605
0.122685
0.188753
0.109799
-0.0932341
-0.0308797
0.0148503
0.0920319
-0.115267
-0.0232619
0.0771444
-0.0217749
0.079821
-0.0805691
0.112637
0.0681323
-0.0681323
-0.0091441
-0.158571
-0.0895858
-0.041039
0.084556
-0.0126648
0.0769565
-0.201076
-0.00536364
-0.277072
0.148219
-0.117339
0.139027
-0.030426
-0.14041
0.0452669
0.205707
-0.0919592
-0.00817502
0.0602559
-0.0505296
0.135867
0.0530031
-0.0745839
0.0480762
-0.123827
0.0598569
0.0222999
0.121037
0.0629555
0.00330387
-0.0651241
0.0326282
-0.0323854
-0.142328
0.0991201
0.0839971
0.00963347
0.0611877
-0.00165715
-0.107412
0.0534195
0.0952673
-0.0356626
0.0777229
-0.0401169
-0.0627282
-0.0450789
-0.084148
0.00846269
-0.0748419
-0.000764996
0.0273094
-0.00525947
-0.0460379
0.0124526
-0.0203422
-0.105245
-0.000415865
-0.0493405
0.041
0.0830389
-0.179276
-0.0155461
-0.0976921
0.0915513
0.0303033
0.188019
0.00907999
-0.0641191
0.0742588
-0.119091
0.0425968
-0.263844
-0.0892124
0.101731
-0.0855891
-0.0249243
-0.0269087
0.0909519
0.0466679
0.0236058
0.00829801
-0.0180726
0.144986
0.0130565
0.00244832
0.0957228
0.0533033
-0.0343951
-0.117357
0.052584
0.0556121
0.0892145
0.0193218
0.0247713
-0.0124729
-0.0696634
0.0698267
0.129111
-0.0467346
-0.0437303
-0.000460934
0.0931269
-0.060647
0.0738418
-0.105156
-0.10622
0.0557146
-0.0452363
0.0287806
0.0413597
-0.114867
0.242998
0.0984377
0.00843785
-0.0149968
-0.0156584
-0.0555718
-0.0274066
-0.101895
0.0121069
-0.0798184
0.0158405
-0.0298748
0.110729
-0.0947034
0.0594303
-0.000976601
-0.214118
0.02883
0.161448
0.117377
-0.0403843
0.0732443
0.0847216
0.0108545
-0.0198609
0.0491555
-0.0105848
-0.0186832
0.0396301
0.128318
0.00344265
-0.0369384
-0.0701227
0.130578
-0.0358329
-0.0828663
-0.0647828
0.0154615
-0.0514274
0.0976158
-0.0406084
-0.00420437
-0.0713006
0.113796
0.0387479
-0.0735753
-0.0426973
0.0531053
-0.0328197
-0.0733272
0.0557753
0.0990719
0.0221774
-0.0299313
0.0201741
-0.174048
0.0509262
0.0159011
0.0953519
0.0354848
0.00806046
-0.0132717
0.0186853
0.00608949
0.00206408
-0.0177538
0.0899335
0.0197439
-0.0882404
0.0705713
0.0555439
-0.000360745
-0.0746238
-0.0857136
0.0469795
0.053299
0.0693894
-0.0165537
-0.0155217
-0.068911
0.0305329
-0.0142284
0.0862278
-0.0057202
0.0298019
-0.05424
0.111357
0.0649191
0.0317836
-0.0578127
0.0737172
0.0601769
-0.00283795
-0.0280487
0.00188917
0.116138
-0.011558
0.0456071
-0.0533119
-0.00878411
0.0585476
-0.0158971
-0.0505675
-0.0630119
0.00120676
0.142035
-0.0183835
0.0688436
0.0190694
-0.00337238
0.0741577
0.0400507
-0.0552157
-0.0458533
-0.0702787
0.0271286
-0.0015557
0.0718411
-0.144103
0.031473
0.0462708
-0.0439648
0.0350981
-0.0365614
0.113185
0.00818593
-0.0418347
0.00779579
0.0301921
-0.0682704
0.0875159
0.046493
0.0422285
-0.00019416
-0.0161854
-0.0506672
0.048797
-0.013953
-0.193611
-0.207202
0.0323555
-0.031267
0.00253131
0.0735325
0.0323335
-7.52031e-05
-0.16504
-0.0414077
0.000664719
0.0689389
0.043472
0.0798134
0.0792318
0.0350434
-0.0329541
-0.0497229
-0.0519313
0.0903547
0.0055766
-0.0172127
-0.0119495
0.16576
0.0314496
0.0249328
0.0540261
-0.0396818
-0.00436471
0.0898569
-0.0131809
0.0073549
-0.0342559
0.138622
0.0130836
-0.0509215
-0.0385128
0.082309
-0.0224857
-0.0423785
0.0728975
0.0462354
-0.0136885
-0.0319261
0.0018879
0.0850826
-0.0653894
0.0680185
0.0178187
0.025102
-0.0955216
-0.100963
0.0877636
0.0891268
-0.00597971
0.0947652
-0.0117644
-0.0278258
0.0637554
-0.139593
0.187051
0.0492933
-0.0180196
0.0689363
0.0625621
0.00661007
-0.0235768
0.138331
-0.0132537
0.0164405
-0.0229384
0.0149363
-0.00303143
0.0278975
0.0654946
-0.0236023
0.0115167
0.103704
-0.017447
-0.081546
-0.0839356
0.0435749
0.113472
0.0785473
-0.0398614
-0.0726058
-0.0221399
-0.0493995
-0.0111207
-0.0215567
0.129695
-0.00436817
-0.110687
-0.0273782
-0.104331
-0.0821211
0.0426698
-0.0105756
0.097533
0.056191
-0.0434919
0.0569091
0.0953881
0.030451
-0.0452407
0.0574713
0.000310899
-0.085878
0.0381451
0.0200227
0.0669721
-0.00845255
0.0578031
-0.141648
-0.0446607
0.0650964
0.198411
-0.0441535
0.115522
-0.0452581
0.0461063
0.0488369
0.0597454
-0.121439
-0.125311
-0.0178913
0.0163931
0.0296283
-0.0764072
-0.0999875
0.0268089
0.0157838
-0.0627236
-0.194773
0.0355254
-0.0551324
0.12619
-0.0566508
0.0356652
-0.174399
-0.0223942
0.250471
-0.00383307
-0.0115069
0.162056
-0.0073768
0.0109965
-6.61355e-05
-0.0520716
-0.00162947
0.126422
0.0263292
-0.0116598
-0.0685128
0.0244603
0.072802
0.0659549
-0.0121517
0.060591
-0.0474365
0.0296934
-0.0548617
0.0292882
-0.0465695
0.150048
0.0560065
-0.0256843
0.0571633
-0.0355976
0.020042
-0.0191201
0.0259695
0.0432819
-0.0396015
-0.00365846
0.0666915
-0.0203214
0.0183439
0.103492
-0.000947343
0.0121566
0.0244348
-0.0261375
0.0335787
-0.121627
0.0838216
0.0462869
0.128003
-0.00709182
0.0660882
0.0163
-0.0270302
0.0585704
-0.000511209
-0.081535
0.0114562
-0.101312
-0.0731801
0.0876267
-0.0847141
-0.0451207
-0.00772693
0.0894832
0.176927
0.162882
-0.0400471
0.0226615
0.103345
-0.14405
0.0196036
-0.00601736
0.00164146
-0.0820307
0.123159
-0.0910565
0.0943242
0.00802521
-0.0550761
0.0787312
0.0539657
-0.0402008
0.0240481
0.0990087
-0.00240024
0.0663616
0.0129398
-0.158857
0.113661
-0.0963978
-0.039887
0.0431413
-0.0370097
-0.0455749
0.0768346
0.121922
0.0750739
0.0189541
0.0210248
-0.0037457
0.0293566
-0.00500081
0.0195397
0.0893716
0
0.04596
-0.108409
-0.0241451
0.058585
0.114873
-0.0368036
0.0656919
-0.0945411
0.0291934
0.00254722
-0.0911778
0.0295412
-0.150776
-0.0539147
0.0343752
-0.0130408
0.12126
0.0938747
0.0871773
-0.0590807
0.0265855
0.0323809
-0.0740888
-0.0483562
0.101232
-0.0905601
0.0762597
0.100189
-0.00756945
0.0562181
-0.0640393
-0.029086
-0.216057
-0.167596
0.0331933
-0.322723
-0.0236446
0.0728288
-0.268655
0.242248
-0.125512
0.161945
0.191229
-0.0591827
-0.245138
0.0739211
0.0346443
0.0250533
-0.0884196
-0.243209
0.0558059
-0.295381
0.177397
-0.0948238
-0.226094
-0.00465698
0.233715
-0.0630397
0.0724328
0.0871634
0.00903089
0.0596368
0.0298097
-0.0335575
-0.0632006
0.0057825
0.220385
0.173836
0.0294778
0.00654276
-0.12636
0.0913265
-0.0256856
0.0579097
-0.137601
0.055478
-0.182173
-0.148923
-0.0644434
-0.032769
0.233805
0.0380989
-0.0960193
0.198045
0.0369412
0.0200076
0.117074
0.054438
-0.0380355
-0.122902
0.156442
-0.0850557
0.11426
-0.169271
0.0233979
0.11448
-0.0970029
0.0178272
0.122425
0.134011
0.0434829
0.0146463
-0.0178005
-0.0606232
0.0462822
-0.0893157
0.0590848
-0.00336506
0.0728881
0.0228926
0.0434497
-0.0343067
0.0355804
0.0381066
-0.0585774
-0.111448
-0.108948
0.0266044
-0.0301223
0.132874
0.0233049
-0.0274418
0.0409589
0.00404219
-0.0603527
0.148906
0.0299577
-0.128249
0.00882552
0.141039
0.0449412
0.0131699
0
-0.0131131
-0.0446145
0.070177
0.060654
-0.012241
0.00507282
0.0472883
0.00640103
0.0905321
-0.0154549
0.0163137
-0.110606
0.109338
-0.00289115
0.029082
0.0675991
-0.0134427
0.03277
0.0212052
-0.0697341
-0.0628353
-0.0252078
0.0412887
-0.11383
0.0492751
0.123034
0.0653498
-0.00113955
0.0210182
-0.00201925
0.0787348
-0.0260427
0.0641622
-0.0105463
-0.120618
0.0275925
0.00844755
-0.0125733
-0.0508036
-0.0654688
-0.151076
-0.00454017
0.140372
-0.100123
-0.139092
0.0796777
0.119392
-0.0169366
0.0532905
0.00919823
0.0802835
-0.00136394
0.0899424
0.0614088
0.0579849
-0.0204125
-0.0827235
0.0539317
-0.00731039
-0.102972
0.15658
-0.0120106
0.015169
0.13612
-0.0120942
-0.0650128
-0.103157
0.00224674
0.0261318
-0.0563294
0.194124
0.0139307
0.0239316
-0.0704652
-0.0533659
-0.0121253
0.106826
-0.0623888
-0.00844469
0.112388
-0.0513545
-0.048073
0.0667747
0.0459637
-0.0662524
0.095719
0.0265439
0.00670879
-0.00762479
0.0460822
-0.0666779
0.0481621
-0.0855656
0.0684049
0.0756453
-0.00866617
-0.012751
0.0459425
-0.0461869
-0.0331173
0.023328
0.0149157
0.0804264
-0.306871
-0.129803
-0.105553
-0.0619305
-0.0733979
0.0962848
0.0329409
0.126038
0.0245525
-0.0757125
-0.115528
-0.25487
0.175242
-0.0142776
0.141667
0.0808597
-0.00198055
0.173311
0.0647728
-0.104273
0.0192778
-0.0617074
0.140986
0.0046697
0.0202131
0.116841
0.0473318
0.00412898
0.0432585
-0.0249173
-0.00518219
0.0700279
0.124675
-0.00653591
-0.0379507
-0.0118477
0.186716
-0.036403
-0.053019
0.103607
-0.00486073
-0.0230226
0.0492314
0.050359
0.0235942
0.106933
0.00436546
-0.0615082
0.0287607
-0.064438
0.0627854
-0.0400926
0.0386544
-0.0527851
0.0150933
0.122263
-0.0184233
-0.000311899
0.0499267
-0.118159
0.0151666
0.0230522
-0.0248685
-0.0235404
0.101844
0.104546
-0.0688794
-0.0774646
-0.167002
-0.147251
-0.0122309
0.0960812
-0.0708379
0.0610356
0.188563
0.0955362
-0.0297396
-0.025463
0.0355449
-0.10476
-0.0108521
-0.0339261
-0.0827863
-0.0196552
0.108204
0.0806225
-0.0463173
0.0709111
0.0464176
-0.0634178
0.0709744
0.00322792
-0.140947
-0.0301663
0.168475
0.0244009
0.0124803
-0.0431748
-0.170716
0.115294
-0.180231
0.0869111
-0.170673
-0.119819
-0.281564
-0.054934
0.00425126
0.183766
-0.169714
0.0489929
-0.149258
-0.116614
0.156744
0.226736
-0.218946
-0.318176
0.219016
-0.164052
-0.065816
-0.331085
0.184705
0.0664315
0.0358655
0.181756
0.00934684
0.0830276
0.0379217
-0.210352
0.0834084
0.130503
0.124691
-0.0202054
0.0378846
-0.215916
0.0450575
-0.266253
-0.0807471
0.170288
0.0529171
0.10468
-0.0487179
-0.181363
0.200176
0.321778
-0.0736634
0.0208793
-0.0143238
-0.0898189
0.0867965
0.0745794
-0.030885
0.100219
0.0449518
0.0119085
-0.00308346
0.0667093
-0.0237142
0.0556487
-0.0400669
0.0416019
-0.0322546
-0.0626713
-0.0571244
0.0766662
-0.0890035
-0.0465084
-0.138946
0.0770346
-0.0533932
0.149771
0.0598354
0.0710511
-0.0554287
0.075559
-0.202151
-0.0183385
-0.0627791
0.0435313
-0.0459942
-0.0911911
-0.19264
0.0205789
0.00605013
0.133945
-0.0939094
-0.0676607
-0.166229
0.135496
-0.23032
0.0644607
0.192138
-0.114359
-0.0444712
0.231089
0.0661331
0.128606
-0.0727609
-0.147184
0.199644
0.0259246
0.0789825
0.0560958
-0.0455924
0.0323682
-0.268953
0.0258117
-0.162734
-0.00999572
-0.0217142
0.025489
0.164333
0.0205219
0.0234842
-0.000408682
-0.0234313
-0.11415
-0.0077138
-0.180649
0.011083
0.0782574
-0.110237
-0.0645817
-0.0538814
0.0595823
-0.286645
-0.0485476
-0.13157
-0.126232
-0.707737
0.204638
-0.434236
0.58335
-0.0759084
-0.0613184
0.190308
-0.138322
-0.00775869
0.219894
-0.00888275
-0.403686
0.0824963
-0.194195
-0.0299994
-0.0573867
0.331865
0.0303007
0.00669134
-0.180391
0.186872
0.049305
-0.150581
0.0952068
-0.0708438
0.194406
0.108793
-0.00854968
-0.210684
-0.154458
-0.1007
-0.141744
0.170714
-0.16614
-0.127118
-0.113152
0.132034
0.148875
-0.143474
-0.0824959
-0.35714
0.3363
-0.0583019
-0.0489127
0.343161
-0.0327044
0.0912068
-0.0501514
0.0237157
0.332066
0.0940288
-0.0491848
0.0265811
0.0888133
-0.0647445
-0.0770765
-0.0319492
-0.127345
-0.0657438
0.029726
0.154469
0.0144898
0.202677
-0.104012
-0.0770933
0.146703
-0.030585
0.0982271
0.0691429
-0.0713725
0.0389827
0.145379
-0.0125334
-0.0444168
0.0679903
-0.0389502
-0.189739
0.031499
0.0450331
0.112535
0.00448846
0.0405115
0.125362
-0.171075
-0.0542134
0.00236753
-0.190661
0.00824551
-0.0635486
0.1307
0.00963111
0.0768356
-0.158946
0.0977937
-0.138686
-0.0163096
-0.230346
0.00846313
-0.0801217
-0.212638
0.0244067
0.0213799
-0.05259
0.0611937
-0.145257
-0.0594127
-0.180476
0.0046562
-0.0837174
0.138803
-0.245704
-0.0654393
0.0849859
-0.213407
-0.10357
0.109973
-0.181167
0.177943
-0.155442
0.148693
-0.252253
-0.314276
0.101636
-0.198405
0.125528
0.272346
0.172125
0.064407
0.000276458
0.186545
-0.138753
0.06691
-0.121197
-0.00916134
0.183606
-0.0186285
-0.179223
-0.0784415
0.243973
0.140313
0.0204364
0.0769226
0.103297
-0.0441876
-0.258963
0.0406623
0.0737168
-0.0107392
-0.264317
0.0760582
-0.14131
0.220203
-0.101825
0.0290671
0.0103648
0.200153
0.0472041
-0.0233848
0.148573
-0.204632
-0.327118
-0.252581
0.336269
-0.108509
-0.0225713
-0.0810773
0.194816
-0.385127
-0.1976
-0.215872
-0.106184
0.886786
-0.237156
-0.200142
-0.0612521
0.269205
-0.151204
-0.51731
0.196912
0.0554989
-0.227653
0.292088
-0.947154
0.054378
-0.651293
-0.156179
-0.804792
1.05946
0.271021
-0.706326
-0.609966
0.457526
0.34994
0.077673
-0.523388
0.0384025
-0.360027
-0.403943
0.153894
0.883276
0.0154176
0.229891
0.116608
0.451992
-0.1997
-0.659334
0.238826
0.105035
-0.495091
-0.31188
0.109174
0.0670944
-0.338149
0.110542
-0.410856
-0.354238
-0.338365
0.961693
0.117369
-0.124496
0.250907
0.0377397
-0.574797
0.232535
0.0435158
-0.0173519
-0.563314
0.832717
0.153763
0.0680258
-0.0427988
-0.283865
-0.0873237
0.205061
-0.0299989
-0.0239961
-0.0255416
-0.233778
-0.0730928
-0.0390735
0.0464549
0.272266
0.00261096
0.401171
0.0304935
0.107459
-0.148705
-0.0652435
-0.0749723
-0.163105
-0.149693
-0.466941
-0.185591
0.0694212
-0.0901041
-0.217795
-0.067606
-0.1245
-0.071625
0.366067
-0.00284299
0.402937
-0.217763
-0.119761
-0.148614
0.177055
0.286236
-0.0088014
0.182585
0.038609
-0.370826
0.0230471
-0.211554
0.112443
-0.119598
-0.298063
-0.00403497
-0.0051159
-0.434167
-0.0827978
-0.0729229
-0.0411848
0.176125
-0.15553
-0.458147
-0.10479
0.463274
-0.404417
-0.137852
-0.059995
0.557315
0.0394165
0.0746962
0.0421487
0.313016
-0.0877147
-0.0251101
0.0601371
0.0508247
0.277121
0.0167822
0.066091
-0.00477013
-0.179502
-0.436331
0.318482
0.114293
0.522954
-0.111986
-0.098464
-0.094101
0.0643959
0.180218
0.0871726
-0.0483799
0.17411
0.175466
-0.404453
0.0152777
0.171028
-0.0550888
0.308395
-0.00135422
-0.167097
0.213758
0.136729
0.24422
-0.0401363
0.1798
-0.0979039
0.186078
-0.194847
-0.0542299
-0.245
0.0107467
0.0403457
0.238036
0.0907015
0.0863755
-0.263665
0.0327679
0.0253397
0.104301
0.0754618
-0.095022
0.0426517
0.305981
-0.00429136
-0.204533
0.00718889
0.0812505
-0.149022
0.0214687
0.0560801
0.059156
-0.0264223
-0.325615
-0.0175025
-0.16568
0.103602
0.0848284
-0.309016
-0.0206085
0.215637
-0.0682435
-0.106059
0.202271
-0.168109
0.240863
-0.317676
0.00994271
-0.120453
-0.10958
-0.128289
0.0537805
-0.142587
0.228603
0.0971324
0.285956
0.0891864
0.0585219
0.161744
0.0972042
0.00659863
0.205583
-0.0215722
0.0175407
-0.123493
0.103487
0.205473
-0.0268735
0.149277
-0.00411244
-0.0514503
0.0556491
0.123762
-0.0472549
-0.138954
0.146655
0.0487794
-0.0829671
-0.218607
0.0902431
-0.00101392
0.15809
0.310341
0.100056
0.0775704
-0.0333926
-0.0541491
0.121527
-0.107804
-0.193734
-0.0288129
-0.0550608
0.126535
0.149129
0.0222317
0.126836
-0.00490945
0.0780026
-0.0114655
0.057732
0.162785
0.0561639
-0.0193914
-0.0410476
0.0297553
-0.0045256
-0.167362
-0.0512711
0.227029
-0.0285372
-0.0491233
-0.198618
-0.192309
0.0685611
0.255748
-0.03667
0.133279
-0.0189313
0.120832
-0.116149
0.211563
0.00298759
-0.145838
0.167777
-0.0538658
0.00457094
-0.136133
-0.033058
-0.168924
-0.0013354
-0.216458
0.136194
-0.290472
0.0876765
-0.152861
0.237324
0.104079
-0.00388333
0.208742
0.000264422
0.0757895
-0.0165821
-0.00541118
0.149041
-0.0886612
-0.00235111
-0.179068
-0.0824079
0.222242
-0.0751533
0.0646315
-0.347052
0.114099
-0.111599
0.256429
0.053304
0.00840072
0.12428
-0.0170947
-0.143602
-0.0740062
0.108501
0.014049
0.0700014
0.00952478
0.108251
-0.116784
-0.0954208
0.202499
0.0677437
0.0316812
0.00506164
0.0875844
0.032452
-0.0620103
0.00210898
0.195319
-0.00264127
0.0118547
0.0177312
0.050409
-0.00506861
-0.107024
0.00202491
0.0371975
-0.154053
0.0581962
0.0806551
-0.203367
-0.171456
-0.10772
-0.102413
0.0663866
-0.124862
-0.190673
0.136427
0.0601219
0.132347
-0.049069
-0.27858
-0.34607
0.121351
0.0152077
0.0630491
-0.0520111
-0.0490033
0.0281618
0.164384
0.151932
0.0605381
0.0577596
-0.0341209
-0.133018
0.0232256
-0.203665
0.185132
0.162446
0.1118
0.0799543
-0.0367886
0.211952
-0.0176092
0.0165609
0.0854141
-0.0370914
-0.00394598
-0.0933456
0.122711
0.0479685
-0.0499236
-0.0324024
0.00651959
0.0623056
-0.00693461
0.127469
-0.0289134
0.0293632
-0.0331745
-0.0336621
0.150398
0.0487378
-0.0667501
-0.121194
0.179554
-9.8849e-05
-0.0458028
0.0635625
0.0195731
-0.196274
-0.0406176
0.140503
-0.122385
-0.134191
0.067675
0.11597
-0.38972
-0.150954
0.140597
-0.0617169
0.0300047
-0.370286
-0.145416
-0.222252
-0.470736
0.92208
-0.0730836
0.10952
-0.00624233
-0.469593
-0.0473263
0.206044
-0.296418
-0.22797
-0.00518713
0.000553632
-0.294717
0.229391
0.336697
-0.0291178
-0.0213596
-0.0127805
-0.00451156
0.158217
-0.290141
-0.121964
-0.0982035
0.194553
0.200684
0.109954
0.196398
0.0973448
0.0393051
0.0194324
0.0112068
0.131856
-0.08286
-0.172943
-0.24019
-0.100721
0.159864
-0.409391
0.0287961
-0.303704
0.0253286
-0.0476294
0.269118
0.173977
0.15612
0.0457652
0.0370112
0.194582
-0.0131487
-0.141822
-0.230624
-0.0395903
-0.052658
0.0744046
0.300679
0.0179809
0.0804338
0.0827657
0.0107955
-0.0503948
-0.0240438
0.294511
-0.0120541
0.035188
0.00922262
-0.128714
0.163667
-0.124643
-0.278023
-0.0199189
-0.0280979
-0.0369281
0.18051
-0.0415808
-0.209223
-0.130395
0.0765889
-0.176373
-0.117905
0.0717384
0.0928329
-0.0584177
0.0108344
0.374062
0.0209223
0.111644
0.0340632
-0.111674
0.0912445
0.121471
0.00985548
0.110317
0.0192268
-0.0498272
-0.0516285
-0.0382929
0.175743
-0.0095349
-0.131261
-0.0656491
0.191836
-0.0432398
-0.010121
-0.067285
-0.0588818
-0.0623439
-0.115176
0.222504
0.0879843
0.0147572
-0.0193533
0.0141006
-0.0522257
0.209795
-0.0239821
0.0214481
0.0186113
-0.0715294
0.0549552
0.130076
-0.02512
0.00377322
-0.0449071
-0.0962131
0.0498525
-0.00349512
0.0198319
0.0638653
-0.0591026
0.190322
-0.000127782
-0.00773911
0.081457
-0.146183
-0.0544106
-0.0941232
0.086078
-0.266894
0.0791026
0.197439
-0.020212
-0.107488
-0.250487
0.0620722
0.034123
-0.0848442
-0.248981
-0.0731852
0.161686
0.20968
0.00936304
-0.00352029
0.162099
0.0562122
0.0678025
-0.00181443
0.0905575
0.0267601
-0.058281
0.021034
-0.0541796
0.0457405
0.108569
-0.0198288
-0.0214273
-0.126406
-0.0089885
0.082407
-0.103057
0.129265
0.0388132
-0.0292046
-0.00048709
-0.0999747
-0.165766
0.156293
0.213023
0.0751528
0.0212361
-0.0197774
0.0933147
-0.090045
-0.0298931
0.131818
0.0391521
-0.0337518
0.0729984
0.0258983
-0.142029
0.00794207
0.166181
-0.0149649
-0.0738977
0.0262745
0.107128
0.0426146
-0.0427614
0.01075
0.0150557
-0.0114418
0.0334344
0.0990613
0.00252974
0.0116255
-0.144723
-0.115716
-0.0921453
-0.00867588
0.150349
0.0977187
-0.105657
-0.0810471
0.0653237
-0.10036
-0.0744017
0.0636999
-0.0551827
-0.0749459
-0.0894762
-0.129736
-0.25381
-0.225462
0.239628
0.0632141
0.2443
-0.0301135
0.0538532
0.13983
0.00891499
0.011498
0.0272453
0.0914604
-0.0880008
0.163058
-0.0292432
-0.00291894
0.0158715
-0.0491797
0.0830882
-0.0573044
-0.154956
0.0742344
-0.0898634
0.0102962
-0.237392
0.0701947
0.242746
0.043007
0.0580383
0.0552939
0.0909872
0.00491979
0.00450382
-0.0290781
-0.131968
-0.0950797
0.131816
-0.12585
0.112287
0.0137353
-0.0860999
-0.0110417
-0.0724968
-0.121645
0.091975
0.124262
-0.0920116
-0.212396
0.025307
0.03087
-0.0300018
0.0858143
-0.0214099
0.162052
-0.105699
-0.190822
0.00208164
-0.0703633
0.0220289
-0.0880431
0.105409
-0.191475
0.00662057
0.148513
-0.150509
-0.0382675
0.0825365
-0.0631743
0.201682
-0.0147125
-0.218257
-0.00789688
0.0309971
0.144711
0.186062
0.146668
0.0629327
-0.0105861
-0.0608376
-0.0440545
0.0468939
-0.168269
-0.274695
-0.0880816
0.0506118
-0.111447
-0.0659015
-0.20572
0.120454
0.160148
0.164175
0.0677596
-0.0776683
-0.0660194
-0.143077
-0.0575023
-0.108024
-0.233373
-0.183556
-0.194482
-0.397348
-0.126659
-0.479093
0.161873
-0.560739
0.284526
0.394179
0.0780429
-0.0252248
0.0722881
-0.563464
-0.193834
0.113278
0.1076
0.17732
-0.0656706
-0.101054
0.213279
0.0175486
0.302431
0.0278113
-0.365783
-0.484767
-0.113661
0.3562
0.0410786
-0.367144
-0.411009
0.139556
0.185527
0.32191
-0.0478551
-0.305094
0.148719
-0.162946
-0.539318
0.101686
0.173672
0.557845
-0.0922411
0.106354
-0.152059
-0.186608
-0.26408
0.423622
0.335511
0.0654359
0.210683
-0.025178
0.238885
-0.133466
0.0966464
-0.162379
-0.0791484
0.0515684
-0.234798
0.279041
0.1537
-0.144402
-0.0147225
0.608915
-0.0595193
-0.321018
-0.553161
0.13679
0.269217
-0.22764
-0.0640743
0.127105
-0.219163
-0.0336151
0.272102
-0.129205
-0.194288
0.0515864
-0.179785
-0.044213
-0.346508
-0.0841545
-0.169507
-0.000637528
0.122272
0.531514
0.0457974
0.413753
-0.0785107
0.111202
0.114135
-0.0678594
-0.0114856
-0.2567
0.245265
-0.264342
-0.0352451
-0.338767
0.0755165
-0.0885278
0.00638998
0.269321
-0.081895
0.13546
0.0981238
0.00328763
-0.103756
0.182239
0.102588
0.267267
-0.160741
-0.153792
-0.0240353
-0.0308702
0.262223
-0.0185795
-0.0151452
-0.0109122
0.0887962
0.13854
-0.0154862
0.194156
-0.0223743
0.0508113
-0.0473499
-0.0306548
0.152047
-0.133106
-0.161355
0.100273
0.206757
0.0272829
0.150666
-0.066294
0.0183958
-0.00451522
0.0430449
-0.151728
0.0337694
-0.0263607
0.0434829
0.00854974
0.135729
0.0952529
-0.0210443
-0.0517024
-0.000174215
0.0570409
-0.0740545
0.036372
-0.00445972
0.136017
0.00411359
-0.0390055
-0.36494
0.0881442
0.250439
0.0261846
0.00739538
0.170737
0.0403395
0.0439485
0.0407528
-0.0472631
-0.132374
-0.00980409
-0.156893
0.010707
0.0739455
-0.0929206
-0.114325
-0.143969
0.125469
0.113553
-0.163417
-0.277716
0.019116
-0.312718
0.0622432
0.0986568
-0.249901
0.0506382
0.268507
-0.159874
-0.206639
0.0457677
-0.286995
0.226409
0.200357
-0.0128115
0.113771
-0.165058
0.0420245
-0.00920966
-0.192291
0.163895
-0.282144
-0.0197011
0.0368711
-0.00127765
-0.232017
-0.0614047
0.0308804
-0.121044
-0.0132558
0.0634614
0.186351
-0.26555
0.1158
0.0318424
-0.0163193
0.136204
-0.226622
0.00474069
-0.223018
0.0136157
0.106422
0.239367
0.0415035
-0.063598
-0.0293051
0.0136293
-0.055521
0.00795024
0.180297
-0.0696488
0.167304
0.0275448
-0.0394186
-0.0751643
-0.226626
-0.029597
0.16594
-0.0374181
0.464111
0.135317
0.0952183
-0.010552
-0.118177
-0.189342
-0.0379095
0.0587786
-0.0573533
-0.0701483
0.144493
-0.00286181
-0.00921816
0.182246
0.0869057
-0.216035
-0.29344
-0.0869474
0.0229356
0.39879
0.22528
0.122773
-0.0878663
0.090426
-0.271911
0.429118
0.0807889
0.150903
-0.0435898
0.0535173
-0.0611982
-0.026844
0.0693945
-0.00310189
0.0903078
0.0226433
-0.0223844
0.0935111
-0.148048
-0.0843897
0.00189317
0.0859052
-0.0907413
-0.051597
-0.1024
0.0999981
0.118368
-0.15956
0.0198389
0.301049
0.0260927
-0.0370102
0.0887368
0.0183305
-0.118368
0.224441
-0.0781758
-0.116044
0.0543123
-0.0622012
0.0590858
-0.0953345
0.0473258
-0.285703
0.0714313
-0.248757
0.23613
-0.0605911
-0.0240753
-0.0141616
0.162844
-0.147186
-0.0699632
-0.0501136
0.141161
-0.0724408
0.0916391
0.233091
0.0755792
0.0217479
-0.086992
-0.0609923
-0.222804
0.0585104
-0.0437553
0.0688227
-0.0765646
0.1472
-0.0875929
0.133621
0.048968
-0.12667
0.0870778
-0.200551
-0.00560387
0.046522
-0.0348787
0.0553919
-0.0895388
-0.0519583
-0.121597
0.289236
0.0651441
0.0440961
0.0598084
0.0870362
-0.079264
0.00339834
0.0372224
0.151582
-0.0325557
0.0261377
0.0388688
0.027946
0.0310058
0.0109895
0.0179835
0.0938244
0.00139867
-0.00968486
0.000412126
-0.0142279
0.0289013
0.0436476
0.00583767
-0.0145469
0.0350619
-0.148087
0.309182
-0.0342317
0.0237549
-0.0682754
0.00334657
0.0311722
-0.038622
0.00782791
0.00601537
-0.0294369
0.0300841
0.0955918
-0.00675964
0.0571649
-0.0586886
-0.0397476
0.0695344
0.0690278
0.00722308
0.0130312
-0.0537655
-0.087809
0.109058
-0.305724
0.0946081
-0.141193
-0.115546
0.133647
0.00295909
0.0981314
0.0323623
-0.0785276
-0.0251842
0.0182054
0.185825
-0.0696786
-0.232004
0.222296
0.0405247
-0.270769
0.190259
0.0849963
-0.0622132
0.0265872
0.206571
-0.0355245
0.0529104
0.121485
-0.0101086
0.00964001
-0.0102395
0.0922212
-0.0714141
-0.0483998
-0.130823
0.141509
-0.143893
-0.0120874
-0.112854
0.0552655
-0.0991928
0.0531504
0.196244
-0.133356
-0.0769943
-0.169647
0.00900391
0.0107392
0.196893
0.0849809
-0.123546
-0.0505932
-0.0667635
-0.23765
0.000361535
0.145079
0.000465279
0.3522
0.157071
-0.00642936
-0.0795242
0.15271
-0.0308849
0.00521031
0.139457
-0.0151149
0.0364829
0.0887585
-0.0702614
0.0640669
-0.0218511
0.0527354
0.0406879
-0.00793818
0.0556367
0.0537882
0.0330805
0.0369226
-0.20943
-0.0261483
0.0965051
0.137716
-0.190518
0.0556808
-0.120129
-0.0709604
0.0131528
-0.188711
-0.0995477
0.151716
-0.0212745
-0.140199
-0.0443439
0.0112756
0.0188868
0.152569
-0.00805225
-0.0550917
-0.372569
-0.111161
-0.172083
0.149587
0.206681
0.096552
-0.0620712
0.0761224
-0.0663378
-0.108966
0.285722
-0.146661
0.184706
0.0514648
-0.0078865
0.0738052
-0.0359653
0.0607475
-0.0712847
0.0543569
0.143006
-0.00629043
0.037125
-0.0428077
0.100586
-0.0169975
0.0323541
0.000175929
0.044498
0.015239
0.12455
0.00722004
0.0106726
-0.0430556
0.0146695
0.0637561
0.0300459
-0.0119538
0.0510036
0.0528842
-0.051174
0.0746988
-0.0972493
-0.135712
-0.0344103
0.109064
0.0254653
-0.005752
-0.244914
-0.0208597
0.0651588
-0.132752
0.181949
-0.0800496
0.0159655
0.0660561
0.105239
-0.0219046
0.187109
0.00599757
-0.0303438
0.0191461
0.0912586
-0.0161742
0.0598617
0.0850967
-0.00565985
-0.0754088
0.0562398
-0.000619154
-0.0205913
0.000118959
-0.104032
0.127484
-0.0920199
-0.0728453
0.0874801
0.00319353
-0.0772383
-0.0156889
0.218243
0.00443256
0.00705911
0.0779816
-0.0289416
-0.00961901
0.108825
-0.0212774
0.043186
-0.0812759
0.0352136
-0.00790801
-0.0485698
0.0620891
-0.0093075
0.0601361
-0.0622887
0.0359736
-0.0825345
0.0786638
-0.0138655
-0.0481192
0.0694697
-0.0616336
-0.0560694
0.103171
0.0194023
0.0660643
-0.112628
-0.00917944
-0.0339586
0.0577326
0.0546366
-0.0568806
0.0361473
0.0217786
-0.016772
-0.0219086
-0.268086
-0.0574933
-0.117866
0.0715982
0.0114479
-0.10446
-0.0104666
-0.0435019
-0.0231526
0.147125
-0.125152
0.0999498
0.10833
0.0946337
0.051183
0.00739917
0.139455
-0.00453609
0.047226
-0.161141
0.0480716
-0.0474559
0.0827784
-0.00403634
-0.0844205
0.0600774
0.029763
0.0256052
0.134485
-0.0295904
0.019036
-0.0107282
0.00233673
0.0025665
-0.102302
-0.283088
-0.0407178
0.0977936
-0.0678716
0.0552719
-0.0342685
-0.140137
0.0235865
0.000825341
0.169306
0.0952449
0.0211444
0.108422
0.0516491
0.0169402
0.0631934
-0.0114583
-0.0102932
0.023963
0.0330938
0.0585355
0.086521
-0.0103696
-0.040038
-0.00118276
0.0265546
-0.269497
0.241827
-0.0105834
0.0585587
-0.115264
0.0101174
-0.0484365
-0.100418
-0.130308
-0.0806432
0.130981
0.0962122
-0.0120624
0.0459708
0.0170137
-0.136887
0.157258
0.0940058
-0.0138971
0.0732621
-0.0448946
0.079881
0.00934713
0.0415988
0.0788457
-0.10867
-0.0253924
0.0402596
-0.0659202
-0.108507
0.0427413
-0.0898296
0.137838
0.0591798
0.117542
-0.0741555
0.0637359
-0.0804879
0.0379596
0.082942
-0.0229048
-0.0653292
0.0101336
-0.0778793
0.0413998
0.135813
-0.0666937
0.036496
0.0252707
-0.00883845
-0.125443
0.0255013
0.0302037
-0.0390259
0.0373927
0.0205207
0.0333059
0.0749005
0.00622706
0.00414922
-0.00247208
-0.0241765
-0.00814499
-0.0270527
-0.00597453
0.105485
0.0709547
0.0174477
0.0128045
-0.0871911
-0.00155872
-0.0244461
-0.0734097
0.0575276
-0.0125732
0.0718544
-0.0476699
-0.056907
0.00613249
-0.128613
-0.0471229
-0.00594742
-0.0319428
0.0861789
-0.0368296
0.10109
-0.0466576
-0.142475
-0.144556
0.0397825
-0.135274
0.0353694
0.0774016
-0.103359
0.146987
-0.12191
0.0443625
-0.0707634
0.149364
0.0155498
0.078139
-0.183275
0.0327832
0.0477825
-0.122797
-0.15461
-0.102642
0.0343003
0.0370639
-0.0609947
-0.137157
-0.0048689
0.119563
-0.0850259
0.0780908
0.025333
-0.0741557
0.133946
0.0560992
-0.0321596
0.122199
-0.0939198
0.207828
0.117454
0.00420908
-0.0667021
0.0342972
-0.00299074
-0.00319683
0.0989532
0.163896
-0.018816
-0.0257996
-0.0505418
-0.00354948
-0.0222458
0.00180193
-0.0294698
-0.0440835
0.0503595
0.0748421
-0.00779747
-0.0419383
-0.189055
0.123949
-0.133291
0.0902179
-0.0838139
0.132594
-0.116087
-0.284873
0.0916675
0.011157
-0.182168
-0.0979326
-0.0641911
-0.164919
0.0122418
0.0233871
-0.370074
-0.0537007
0.288155
-0.104532
0.222989
0.0582677
0.127296
-0.0694626
-0.0781941
0.0388084
-0.00493666
0.0741655
0.219369
-0.0927015
-0.153386
0.187639
0.0456616
-0.0897891
0.078286
0.050267
-0.152473
0.0192889
0.0345866
0.0560955
0.0854806
0.00893481
-0.0752438
0.263421
0.048671
0.0317004
-0.020307
0.020375
0.0178748
-0.029313
0.025029
0.00810932
-0.155973
0.218665
-0.100058
-0.258226
-0.0848578
-0.0048506
-0.280601
-0.255243
0.216886
0.0456063
0.329114
-0.0184671
0.0300851
0.141296
-0.0444096
0.051267
-0.169071
0.0638862
-0.0479998
-0.337038
-0.0679938
0.0713257
0.352267
-0.192251
0.116972
0.145661
-0.157493
0.233933
0.129661
0.0348965
0.115577
0.08689
0.150441
0.191207
0.073939
-0.109514
-0.0287381
0.0443399
-0.0588592
0.0507369
0.107958
0.0392565
0.0148943
-0.0261222
-0.0855266
0.0953706
-0.0347093
0.0995594
0.0699164
-0.0155808
0.00429214
0.0942945
0.0711151
-0.00492516
0.0647877
0.0495247
-0.00863931
0.0580015
0.0828629
-0.0692289
-0.0982371
0.0982987
0.0934332
0.00169288
-0.0548398
-0.112536
0.23443
-0.020871
0.0462701
0.10068
-0.0638846
0.00892385
0.00746779
0.0993819
-0.0650173
0.0665692
-0.133126
-0.0292005
0.055197
0.0977711
-0.0986053
0.0566176
0.0235191
0.150707
-0.0278577
0.139364
0.0603094
0.0260328
-0.0688686
0.0693063
-0.0569909
-0.156702
0.0858213
0.0097306
0.0354675
-0.0619438
0.0434283
0.128861
-0.182973
-0.262412
0.0140793
0.0700603
-0.214606
0.015107
-0.0288872
0.244941
-0.12358
-0.106415
-0.0257435
0.135022
-0.070817
0.0369579
0.2073
0.0312177
0.0260708
-0.00740566
-0.0501367
-0.0659366
0.192854
-0.0866249
-0.256161
0.0347042
-0.0415561
0.0591914
-0.0938808
-0.134016
-0.129021
-0.0153276
0.173104
0.0736101
-0.142175
-0.176672
0.0507499
-0.102259
0.0268079
0.0247226
0.373469
0.117481
-0.0244087
-0.00721744
0.0345712
-0.381455
-0.164847
0.192265
-0.0980173
-0.0566996
-0.203122
-0.229503
0.0743862
0.251604
0.30198
0.191964
0.068531
0.0293065
0.146058
0.00564155
0.0352592
-0.0700953
-0.0471091
0.00820195
-0.0579262
-0.259925
0.100395
0.0802827
0.0575923
0.0714582
0.0743112
-0.0163787
0.164114
-0.00889439
-0.0722152
0.0785695
-0.187253
-0.346387
0.123929
-0.0611063
0.0570548
-0.02728
-0.176863
-0.208021
-0.324122
-0.549324
0.405495
-0.140772
0.343142
0.0363209
-0.0475548
-0.243189
0.0302543
0.21474
-0.284888
0.0585494
0.106298
0.14322
-0.146983
-0.104557
-0.0674333
0.112728
0.165968
0.0199985
-0.259595
0.108866
-0.34836
0.00975092
-0.19497
0.302292
-0.279752
-0.0306176
0.253587
-0.0647391
0.0727934
0.348259
0.0942934
0.0143648
0.0183455
0.0543441
-0.0270284
-0.0971288
-0.0742515
0.142738
0.0586476
0.00272096
-0.0645346
0.0454484
0.225506
0.249781
-0.0539883
-0.102749
0.0893656
-0.00973826
0.0242048
0.0378033
0.0405389
0.0245028
0.0639586
0.00824927
-0.147507
0.00201609
0.0818068
-0.195456
-0.10078
-0.00757394
0.273072
-0.0621492
0.0170638
-0.00840597
-0.0445917
-0.141804
0.149716
0.107796
-0.032158
0.0555436
-0.0872569
-0.017861
-0.364404
-0.0326521
0.0878883
-0.157978
-0.0953075
-0.00515532
-0.186186
-0.169556
0.311069
0.0222317
0.113673
-0.112398
-0.130768
0.00532188
0.231407
-0.0243092
-0.0974673
0.179009
-0.0516496
-0.336329
0.033509
-0.126768
-0.173101
-0.159824
-0.0486198
0.151898
0.0300773
-0.181628
-0.241076
-0.0490263
0.195448
-0.35089
0.195532
0.305042
-0.0586491
0.104937
0.0539073
-0.133756
0.2171
-0.0560541
-0.24975
-0.134018
0.00371315
-0.0661035
-0.32508
-0.170568
0.157993
-0.413459
0.24926
0.29641
-0.0111595
0.294384
0.0148457
-0.0395135
0.177574
-0.141222
-0.197963
0.2216
0.154434
0.0899393
0.121663
0.0408761
-0.0199301
0.0913822
-0.0322064
-0.0865225
0.0489937
-0.171608
0.322176
0.0306684
-0.0756416
-0.0215539
-0.0451609
0.0440624
-0.0780853
0.00941426
-0.0180449
-0.215461
0.0850701
0.176487
-0.13446
-0.144295
0.053026
-0.220916
0.0805175
-0.0908036
0.133842
0.0220753
0.0768731
0.326865
0.047101
-0.0362839
0.0259274
0.131465
0.0555556
-0.0198149
-0.0287789
-0.0516469
-0.0285043
0.057673
-0.00447536
-0.285787
0.0310877
-0.160576
-0.109819
-0.011037
-0.0422698
0.0500226
0.0355614
-0.0497756
-0.0543557
0.0620446
-0.0178642
-0.0341701
0.050436
-0.0854701
0.165257
-0.0663669
0.243074
0.112464
0.068933
0.00465273
0.0324181
-0.0526393
-0.06732
-0.0210038
-0.0995087
0.00361802
0.117944
-0.0607982
-0.0973996
-0.227021
-0.186794
-0.231399
0.0993755
-0.0446156
0.097811
0.34435
0.0608189
0.0292424
0.194152
-0.838437
-0.187863
0.14423
0.257058
0.0999917
0.0857204
-0.0919055
-0.170134
-0.189417
0.0793603
0.175318
0.174689
0.155542
0.0089536
0.115267
-0.0297105
-0.0338353
-0.0635609
0.113963
-0.00801682
0.0110766
0.0157369
0.0154166
0.118055
-0.0594978
0.0434067
-0.0692515
-0.185832
-0.015979
0.0566533
0.148286
0.0111266
0.118445
-0.0360088
0.115992
-0.00835228
-0.00517907
-0.083543
-0.0963269
0.043773
-0.0826929
-0.0240717
0.0715219
0.0316589
-0.0652798
0.0796983
-0.0397471
0.0748511
-0.0433244
0.00326588
0.228248
-0.00239968
-0.0245179
0.0609627
-0.0339785
-0.112471
-0.115551
-0.119226
-0.0386424
0.00677179
-0.0936638
0.1415
-0.0127291
0.0476231
0.224846
-0.0469632
-0.181738
-0.0208253
0.0764799
0.0256631
0.00994123
0.0119083
0.1106
-0.0292218
-0.0219622
-0.0676148
0.105844
-0.0569062
-0.0437025
-0.106286
0.148154
-0.0463841
0.130997
0.0252285
0.0437515
-0.0089251
0.0363316
-0.0258214
-0.0137735
-0.00224967
0.0330544
-0.0868211
-0.0868201
-0.125179
-0.00677459
-0.0778697
0.189514
0.0350862
0.147646
-0.0276156
-0.0924156
0.0428544
0.061868
-0.0783163
0.0589882
-0.0518593
0.0558562
0.0413531
-0.0421703
0.0294322
0.0169583
-0.0880292
0.090644
0.058884
-0.038801
-0.0699498
0.0999663
0.125178
0.134627
0.0864457
0.0601922
-0.00692884
0.0901244
-0.0723486
0.104271
0.029091
-0.0217481
0.056076
-0.0331904
0.00167568
0.0104406
0.0177532
-0.000556953
-0.0196966
0.0491505
0.0411914
0.034657
0.000142516
0.00253108
0.0187549
-0.0454611
0.00135059
0.000981863
-0.0507344
0.119595
-0.0822267
-0.0461724
-0.0129517
-0.0252921
0.0196657
-0.0605037
0.0178619
0.09815
-0.0214054
-0.0561651
-0.114998
-0.0749782
0.0957314
-0.000604949
0.0647213
-0.0985895
-0.0495354
0.0254801
0.124345
0.004308
0.123235
0.0155966
0.0591408
-0.0517083
-0.0652808
-0.00532201
0.0487394
0.0145537
-0.00937931
-0.0945925
-0.000123953
0.027618
0.208269
0.00598456
0.0629188
-0.0460304
-0.0346321
0.0110534
0.042305
0.0236797
0.0125694
-0.0508136
0.0225311
0.0558063
0.0315861
-0.0340193
-0.0194316
-0.0154644
0.0759111
-0.0235931
-0.00691295
0.0571764
0.0451593
0.0405567
0.0643738
-0.0717051
0.0298806
-0.0182082
0.057944
0.0269869
-0.0543403
-0.0109514
-0.00147016
-0.0590036
-0.160718
0.0269762
0.147162
-0.0369138
0.406037
0.0171234
0.0189291
-0.0306446
-0.00829321
0.0696591
-0.00594033
0.13383
0.111026
-0.0914442
0.0279374
0.00453804
-0.0316028
0.0407829
0.0221384
-0.0208801
-0.164513
-0.0530943
0.0653281
-0.00285523
0.0473812
-0.0127608
-0.00782823
-0.000974384
-0.00781681
-0.0498765
-0.042136
0.0660992
0.046408
-0.0666964
-0.0731203
-0.0070062
-0.00244934
0.0671526
-0.11218
0.0402776
-0.0351264
-0.0504967
0.0886062
0.0896734
-0.0321949
-0.0366963
0.0145325
-0.0299772
0.0561074
-0.0704357
-0.0108076
-0.189392
-0.0655376
0.14548
-0.0401525
0.0100438
-0.0536177
-0.0140611
0.0397254
-0.0485921
0.157355
0.0253789
-0.000171608
-0.00982303
-0.109388
0.0823922
-0.0323556
-0.158113
0.0195992
0.0648862
0.0562056
-0.00620543
-0.107693
-0.0735838
0.0650827
-0.038654
0.0454012
0.141187
0.00854876
0.0210995
-0.141233
-0.0593909
-0.106741
0.119323
0.0362117
0.0704866
-0.0576548
-0.0637371
-0.0520698
0.0866393
-0.0321447
-0.00441951
-0.017225
-0.0482717
-0.0946044
0.0484127
0.0576815
0.0737989
-0.037722
-0.0341693
0.0291522
0.0258613
-0.00220937
0.122875
0.0622006
0.0164581
0.0145753
-0.0216303
0.0295113
0.015516
0.00805454
0.0487773
0.0265439
-0.0268479
0.00309396
0.0250224
0.0223343
0.0678494
0.0386319
0.0316672
-0.0077911
0.0297511
-0.0359622
0.0110579
-0.0040639
-0.00231165
-0.00298436
-0.0169331
0.0207934
-0.00281561
0.0417675
-0.0288688
0.00761562
0.0268239
0.0148211
-0.0369736
0.148678
0.070743
-0.000910104
0.0175688
0.0199681
-0.00687549
0.0135471
-0.0194467
-0.048435
-0.0168187
-0.117069
-0.0501088
-0.0729141
-0.0488868
-0.026995
0.0660678
-0.0323216
0.0399269
0.0480073
-0.0249842
0.049906
0.0202784
-0.0564998
0.0565369
0.0140331
-0.0469041
-0.104588
0.135251
-0.0255652
-0.00219479
0.0176791
0.0282483
-0.0227329
0.0746439
-0.0512436
-0.0786686
-0.014646
0.132372
-0.0697369
-0.0561496
0.0618328
-0.0395324
0.00767617
-0.0549482
-0.0504318
-0.0452026
0.0803774
0.153396
0.104848
0.0304247
0.0663318
-0.0349269
-0.029346
0.0518105
-0.0133677
0.00749286
-0.0360283
0.00152854
0.0574881
0.0279721
-0.0121519
-0.0727076
-0.0254186
0.0870821
-0.0136824
-0.0869645
0.0148788
-0.0500717
-0.165574
-0.14863
-0.237424
0.180639
-0.200283
-0.141672
0.11909
-0.0601405
0.109047
0.110247
0.112453
-0.0482075
0.0638719
0.023244
0.0133066
0.0153203
0.050442
-0.000616737
-0.0439592
-0.109478
-0.242301
0.0594925
0.00580413
0.0339834
0.126932
0.0385617
0.0043788
-0.0644898
-0.0180031
0.0645677
0.0293654
-0.114055
0.0564957
-0.0241894
-0.13939
-0.1403
-0.0569611
0.0971533
0.0286931
0.0715886
-0.0294197
-0.0200513
0.25892
-0.0349879
0.00978917
0.083569
-0.0559637
0.0590911
0.0109181
-0.00387667
0.0760892
0.0496193
0.0212967
0.0392244
0.0474037
0.0103106
-0.0568465
0.0741344
0.0541475
0.067814
0.0157836
-0.049969
0.026121
0.0278256
-0.0171708
0.0229723
0.0204327
-0.00723357
-0.00227341
0.0224989
0.0258615
0.0971992
-0.0131895
0.0408816
0.00459376
-0.132521
-0.0313109
-0.01064
-0.060842
-0.129481
-0.0197139
-0.0534841
0.123585
0.0134944
-0.0218769
-0.00620989
-0.0168719
0.00341393
0.0433718
-0.0375941
-0.00117391
0.137929
-0.0481946
-0.0938616
-0.110414
-0.0340424
-0.10535
0.133362
-0.194023
-0.00486472
0.0865541
-0.0972578
0.0903655
-0.0882435
0.0755375
0.00701304
0.0857507
0.0175947
0.0414704
0.0669287
-0.149108
0.0966003
0.043009
-0.0364807
0.0242059
0.0458142
-0.0559072
-0.0346728
-0.0372472
0.103474
-0.0143266
0.0992762
0.0567852
-0.0373346
0.0365
-0.0234879
-0.0682345
0.0329069
-0.00328546
0.0802476
-0.0352169
0.000636302
-0.160433
-0.00436012
-0.0164754
-0.18339
0.0822209
-0.00764889
0.0647482
0.05367
0.0221803
-0.00236124
0.0242723
0.0854144
0.0107444
0.0297458
-0.0423886
-0.130843
0.0128453
-0.1322
-0.155583
-0.0311887
0.0159686
0.0330924
0.0268352
0.0910711
-0.00752284
0.0457831
-0.00691441
0.0278548
0.0556824
0.106682
0.0778024
-0.0328158
0.00534935
0.0611909
0.0500857
-0.0850474
0.0242349
-0.0709447
0.0429039
-0.14777
-0.0956168
-0.110906
0.0344668
-0.213466
-0.193653
-0.0203681
-0.00178619
0.15189
-0.0544673
-0.0548839
-0.062991
-0.0618471
-0.170886
-0.0294334
0.158655
-0.129865
0.0441511
-0.0217104
0.228188
-0.0150506
0.0320971
-0.00144998
-0.0514913
0.122883
-0.012639
-0.0482511
-0.093766
0.0841664
-0.0648925
-0.0697456
-0.0167414
-0.0794158
-0.122217
0.102239
-0.075371
0.0178249
0.0966214
-0.023712
0.000181273
0.046068
-0.00465542
0.0995446
-0.082093
-0.137172
-0.337128
0.0681081
-0.148085
0.133677
0.212552
-0.0255554
-0.0886508
-0.111525
-0.0958565
0.0490376
-0.1795
0.00409067
-0.145891
-0.0602284
0.172748
0.110422
-0.0876852
-0.167515
0.268783
-0.0379646
0.113987
0.084095
-0.0164668
-0.0507361
-0.0389558
0.0490526
0.0512047
-0.0340863
0.168686
-0.0167295
-0.0416868
-0.0147605
0.0650311
0.109944
-0.0758883
0.080679
0.0940729
0.0360381
0.0530157
-0.0380657
0.164926
-0.00844297
-0.185785
-0.0480939
0.105914
0.0831712
0.0353778
-0.0231829
0.177515
0.0297433
-0.015529
0.0684216
0.000307288
0.0379184
0.0306288
0.0131227
-0.0255543
0.029008
0.0469462
0.0405239
0.0206918
-0.0164551
-0.039577
-0.0699102
0.066189
0.00814342
0.0683205
0.0814555
0.103282
0.0138845
0.0241169
-0.0800106
-0.0070809
-0.204594
-0.0176245
0.0884556
-0.0115748
-0.00887015
0.101418
0.102269
0.0331341
0.0834348
-0.00934874
0.0226698
-0.0080753
-0.0648319
0.0247283
0.0655482
0.0309052
0.0109519
0.0361316
0.0620642
0.0310317
0.020247
-0.0279911
-0.033035
0.0210118
0.0208426
0.00972506
-0.0854821
0.0180019
-0.118416
-0.161356
0.0403943
-0.194642
0.0268402
-0.122513
0.14859
0.061424
0.136479
-0.018151
-0.147528
0.0500187
-0.0120396
-0.183132
0.0663147
0.0369488
-0.0441362
-0.171948
0.0511699
-0.0789563
0.0647524
0.0510001
0.0449615
-0.0256751
0.160905
0.034337
0.0480963
-0.0621891
0.00132079
-0.0149113
0.0433703
0.21794
0.0158144
0.0309745
-0.0130872
-0.0119821
-0.0129394
-0.0251462
-0.0129346
0.0822303
0.0521119
0.015989
0.0750122
0.00341637
-0.0481697
-0.00810214
-0.0306234
-0.00809763
-0.02813
0.0375911
0.00959567
0.0646321
-0.0762914
-0.0380501
0.00322446
0.0264047
0.0914433
-0.0218995
-0.0497507
0.0572038
-0.0159657
-0.162043
0.0141978
0.0695365
-0.363548
-0.221602
-0.0131725
0.0606789
0.22799
-0.112059
-0.0331068
0.0988631
-0.210609
-0.0274015
0.121204
0.132625
-0.0502416
0.168536
-0.0872717
-0.114568
0.0452336
0.0671812
-0.0340094
0.150058
0.0558254
0.0228916
-0.0492198
0.120022
0.1102
0.018969
-0.0268742
0.00761886
0.0443306
0.0440459
0.0223044
-0.0945671
0.0236764
0.00914928
0.0681405
0.0558593
-0.106029
-0.00431596
-0.0794327
0.0656354
0.0355386
0.0657517
-0.142188
-0.317365
0.0294618
0.0906923
0.0604729
-0.118399
0.0776217
0.126327
0.171672
-0.0396159
0.103957
-0.00903575
-0.0419176
-0.0651144
0.0214453
0.0165219
-0.00751472
0.0544908
0.0663131
0.0147038
0.0166865
0.0447245
-0.06265
0.055745
0.107732
0.0387113
0.0338923
0.0412495
-0.00219009
0.00699219
0.043899
-0.0214092
-0.010179
0.0645084
-0.0159743
-0.0350376
-0.025451
-0.0217742
0.0202473
0.0536979
0.00803115
-0.00468989
-0.0238516
-0.0127777
-0.202591
-0.103388
0.125725
0.00322316
0.120549
-0.059202
0.0184502
0.0219493
0.0398121
0.0588995
0.121976
-0.0391314
-0.0145201
0.0212535
0.0821262
0.013012
0.000298017
0.0129947
-0.0918005
-0.00695662
0.105562
0.00440217
-0.0507066
-0.00206179
0.0309713
0.0191324
-0.00900678
-0.0016064
0.00786617
-0.0137164
0.0106364
0.101635
-0.0364229
-0.0536926
-0.0580749
-0.0654107
0.0874789
-0.271298
0.106542
0.0489371
-0.140566
-0.112057
0.04497
0.17428
0.0844773
0.0877952
-0.0139712
-0.0233783
0.0647698
0.0821918
-0.0190031
-0.0391204
0.0273134
-0.0479799
0.0894486
-0.080405
-0.0538862
-0.402454
-0.195603
0.0085701
-0.338041
-0.343748
0.0443845
0.111219
0.132107
-0.191748
-0.422893
-0.876358
-0.152606
-0.0570138
-1.30983
0.181564
-0.592436
0.280259
-0.611916
0.26455
0.489199
-0.337815
0.805608
0.437187
0.247967
-0.431969
0.0619006
0.0401393
-0.439155
0.0325567
-0.158512
0.450768
0.209765
0.0100889
0.143249
0.0377822
-0.38346
-0.0081804
0.336447
0.0648923
-0.384572
0.123934
0.0884606
-0.130436
0.251604
0.142217
0.219294
-0.214065
-0.433456
0.236769
-0.111592
0.152351
0.106508
-0.131464
-0.0395421
-0.289332
-0.166677
0.0105254
0.503093
-0.0897225
0.086699
-0.115249
-0.00200255
0.212263
0.145047
0.17752
0.174738
-0.160459
0.142397
0.19995
0.330774
-0.0207286
0.364025
-0.0429372
-0.156586
-0.08216
-0.482046
0.049011
-0.0487616
0.279988
0.0874722
-0.0747794
0.0416579
-0.0619453
0.138428
-0.295946
0.0964676
-0.0181924
0.0726933
-0.0191667
-0.0183521
0.245473
-0.0840052
0.147435
-0.0746253
-0.124891
-0.12143
0.100027
0.171047
-0.0969235
0.20071
-0.0464972
-0.0312365
0.0467603
0.0217694
-0.132448
-0.0066734
-0.154814
-0.0339733
-0.0216449
0.0602778
-0.21567
-0.143725
0.190987
0.0278325
0.0892207
-0.0982034
0.0089827
0.0407995
0.238463
0.0897313
-0.0611531
-0.158818
0.0181377
-0.0683754
0.0790095
-0.13347
-0.0304054
0.225287
0.00075854
0.0798679
-0.0645047
-0.0260114
-0.111999
-0.0184518
0.187852
-0.0442579
-0.0891275
0.176973
-0.159968
0.138693
-0.0378464
0.020302
0.0351769
0.0317206
0.0127973
-0.0690535
-0.122425
-0.381082
-0.0401473
0.0614511
-0.0828863
-0.0694461
0.237368
-0.0231521
-0.059426
0.0427944
0.0017408
0.0969203
0.0483037
-0.0275327
0.0611399
0.0707397
0.0654438
-0.0638271
-0.0120327
-0.213198
0.201454
0.0136868
-0.0270269
-0.154
-0.0052967
0.119375
-0.19232
-0.179039
-0.343065
-0.00317302
0.0536242
0.208723
0.241083
0.241037
0.123432
-0.046477
0.729531
0.153696
0.0483052
-0.15293
0.0327484
0.16831
0.0210325
0.0517539
-0.0669758
0.0387036
-0.00680783
0.119941
0.0231275
-0.00808039
0.0562298
-0.143265
0.113676
0.00245351
-0.0155053
0.0622169
-0.063975
-0.0228308
-0.0249383
0.00510086
-0.07615
0.0367727
0.00446768
0.0313597
0.00320765
-0.039035
-0.246323
0.135396
0.110475
-0.0101001
0.119475
0.0418033
-0.0220849
-0.0860929
0.0674124
-0.0436809
0.117909
0.0694665
0.0650976
-0.0781928
-0.0202591
0.0206825
0.0325644
-0.123
0.00993873
-0.0332746
0.0531398
-0.067117
-0.0559987
-0.158108
0.093054
-0.116361
0.0927978
-0.204064
0.115038
0.184008
-0.000107958
0.0814396
0.0900266
0.0471915
0.00968617
-0.036507
-0.00172827
0.0595247
0.143746
0.000483523
-0.0358194
-0.0652677
0.0786306
-0.0105881
0.0214768
0.031336
-0.0243309
-0.140455
0.155831
0.0292005
0.0349321
0.00101168
-0.0826643
0.20597
0.0371662
0.110075
0.0718713
0.021175
-0.0175122
0.0321881
-0.00100799
0.0131548
-0.107507
-0.0492712
-0.0389133
0.00334702
0.00860546
0.0609653
0.0444836
0.119851
-0.0342404
0.0587174
0.046394
-0.00110861
0.0570252
0.00598282
-0.0125374
0.03632
0.0395072
0.0410844
0.0845445
0.0152897
-0.211181
0.0734347
0.0909299
-0.0149137
0.0280531
-0.00280535
0.0528113
-0.00699495
-0.0526405
0.0610939
-0.0894138
0.139338
0.027755
0.0446062
0.000752407
-0.187465
0.0190647
0.0142906
0.152779
-0.0279005
-0.021508
-0.144452
0.128559
0.0672903
0.0345139
-0.0284719
0.00208119
0.0687752
0.0749238
-0.0571328
0.065288
0.0493742
-0.020876
0.0118865
0.0427283
0.0113783
0.0189721
-0.0258735
0.082406
0.0237421
0.034958
0.0197558
0.0204369
-0.14673
0.0506844
0.0135613
-0.0918219
0.121499
-0.012494
-0.098401
0.0143388
-0.0911653
0.0704198
-0.00146484
0.0223776
-0.0918706
0.0310548
-0.202708
0.205312
0.0455816
-0.0011889
-0.000137734
-0.0996351
-0.0513838
-0.257319
0.0804886
0.183639
0.0264325
0.133684
0.0148779
-0.0712106
0.117784
0.03694
-0.0317219
0.0950293
0.0715095
0.0332886
0.0516877
0.0526102
-0.00554622
0.0103126
0.0552417
0.035632
0.0196971
-0.0833945
-0.0277191
-0.0731867
-0.245556
0.0305619
0.0856408
-0.0281554
0.0182447
-0.0156645
0.0238091
0.00804816
-0.0106522
0.116841
0.00649344
-0.10866
0.0796666
-0.0258808
-0.0853754
0.0237091
-0.0313896
0.0197293
-0.0359492
-0.104786
0.0590174
-0.0794377
-0.175622
0.149012
0.127783
0.0974295
-0.09523
0.0187371
-0.21952
0.0831084
-0.0623664
-0.00355864
-0.0616065
0.151098
-0.12726
0.163553
-0.0610931
0.0160691
-0.0341959
0.0749615
0.13225
0.0630896
-0.0812205
-0.00487149
0.0534708
-0.0290327
0.0708207
-0.0309668
0.0795881
-0.0192156
0.0747919
0.0383139
0.0917405
0.0488264
0.0340405
0.0532918
0.0755604
0.00949718
-0.00597549
0.00268325
0.020404
0.0450149
0.0523629
0.0335689
0.00594013
-0.0207991
-0.0416577
-0.0102552
-0.0853454
-0.00339343
0.0476554
-0.486706
0.0540399
-0.0816307
0.236297
-0.12593
-0.0445829
0.147105
0.286586
-0.0721885
-0.00904219
-0.0236427
-0.0699988
-0.0687954
0.0467627
0.111164
-0.112608
-0.0819471
0.137175
0.123683
0.0769614
-0.0275773
0.0756455
0.0568653
-0.027317
0.0163379
-0.0282003
0.0893385
0.137866
0.080252
-0.173271
-0.0417167
-0.144695
0.0945656
0.0746299
-0.0499364
-0.0810651
0.0817594
-0.0946053
0.0547292
0.0294842
-0.176086
-0.405356
0.0736402
0.208402
0.0597468
-0.0828043
0.0477196
0.142271
0.022202
-0.155291
-0.0777391
0.0829052
0.0272982
0.144741
-0.0412159
-0.127471
-0.229961
0.184749
-0.0214992
-0.0261076
-0.0247757
-0.206
-0.00108979
-0.0102153
-0.390405
0.348671
-0.139587
-0.401944
0.157481
-0.185849
-0.509289
-0.131836
-0.032331
0.688276
-0.286847
0.0851018
0.173699
-0.0234814
0.361051
0.0361785
0.0116683
-0.0574286
0.116421
-0.117788
-0.0390649
-0.0031883
0.0539151
0.303508
-0.0747325
-0.121958
0.0366302
0.0701571
-0.128373
-0.223192
-0.057328
0.133039
0.011584
-0.028106
0.00723264
0.0719037
-0.0831451
0.136966
0.135219
-0.201082
-0.202665
-0.0541205
0.04773
0.0970878
0.0393039
-0.166926
0.0783931
-0.125081
-0.0427454
-0.174301
-0.279238
0.0506275
0.246762
-0.101749
0.248913
-0.0234613
0.129005
-0.120864
-0.127092
0.0199559
0.116262
-0.167465
0.0725
0.17616
0.162726
0.0713256
-0.143643
-0.0774536
0.126246
-0.0233181
0.0974069
-0.074227
-0.0798835
-0.140815
-0.272987
-0.270149
-0.121082
0.134042
-0.241511
-0.00610139
0.063443
0.0750046
-0.0808507
-0.0564407
0.317874
-0.0429681
0.0638079
-0.0900192
-0.18173
0.0138354
0.0396945
-0.271838
0.200599
0.158271
0.0439038
-0.0612335
0.0795659
-0.0729966
-0.142387
0.201807
0.0922015
0.177844
-0.0267402
0.0265623
0.0253021
0.0332895
-0.0419305
0.0745665
0.129031
0.170934
-0.0180672
-0.0421278
0.0966642
0.0636562
-0.0632081
0.0801584
-0.0529259
0.051393
0.0324913
0.014032
0.0245208
0.0343853
-0.0979518
0.0444456
-0.0943372
-0.181898
-0.0262468
0.0388112
-0.0081447
-0.169571
-0.0831915
-0.0194001
-0.138013
-0.149336
0.218336
-0.121184
0.0186749
0.00214579
0.0326689
0.140104
0.193312
-0.139756
-0.037343
-0.104313
-0.131656
-0.0258837
-0.136401
0.0863559
-0.188845
-0.230895
-0.0242712
-0.0270243
0.019429
-0.154068
0.149436
0.0550516
0.415039
-0.0901949
-0.0822694
-0.117731
-0.0450826
-0.0125917
-0.0252839
0.103816
0.0892894
0.181654
0.0435095
-0.04341
0.0761566
-0.0849841
0.157761
0.192529
0.0411281
-0.0515646
0.0463688
-0.0100158
0.0976266
-0.0815071
-0.0536737
0.273578
0.000264819
0.0387151
-0.0169828
0.194441
0.0574692
0.0220388
0.0490389
-0.0519893
-0.047181
0.103385
-0.0150762
0.0347271
0.0323321
0.0421771
0.00769036
-0.0706849
0.00565468
0.103793
0.0228577
-0.0173681
-0.0674001
-0.013702
-0.0407544
-0.0199578
0.0455238
-0.0406512
0.14099
-0.0210599
-0.313934
-0.108114
0.031967
-0.0353766
0.199244
-0.0950824
-0.0200729
0.0701011
-0.0615107
0.0962713
-0.152848
0.184895
0.0443627
0.227676
-0.0220568
0.146012
0.0674155
-0.0554855
0.0798213
0.0740877
0.0683183
0.0281657
0.0479448
0.00879907
-0.187419
0.0632646
0.0513685
0.0262169
-0.00936559
0.0737073
0.00171875
-0.0214401
0.000579135
-0.00750033
0.125197
0.0939853
-0.134773
-0.00665758
-0.0175693
0.0957917
-0.0818967
0.11
0.00723904
0.119949
0.0890443
-0.0250647
-0.0164954
-0.0368199
-0.0128562
0.0248626
-0.179478
0.149531
-0.03793
-0.0464485
0.068837
0.0873412
0.0340864
-0.0461377
-0.0197903
-0.0121305
-0.130996
-0.293961
0.18381
-0.364844
0.201295
-0.143819
0.125898
0.141259
0.0255686
0.0113941
-0.175427
0.0896455
0.0142163
0.138213
0.105714
0.0809287
0.032137
-0.00136139
-0.0390965
0.0115432
