0.213653
-0.21745
0.0349599
0.43444
0.32908
-0.0269158
0.10066
-0.0209035
0.156103
-0.0773624
-0.158887
0.0214613
-0.0488425
0.075313
-0.0882474
-0.41399
0.170633
0.114675
0.0858408
0.00944882
0.062765
0.106965
-0.0387642
-0.109739
0.067704
-0.00663272
0.211624
0.109071
0.046759
0.0435452
-0.0303866
0.0307612
-0.0729299
-0.0306082
0.0603707
0.110362
0.0660068
-0.0515073
0.0718149
-0.0310318
-0.0270466
0.07098
-0.0657873
0.109162
-0.106566
-0.0665789
-0.00149287
0.0921392
0.00813279
0.0963491
-0.0348286
0.0154128
-0.0643775
0.118136
0.0665227
0.0675227
0.0473901
-0.100431
0.0249318
-0.04195
-0.0177733
0.0553918
-0.0691969
-0.0883669
-0.0378489
0.0205958
-0.014339
0.054672
0.0274068
0.178667
0.0643158
0.121424
-0.0515047
0.000353676
0.0715384
-0.0538705
0.0493046
0.0525579
-0.0979797
-0.026857
-0.033673
-0.0616132
-0.0925966
-0.0560448
-0.0457916
0.0505042
0.0213602
-0.00723563
-0.0927161
0.0404645
0.0890987
0.0284454
-0.0334948
0.227558
-0.0112911
-0.0552272
-0.0344944
0.156927
-0.0604997
0.138049
-0.0275276
-0.0104734
0.0247693
-0.135761
-0.052765
0.0633552
0.0306484
0.0101953
-0.119123
0.00639864
0.0838691
0.00810187
-0.00598771
-0.0717787
-0.00354925
0.0414475
0.137977
0.0507774
-0.00104078
0.125155
-0.0473951
0.0593799
0.119742
-0.0250542
0.0230251
-0.0111673
-0.127785
0.0222668
-0.0106133
-0.10122
-0.0353578
0.070591
-0.125609
-0.00978166
-0.00174773
-0.0273042
0.000350527
-0.0224585
0.0508104
0.0616759
-0.00104219
-0.029574
-0.108958
-0.0232763
-0.0357251
-0.00106309
0.0882058
-0.0165234
-0.00844803
-0.0540246
0.0198076
0.0918035
0.0471559
0.0399952
-0.13031
-0.0758903
0.0367817
-0.125757
-0.0376068
0.0939309
-0.00177756
-0.0574069
-0.0365408
0.0265233
0.128392
0.0222383
0.0867144
-0.0402796
-0.00807542
0.0389126
-0.0378589
-0.0974068
-0.0102901
-0.0163439
0.0475364
0.0427313
0.0323682
0.0294623
-0.0512642
0.0298775
0.0483177
-0.0356906
-0.0805959
0.0525139
-0.00140617
0.0787916
-0.0240968
0.00629173
0.082474
-0.0538617
0.0451939
-0.025353
0.0128582
0.0830052
0.0144553
-0.0237591
-0.0207061
-0.024904
0.0328464
-0.0380426
0.0483928
-0.0386955
-0.108241
-0.0674136
0.0337636
0.000702198
-0.00842963
-0.00949184
-0.043355
0.0218772
-0.016933
-0.00211864
0.00458983
0.0348844
-0.0670575
-0.0347641
0.0212985
0.0269132
0.0581817
0.123001
0.0166563
0.115138
0.0304581
0.0518048
0.0112117
-0.0125716
0.00713715
0.0892923
0.0557404
-0.0496812
0.11543
0.00997473
0.0033227
-0.00598166
0.0553596
0.159384
-0.0263882
-0.0258039
-0.051151
0.0239686
0.0975777
0
0.0692582
-0.0019353
-0.0481804
-0.0405996
-0.0499194
0.00555892
-0.0669118
-0.0105367
-0.0138463
0.0191161
-0.0402521
0.0105736
-0.128296
0.0483875
0.00532499
-0.00332779
-0.00965685
0.0196369
-0.0206364
0.0129859
0.0699663
0.0349651
-0.0224164
0.0243919
0.00592417
0.0930087
0.0568839
0.0503398
-0.0270298
0.0522498
-0.0206093
-0.0242057
-0.0446921
0.017512
0.111164
0.053688
-0.0255298
0.0849525
0.100874
0.033504
-0.0444877
-0.0614165
-0.0348124
0.0275434
0.0252605
-0.0208353
-0.000948092
-0.00569044
-0.0421467
-0.203388
-0.0259606
0.0596088
0.00807168
0.00387209
-0.00193586
-0.0187326
0.0135685
0.0723767
0.0176127
-0.0561484
-0.121065
-0.0042346
-0.00684429
0.0840873
0.0589896
0.0781154
0.0986887
0.207192
-0.0288055
0.031898
0.00958047
0
0.123108
-0.0177126
-0.0315327
-0.0205651
-0.0190681
0.0931493
0.0983316
0.077915
0.0829608
-0.0670913
0.0397128
0.120851
0.0464106
0.144599
-0.0963611
-0.0303774
-0.0290029
-0.0863332
0.070184
0.125567
-0.0156826
-0.0781983
-0.1232
-0.0356507
0.120109
0.0211504
0.0853208
0.110243
-0.0146866
0.0408387
-0.00803951
-0.108009
-0.0229648
-0.0256433
0.0584754
0.12797
-0.0295413
0.11083
-0.0821477
-0.0462186
-0.163322
0.0615225
-0.0323177
-0.064657
-0.0828193
-0.0456811
0.0879133
0.0719438
0.0222125
-0.125444
-0.0959475
-0.049671
0.0245671
-0.225143
0.0418404
0.141924
-0.174281
-0.0690324
-0.00492717
0.0965599
0.0847527
-0.126328
-0.0543688
-0.0395026
-0.130725
0.129179
0.104603
-0.0752657
0.0393932
-0.116162
-0.0626551
0.0109384
-0.145359
-0.107059
0.0233574
0.00159783
-0.019511
-0.0997466
-0.0194213
0.0960895
0.0489781
-0.00798658
-0.0262409
0.0912258
0.0307522
-0.0421895
-0.0449224
0.116192
-0.0954578
-0.0325556
-0.0954025
0.00935559
0.104253
-0.088465
0.0616236
0.0787217
-0.064014
-0.0147078
-0.0812817
-0.095617
0.114953
0
-0.0264354
0.123516
-0.0185102
0.0232918
-0.0594536
-0.0115481
0.0253242
-0.0224359
0.0201946
0.0143998
-0.0606189
-0.0622834
-0.223912
-0.00331104
-0.178084
0.0138119
-0.130796
0.16541
0.0568697
0.0386204
-0.0152971
0.110542
-0.0306572
0.0887463
-0.130432
0.0769501
0.0203766
-0.0516797
-0.0237899
-0.172844
-0.104546
0.0684679
-0.0609882
-0.226165
0.0806721
0.0313313
0.127408
-0.0924054
0.0587474
0.115123
-0.0181959
-0.0619113
0.0598875
-0.006749
0.0719791
-0.0669169
0.138714
0.148953
0.0796713
0.0233888
0.0301298
-0.0457162
0.0580012
0.0631262
-0.0276492
0.0356724
-0.112591
0.0440258
-0.0430526
0.0478965
0.192175
0.00918027
-0.0313743
0.0538146
0.0138814
-0.0104093
-0.00505082
-0.0913538
0.0130563
-0.000318243
0.0162175
0.1357
-0.0241648
0.0276122
-0.0631809
0.0119753
0.0943536
0.0900711
0.0950879
-0.0475848
0.00523005
-0.107611
0.0192571
0.0581667
-0.111993
-0.0046807
-0.0748762
-0.128814
-0.033503
-0.0236793
-0.13417
0.106259
-0.154103
0.0455715
-0.136684
-0.0743547
0.0212061
0.0231428
-0.0942276
0.02896
0.0998818
-0.153206
0.112316
-0.142436
0.06115
-0.152736
0.0946024
0.0478014
0.111425
0.133329
0.0890911
0.132643
-0.112666
0.0433603
-0.112482
-0.0797258
0.00783801
-0.0997384
-0.0122074
-0.093533
-0.00333289
0.0985164
0.17732
0.0440045
-0.003552
-0.0485626
0.0746887
-0.0219284
-0.103191
-0.00652571
0.116171
0.0125744
-0.0893297
0.0628729
0.128719
0.0353397
-0.0605676
0.0111848
-0.0319898
-0.13646
-0.167702
0.0300127
-0.010214
0.0447325
0.0458401
0.0660971
-0.136581
-0.0736354
0.0535468
-0.0575246
-0.0119431
0.00431442
-0.121849
-0.114515
0.0101871
0.115405
-0.0241854
0.134293
0.0687833
0.077801
0.0401404
0.0691326
-0.0268822
0.0401347
-0.0980305
-0.000326206
0.000652401
-0.0460989
-0.0634464
0.107262
-0.0300615
0.015042
-0.0360078
-0.0532668
0.0496589
0.0927354
-0.0727442
0.00163685
-0.0864639
-0.111562
-0.137163
0.0499731
0.0443609
0.0838138
0.0494238
-0.0874036
-0.0143633
0.0855403
0.0575018
0.082043
0.00751425
0.0348836
-0.000650915
0.0858792
0.0351109
-0.093039
-0.0318575
0.0117146
-0.077702
-0.0226404
-0.0844499
0.0158888
-0.0129077
0.098208
-0.0381141
-0.0409039
-0.0530277
0.105447
-0.0098694
-0.0432109
-0.0769873
-0.0832934
0.050594
-0.0173942
0.113849
-0.030831
0.128004
-0.0118079
0.153396
-0.0155254
0.112337
0.0345092
0.0149808
-0.0105161
0.0540559
-0.0114228
-0.0684923
0.0446529
0.107305
-0.121317
0.0165579
0.142156
0.00658483
0.0334841
0.0311925
-0.0208882
-0.0415944
0.0590562
-0.00311594
-0.0446645
-0.0766745
0.0145001
0.0790642
0.0293329
0.0174341
0.0350872
-0.0266923
-0.00279751
0.0114959
0.0859542
0.0442343
0.00520921
-0.0386741
0.0291729
0.0882273
0.0841409
-0.0229323
0.00120828
-0.0299478
-0.0103058
-0.0352413
-0.0757626
0.0718054
0.0222009
0.107266
0.00270453
-0.0515116
-0.00362483
0.0286607
0.0636639
0.0131626
0.0940259
0.0100642
-0.027256
0.0296226
-0.128304
0.0206516
0.0101605
-0.0245223
0.0912051
-0.0127663
0.0450545
-0.0121329
0.00325661
0.0751983
-0.0719428
-0.209917
0.0120802
-0.0924824
0.0343638
0.0623432
0.0274167
0.0764289
0.135528
-0.0194598
0.217781
-0.0228393
0.0260153
-0.0387586
-0.00985822
-0.0523531
0.039
-0.0638179
-0.0451217
-0.0143997
0.037279
0.0540566
0.0037876
0.0621445
0.0115731
0.030604
-0.0161565
-0.0387665
0.143892
-0.0696727
0.0195459
0.00315824
-0.0422882
-0.00144152
0.0184358
-0.0207427
-0.0755551
0.00871359
0.0599177
0.01586
0.112316
0.0735224
-0.0155677
-0.0405899
0.0116545
0.0139108
-0.0634652
0.00399623
-0.0750526
0.0904517
0.0378266
0.0274979
0.0713674
-0.0340687
0.0250701
-0.0146401
-0.0378254
0.098218
-0.0151341
-0.00224404
-0.0881957
0.0228985
0.0565968
-0.0101132
-0.121879
-0.0222165
0.0463708
-0.1093
-0.0172315
0.0835819
0.0341472
0.0113565
0.0563079
0.000846441
-0.0506302
-0.0460437
-0.14404
0.0409553
0.141469
0.124653
-0.0300338
0.013765
0.0860918
-0.0401585
-0.0762977
-0.0561918
0.0107545
0.00706904
-0.0515772
-0.0618456
0.0345325
0.0542684
-0.0295128
0.012213
-0.0643565
0.0410538
0.0215995
0.0416461
0.0127142
-0.0515217
0.0379593
0.0313352
0.066018
0.109717
-0.00443213
0.0541587
-0.0682993
0.078215
-0.0826554
0.0595034
0.0687477
-0.00054811
0.0183454
0.0240444
0.0438412
-0.0291153
-0.0149988
-0.00382148
-0.0638157
-0.0261366
0.060697
0.00766388
0.0204994
0.0250886
-0.0792982
-0.128478
-0.0535342
0.102357
0.0540915
0.0685723
0.0493545
0.000815982
0.0342113
-0.00379548
0.0748298
-0.00403785
-0.0258809
0.0433665
-0.0547105
-0.078136
-0.0453156
0.00656437
0.0147541
0.12993
-0.0172628
0.119418
-0.000800309
0.0154613
-0.0512739
0.061923
-0.0640651
0.00133889
-0.000267763
0.00187419
0.0640463
-0.0173054
0.0756564
-0.092191
0.00240189
-0.0572684
-0.0476159
0.0212803
0.0276774
0.0561935
-0.00694018
0.0924948
-0.023574
-0.0707902
-0.0796368
0.0295691
0.038577
0.000802107
-0.0969851
0.031536
0.059833
-0.0283962
0.0671099
0.04228
0.0225294
-0.0483016
-0.00186242
-0.128274
-0.0969567
-0.0957076
0.00219786
0.113357
-0.101003
0.0678117
0.0635647
-0.0206007
0.0349419
0.0234967
-0.06794
-0.057199
0.0313638
0.000544588
0.0735188
0.0504173
0.0271254
-0.00912311
0.0815436
0.00798488
0.0233856
-0.0617713
0.0601786
0.062721
0.0913896
-0.0516323
0.0395999
0.0948195
-0.011414
-0.0512641
-0.0402583
0.00445207
0.0352845
-0.0617641
0.0228134
-0.0312176
-0.0780759
-0.0658876
-0.0765262
-0.0422595
0.0564852
0.0697612
-0.040568
0.0546748
0.0437905
-0.0600283
0.0954509
-0.0301277
0.0295999
-0.0667234
-0.0457984
0.0136016
0.0215646
0.0411365
-0.0771034
0.00293549
-0.0229732
0.0426986
-0.0047945
0.0183665
-0.143298
0.059175
0.0718822
0.0358809
-0.0199179
-0.021556
0.0210243
-0.0135676
-0.00852243
-0.0687104
-0.0139601
-0.0309427
-0.0847061
0.0433899
-0.0452925
0.0871477
0.0392653
0.00026841
-0.0311837
0.124421
-0.0463766
-0.0045426
0.0288238
0.0359134
-0.0447118
-0.0553677
-0.0807911
-0.180072
0.0710517
0.0957622
0.046192
-0.0790069
0.0733457
-0.107359
0.0432448
-0.0309867
0.0149617
-0.0280375
0.0941445
0.0838985
0.0964698
0.0468323
0.000263967
0.059741
0.000787143
-0.00183676
-0.0194379
0.0527097
0.0180305
0.0185192
0.0920853
-0.0237831
0.0503428
-0.0286256
0.048949
0.0420589
-0.00460759
0.0332294
-0.0863698
-0.0448882
0.0433437
-0.0736409
0.043475
0.0373717
0.0149096
0.0456189
0.013543
-0.0268484
0.0688936
0.089362
0.0234107
-0.0123278
-0.041877
0.0469106
-0.0256979
-0.112637
-0.0234988
0.0642351
-0.00635413
0.0335043
0.0184808
0.0969061
0.057198
-0.0376789
0.0618086
0.0166329
0.0101647
-0.0653833
-0.0364818
0.0832632
0.0262806
0.0299153
-0.0653856
0.0438853
0.0271766
0.0492236
-0.039113
-0.0712381
-0.0722492
0.0573439
0.00720703
-0.079314
-0.0743965
0.0382727
-0.077199
-0.0517991
-0.0178362
0.0371653
-0.0900964
0.0266284
0.00920104
0.0507091
-0.0188266
-0.00203744
0.0814281
0.00984811
0.0403013
-0.0385347
-0.022737
0.162813
0.0889357
0.0339776
-0.0473047
0.00246932
0.0192398
-0.0481691
0.0567903
-0.0402137
0.0148214
-0.220118
0.121889
0.059896
-0.1327
0.0205689
-0.0459621
0.0537271
-0.0356185
0.0965273
0.0820378
0.0647076
0.0235156
0.0129589
-0.00366591
0.0601949
0.0068009
-0.149466
0.0788034
0.0414837
-0.0676826
0.0213071
-0.00122332
-0.0746602
0.124207
0.147184
-0.0223367
0.0923849
0.0242707
-0.0326125
0.0035759
0.0560931
0.123432
-0.124143
-0.0161313
0.0601228
-0.0708123
0.0495502
0.111475
-0.0421862
0.00727811
0.0482301
-0.0365024
0.0977415
-0.00023214
-0.00789596
0
0.0528305
0.0320716
-0.00737429
-0.0126873
0.0577697
-0.00298388
-0.0444041
-0.013152
0.0313516
-0.0355085
0.0228413
-0.071466
-0.00278571
0.116796
0.00550598
0.0895044
0.0476213
0.0386105
0.0155376
-0.0491723
-0.0562347
0.060304
-0.115942
-0.0378003
-0.0566235
-0.172524
-0.00775294
-0.0944562
0.131756
0.0718605
0.0264673
-0.151387
-0.0271076
-0.0520637
0.0520637
0.0825081
-0.00561995
0.0537284
0.0485737
-0.0990234
-0.0445885
0.0822163
0.0181789
0.0100076
0.0269473
0.0421336
0.0401163
0.0952628
0.00182311
-0.0429313
0.0456653
0.0986078
0.00631399
0.020268
0.0238186
0.141954
0.0401908
0.0941013
0.109649
0.0832218
0.0457236
-0.00874396
-0.012169
0.0270931
-0.104294
-0.0814902
0.074599
0.0210893
0.021474
0.0423829
-0.00876153
-0.0111232
-0.109754
-0.127396
-0.0109642
-0.00153595
0.041825
0.149224
0.0893734
0.11224
-0.0312751
0.0687607
0.0538757
-0.0797637
-0.133444
-0.0539662
-0.00708862
-0.129333
-0.0394779
0.0447009
0.0946273
0.0385034
-0.0378568
-0.0772322
0.265099
0.0487358
0.167591
-0.0391934
-0.00436432
-0.109101
0.0081925
0.0113324
0.0662676
0.119916
0.0858902
0.131598
-0.0306662
-0.146143
-0.147686
0.0849535
0.0571947
-0.0238257
-0.0234703
0.0228534
0.0287498
0.103429
-0.0402652
-0.0167231
-0.00735069
0.131694
0.131375
0.119847
-0.109705
0.00119246
0.086865
-0.143265
-0.0246126
-0.254653
-0.0635001
0.162478
0.0895413
0.039451
-0.155685
-0.030243
0.0420701
-0.126126
-0.0577468
0.108799
0.166969
0.0497528
0.0288919
0.00580842
-0.0180372
-0.0698494
-0.0919271
-0.10328
-0.013604
0.112194
0.148799
0.0734775
0.06581
-0.0444887
0.102778
-0.095416
0.0983709
-0.0230708
0.312507
-0.011487
0.0456783
0.138053
-0.0395734
0.0653062
-0.057945
0.0105605
-0.0823268
-0.0845433
0.0181904
0.138308
-0.00226436
-0.0666505
0.0458699
-0.0318212
-0.114673
0.0285526
-0.148634
-0.310272
-0.0427639
-0.264007
-0.177785
0.241827
-0.144518
0.0837814
0.131507
-0.0183602
0.022232
-0.0910762
-0.206694
0.0888096
-0.0272903
-0.15409
-0.0199334
0.0651661
0.260609
-0.0444793
-0.0316263
0.160809
0.156458
-0.176444
-0.0719111
0.0567933
-0.00449889
-0.117687
0.184552
0.112735
-0.0138717
0.222032
0.118532
0.0861549
-0.0198755
-0.0900295
-0.186498
0.0184504
0.150686
0.158063
-0.0242443
-0.0434401
-0.29074
-0.0039847
0.0627733
-0.0713458
0.194549
0.0388494
0.00623308
0.112306
0.131984
0.0036098
-0.0768464
0.0248538
-0.190456
-0.136182
0.0297458
0.0451388
0.114674
0.186602
0.0199303
0.00871889
-0.0111843
-0.0364261
-0.137488
0.107117
0.168698
0.0865515
0.0922656
0.066355
0.25414
0.0246169
-0.0303339
0.0189249
0.0414735
-0.0512886
0.0221148
-0.00962464
-0.0992804
0.053526
0.0671299
0.158176
0.0243158
-0.00856501
0.0577154
-0.0852079
-0.0912476
0.165148
0.0342314
0.00433572
0.0919932
-0.0221873
-0.129282
-0.0656245
0.152113
0.0620595
0.0164844
0.00223017
-0.0602173
-0.0215944
0.00484119
0.0857148
0.117052
0.158471
-0.0695993
-0.0156259
0.0615222
-0.0266076
-0.104773
0.0569023
-0.0462401
0.0342787
0.142934
0.0583247
0.0188165
0.0683651
-0.0193446
-0.0638727
0.082726
-0.00229328
-0.0492685
-0.119411
-0.133847
0.0537206
0.00151145
-0.0402151
-0.0557943
-0.0581535
-0.244266
0.146069
0.0455339
0.161889
0.137372
-0.0396773
0.00985065
-0.0911962
0.0534105
0.0975162
-0.119484
0.0271594
-0.0409348
-0.0517433
-0.155998
0.0881756
0.0502326
0.0476232
0.0336384
0.0253222
-0.169755
-0.0134669
0.0143186
-0.0560273
0.00753412
0.0955657
-0.0639501
0.146512
0.151024
-0.0298567
-0.0539678
-0.227883
-0.142315
-0.0942064
0.0244291
0.178203
-0.0353806
-0.110726
-0.0623011
0.103794
0.0568375
0.0925948
0.0315261
0.0120729
-0.0887605
0.148738
0.0678448
0.0472023
0.0031723
0.0218448
0.0103222
-0.0666152
-0.0672305
0.047948
0.235531
0.083744
-0.0565687
0.0930784
0.0080952
-0.0752134
-0.236105
-0.0223972
-0.141385
-0.0958365
-0.000514055
0.0142125
0.113317
-0.125473
-0.0468803
-0.127494
-0.182261
-0.0684092
0.153092
-0.164718
-0.280952
0.0539698
-0.115453
0.102263
0.0223398
0.325703
0.0812876
-0.0473522
-0.34173
0.139069
0.179696
-0.194652
-0.324202
-0.224348
-0.154152
0.128211
-0.226191
0.0939175
0.342434
-0.00523795
-0.0617523
-0.334452
-0.0351042
0.288837
0.0248334
0.0189154
-0.304688
-0.151743
-0.130005
0.223914
0.215942
-0.090732
-0.208443
0.0640112
0.0297975
-0.087093
-0.313284
-0.326785
-0.216412
0.432155
-0.0518441
-0.273115
0.261719
0.434507
-0.0947383
0.0963262
0.0354642
0.150748
-0.108908
0.337709
-0.0866286
0.0446511
-0.0245047
0.0275635
0.188783
-0.0702114
0.121289
0.148008
0.158888
-0.0391681
0.213906
-0.257789
0.0204178
-0.104533
-0.00294491
0.0815837
-0.0510724
0.0262461
0.08617
-0.0141285
-0.052329
0.238635
0.196568
0.226382
-0.0861025
-0.074367
0.125356
0.0279299
-0.17313
-0.366026
-0.0547778
0.106437
0.028292
-0.00930223
0.0696369
0.0946769
-0.0155171
-0.211773
-0.0129647
0.0406975
0.131059
0.0969286
0.0990812
0.231799
-0.0566564
0.111471
-0.0706184
0.125874
-0.0997292
-0.00533922
0.133052
0.314951
-0.0777143
0.0750305
-0.101651
-0.0848286
-0.30885
-0.0512928
0.205496
0.303232
-0.158568
0.128575
-0.137438
-0.270998
0.0335543
0.00802271
-0.0157455
-0.00663892
0.0399372
0.195482
0.000981259
-0.121676
-0.000572382
-0.143536
-0.0348327
-0.0947073
-0.0168137
0.202946
0.105126
0.121114
0.140739
-0.0495939
-0.00571038
-0.0722117
0.0639942
0.139567
0.244547
-0.161597
-0.0507366
-0.186717
0.000659949
-0.021388
0.087459
0.169063
0.00542921
0.0462942
0.00612222
0.149798
-0.0847373
-0.120828
-0.00783323
-0.0993811
-0.0429382
0.0797236
-0.0169698
-0.151068
-0.0725502
0.112861
0.0887424
0.183492
0.0179435
0.0496518
0.0549531
0.133792
0.0899102
-0.0547593
0.0541568
-0.0490477
0.111038
-0.0300155
-0.0423313
-0.0706466
0.146463
-0.304782
-0.0139501
0.161267
0.0224895
0.116924
0.137482
0.00780753
-0.154504
0.0836494
-0.0291013
-0.203288
0.00768254
-0.0792318
-0.01135
0.0462636
-0.0552457
0.177352
-0.244897
-0.216
0.0656958
0.0966884
0.16059
-0.0237083
-0.0489145
-0.115788
-0.0201024
-0.0599862
0.043056
0.0381686
0.0831728
0.0732763
0.0202989
0.0791486
0.030381
0.0333268
-0.0771603
0.126288
-0.0846157
0.0327449
0.082803
-0.0173405
0.052529
0.0815319
-0.0439025
-0.0857549
-0.123565
0.0291625
-0.0462264
-0.155232
0.0181377
0.266064
0.00465302
0.152985
0.0433374
-0.0351187
-0.0609363
0.00801833
-0.0261366
-0.153724
0.0426048
0.156117
-0.0178715
-0.121915
-0.142488
-0.0977226
-0.0508095
-0.144471
-0.0618753
0.150743
0.0547611
-0.289498
0.185277
0.090031
-0.0600372
-0.0243792
-0.216949
0.0317281
0.00889981
-0.244709
0.0601863
0.228318
0.148069
-0.0155763
-0.11121
0.0571304
-0.136044
0.102222
0.225988
-0.0111576
0.0858215
0.0226449
-0.0137471
-0.203975
0.0474981
-0.129222
0.218005
0.0685406
-0.104359
-0.0890552
0.0112033
-0.111746
-0.0356635
-0.0863014
-0.0792378
-0.0878646
0.0417939
0.0276613
-0.16513
-0.0731349
0.0938776
-0.053866
0.234594
-0.118157
0.0223815
0.0152691
-0.0985128
0.13665
0.0521201
0.0213757
0.167381
-0.0017097
0.0569239
-0.096587
-0.100081
-0.121719
-0.221107
-0.0647902
0.209923
0.0216493
-0.112742
0.199319
-0.0821166
0.137238
-0.0769482
0.169585
0.171905
0.045057
-0.0510053
0.0460232
0.080066
0.0398489
0.0278534
0.0954121
0.0178693
0.160762
-0.0610274
0.0338208
0.0752483
-0.0415567
-0.00753828
-0.105119
-0.0623017
0.142124
0.0420894
0.182722
0.00303721
0.0112431
-0.143183
0.0736989
0.0115793
0.132132
-0.0716873
-0.0495548
-0.062559
0.0924202
0.0874498
-0.0428395
-0.0128683
-0.102371
0.0573586
0.078528
0.00982478
-0.0352564
0.0314823
0.0713196
0.0437302
0.0431009
0.136991
-0.388897
-0.196889
-0.136579
0.0888055
0.157045
-0.135254
0.0212998
-0.00211263
0.192157
0.0169272
-0.250339
-0.0913055
-0.151197
-0.00381251
0.0526791
-0.167114
0.160482
0.102009
-0.101994
-0.169363
0.0356544
0.0188983
0.0340536
-0.222803
-0.107839
0.269549
0.0469797
-0.0565295
-0.138684
-0.203401
-0.105071
0.234019
0.100286
-0.0717296
-0.136105
-0.110596
0.212808
-0.0938621
0.181174
-0.159937
0.215574
0.210098
0.105041
0.0857
0.123094
-0.155393
-0.0859317
0.18682
0.055905
-0.156283
0.0312491
-0.0620378
0.16958
0.00112846
0.100923
-0.0100284
-0.012474
-0.0227351
0.215847
-0.0764658
-0.0555286
-0.0774555
-0.235613
0.146398
-0.120134
-0.054449
-0.0745103
0.111954
0.182387
-0.0557115
-0.238786
-0.0446504
0.00975779
-0.285425
-0.3016
0.131699
0.180885
0.0906322
0.0666712
-0.0421708
-0.124256
0.23694
0.0723736
-0.300385
0.023885
0.0631272
-0.0361939
-0.149904
-0.0378913
0.235267
0.0599715
-0.057058
0.112463
-0.195203
0.0591031
-0.305554
-0.0162902
0.0845552
0.0521573
0.182179
-0.0227988
0.226862
-0.000345941
0.173334
0.238006
-0.121067
0.000152749
-0.0657905
-0.0111535
-0.0815902
-0.0200394
0.0252058
0.137378
-0.069824
0.054084
-0.054993
0.0564027
-0.0756192
-0.0991973
-0.0348762
0.0213806
-0.0466962
-0.097409
-0.118782
0.117484
0.246775
-0.0829341
-0.0539556
0.0580065
0.120694
-0.0482885
0.0148353
0.0656596
-0.0658295
-0.00057138
0.0770571
-0.115461
0.0230877
0.00550468
-0.141027
0.00452988
0.0147666
-0.00571302
-0.0548858
-0.0259146
0.0465635
0.0221113
0.0186835
-0.116696
0.0731512
0.0380668
-0.0465405
0.0874569
-0.0417148
-0.00440034
0.055403
0.086217
0.0869192
-0.0212717
0.0390298
-0.0022467
0.0649503
-0.0282563
-0.0140209
0.0101671
0.0343119
0.0437076
0.0866064
0.181699
0.00448758
-0.0672743
-0.085892
-0.00827859
-0.13311
-0.0284919
-0.0402513
-0.118663
0.118632
-0.213069
-0.011148
-0.0103796
-0.194954
-0.129355
0.0108988
0.0821794
-0.0704394
0.0899342
-0.00842549
0.0480639
-0.0155501
0.0959349
-0.0159306
0.0739805
0.0144834
-0.199737
-0.0274285
-0.210354
0.0233641
0.125821
0.121887
-0.132086
-0.0890749
0.114288
0.091812
0.0629441
0.192067
-0.110182
-0.103409
0.101399
0.0342612
0.0779932
0.0297611
-0.102105
-0.0102837
0.0710809
0.0556991
0.0161616
-0.0544602
-0.0653618
-0.197876
0.21759
0.0302683
-0.00287653
0.015011
-0.148801
0.0584108
-0.255165
0.105368
0.0638775
0.0742235
-0.19786
-0.136808
-0.0368732
0.0458555
-0.0190606
0.225269
-0.04082
-0.0670951
0.0909932
0.129589
0.0314402
0.0196195
-0.219718
-0.141486
0.113781
0.0773439
-0.189667
-0.0996251
-0.0293949
0.195919
0.00811806
-0.00122131
-0.0769855
-0.22081
0.238414
0.0201394
-0.0785414
-0.100444
-0.0465592
0.0904008
0.0824732
0.00773357
-0.142018
0.185777
0.0201657
-0.000885726
0.0364271
-0.0278308
0.0796541
-0.0139457
0.0616896
0.0359043
0.0277437
-0.0585813
-0.0728327
0.00735514
0.0204062
0.0385588
-0.108284
-0.0314518
-0.067662
0.124348
-0.0206738
-0.0842749
0.0350248
-0.178433
0.00930864
-0.188558
-0.0130015
0.0514052
-0.0995085
-0.0454284
0.041255
-0.0393454
-0.0157105
-0.0850338
0.123379
0.135191
-0.0169971
0.00226573
-0.144125
-0.154553
-0.183217
-0.167083
0.181896
-0.294724
-0.020298
0.170118
-0.189609
-0.416421
0.163444
0.317489
0.268099
-0.201239
-0.0456866
0.0807515
-0.0271236
-0.280375
0.131998
0.154249
-0.0361928
0.109795
0.243683
-0.0257612
-0.0371278
-0.00961163
0.22165
-0.0315767
0.0139557
-0.0145518
-0.0529393
-0.021958
0.0698545
0.140564
0.026111
-0.0654565
-0.040263
-0.237183
0.179584
0.0274057
0.0123429
0.118608
-0.11335
-0.356119
0.264361
0.0701294
0.0348134
0.0176488
0.0448866
0.0587842
-0.133351
0.0312528
-0.0442329
-0.0441225
-0.114951
-0.00120763
0.0231782
0.0804043
0.112149
-0.0356224
0.079006
0.00383229
-0.152487
-0.0969099
0.0278729
-0.116931
-0.0515533
-0.0901311
0.0154158
0.0337612
-0.102638
0.0429644
-0.00669165
-0.189352
0.0936084
0.0542044
0.00725119
0.13061
-0.135201
-0.0701401
-0.0912644
-0.127612
-0.0189622
-0.00175555
-0.140042
0.16503
0.100558
-0.0359324
-0.163295
-0.0427793
0.0605793
-0.093086
0.0337833
-0.158729
-0.0838632
0.01958
0.218978
0.0802971
0.150134
0.0322861
0.0675744
-0.0664387
-0.0381615
0.0187468
-0.109523
-0.13523
0.0448195
0.00714662
0.140218
-0.084217
-0.132354
-0.0887826
0.0286367
0.135081
-0.03993
-0.0224707
0.138661
-0.0682713
-0.0313482
-0.158082
0.0230388
-0.0616493
0.126267
-0.118872
-0.212396
-0.26093
-0.0724669
-0.588534
0.282816
0.125163
-0.387414
0.296461
-0.102899
-0.265438
-0.355242
-0.274104
0.398326
0.106843
0.0698329
0.142776
0.289168
-0.243091
0.0971314
0.101852
0.271646
0.0393742
-0.00659467
-0.0456461
0.281967
0.022989
-0.0376707
-0.153223
0.0301877
0.234952
-0.169354
-0.194091
0.10454
0.239534
-0.0496867
-0.158007
0.198659
-0.200035
-0.163124
0.0719089
0.0623485
0.114326
0.153949
0.00947887
0.00423764
0.117817
-0.0643968
-0.188602
0.251066
-0.069064
-0.0048669
0.100256
0.0884007
-0.0738394
0.0284383
0.0603395
-0.0991253
0.0174411
-0.0690551
-0.115996
0.00629937
-0.00952741
-0.0750568
0.0915512
0.230228
0.0677363
-0.197552
-0.152542
-0.0469176
-0.0793331
-0.0885355
-0.0273089
0.147669
0.0287148
-0.0594455
-0.0790532
0.154308
0.0351759
0.0689278
0.0558552
-0.0479361
0.00180152
0.190761
0.00933987
-0.0568694
-0.0819433
-0.0418177
-0.0724822
0.0151502
-0.164995
0.102146
-0.0746488
0.0211766
-0.0227175
0.0228731
0.0207237
0.0609111
0.100809
-0.0769029
0.0586945
-0.178121
-0.082343
0.147183
0.0480953
-0.0431979
-0.144145
-0.0384572
0.104345
0.00206726
0.0654821
-0.0506338
0.0353949
0.105823
-0.050562
-0.0545433
-0.120605
-0.135126
0.0973718
-0.044389
0.0983106
0.0746315
0.0765507
-0.150751
0.132544
0.140162
-0.0534622
0.0602512
0.0695313
0.00664283
-0.0506802
-0.0122343
0.0369806
-0.0200126
0.0593323
0.0135943
0.030407
-0.0929235
-0.025855
-0.0053314
-0.0897069
-0.0156745
0.0369639
0.108827
-0.0386195
-0.00685761
-0.0734036
0.0462891
-0.1058
0.00195016
0.0952289
-0.1769
0.0458128
0.0780128
0.111727
0.00760185
-0.0657759
0.0271747
-0.0422931
-0.0585454
0.0522234
-0.0396133
-0.0744074
-0.00998752
0.0227144
-0.0778736
0.0942765
0.0558731
-0.161101
0.172722
-0.0221396
-0.0508063
0.0647646
0.0663139
0.0374146
-0.0201377
-0.0583768
-0.0189525
-0.0209316
-0.0875831
0.045356
-0.0120645
-0.063676
-0.121524
0.0172489
-0.0834282
0.0875391
-0.190432
-0.0633775
-0.0753798
0.0158601
0.0134036
-0.169932
-0.165763
-0.300235
0.268415
-0.115746
-0.106004
-0.156164
0.0544544
-0.138798
0.194254
-0.218193
0.021253
0.251639
0.062941
-0.30111
-0.345072
0.177447
0.317981
-0.03116
-0.127623
-0.274053
-0.439553
-0.0140523
-0.558902
0.0684347
0.410892
0.251358
-0.474098
-0.507551
-0.0967572
-0.211819
0.487658
0.127179
0.45279
-0.0519586
0.154955
-0.486639
0.0764283
-0.196092
0.331303
-0.0889926
0.350466
0.191274
-0.235968
0.117978
-0.238323
0.368083
0.0058216
0.221277
-0.131793
-0.00936603
0.158921
-0.101763
0.135529
-0.402863
-0.152561
0.0426002
-0.11037
-0.370904
-0.00422067
-0.0396619
0.237033
-0.109626
0.274551
0.083805
-0.303222
-0.189999
0.0899877
-0.0473394
-0.404944
-0.135125
0.121378
-0.317759
-0.184176
0.0681928
0.409128
0.145894
-0.48627
0.201226
0.280052
-0.0639902
-0.173046
-0.0864819
-0.134358
0.0319289
0.0927706
0.455667
-0.0551427
0.493007
-0.177385
0.274603
-0.0967094
0.00781674
-0.0360854
-0.275609
0.238662
-0.129006
0.0967145
-0.385102
0.168094
0.0920389
-0.106215
0.355093
0.0112699
-0.102815
-0.0548812
-0.115036
-0.0472041
0.171522
-0.137215
0.0587937
0.0944909
0.0593841
-0.04744
-0.00402863
0.229682
-0.0353129
-0.1278
-0.125106
0.178285
0.0989493
-0.0382774
-0.0363782
-0.191703
-0.0659531
-0.0400445
-0.0471298
-0.200148
-0.0227257
0.126257
-0.100024
-0.146521
0.269412
-0.190714
-0.18991
0.0162312
0.125337
0.120128
0.0132758
-0.290081
0.1843
0.101366
0.173845
-0.0112547
-0.00894294
-0.110521
-0.0826423
0.0233115
0.101517
-0.0652583
-0.00679009
-0.147679
-0.0152904
-0.159019
-0.110434
-0.11156
-0.158365
-0.152932
-0.0510389
-0.346959
0.0262523
-0.0177522
0.268704
-0.0315138
0.336132
-0.272757
0.243876
-0.224536
0.005892
-0.0559749
0.248734
-0.145748
-0.0146673
0.00299056
0.220346
0.100164
-0.192863
0.0788236
0.107522
-0.0680314
-0.2195
-0.078118
-0.0653624
0.237228
0.079262
-0.162329
-0.171936
-0.0228123
-0.18116
-0.160347
0.0484267
-0.491778
0.590256
0.32429
0.328916
0.0669655
0.0483182
0.000610801
0.250212
-0.309848
0.0498054
0.082488
-0.170354
-0.0551794
-0.260196
0.195949
0.184539
0.0468872
0.114194
0.313464
-0.171774
-0.0190681
-0.151738
0.012639
0.107948
0.173679
-0.159427
0.0886356
0.0729357
0.123693
-0.171437
-0.0742162
0.17938
-0.0315961
-0.0047111
-0.117448
0.185024
0.135195
-0.033728
-0.161659
0.102505
0.0454707
0.0311744
-0.0623708
0.0903075
0.0941188
-0.269516
0.0765079
-0.0891003
0.136425
-0.0266239
0.0314593
0.197124
0.0287661
-0.0871899
0.198455
-0.0328684
0.0262549
-0.0541868
0.112757
-0.0524163
-0.0390192
0.0898936
0.0267343
-0.0654342
0.045324
0.0897976
0.0396553
-0.181213
0.0691787
-0.175198
-0.0661693
0.0170505
-0.0645909
0.0645417
-0.0905549
-0.168232
0.107745
0.0446733
-0.00820253
0.131593
-0.00287174
-0.0465289
-0.064156
0.072661
0.169811
-0.0610927
-0.0620323
-0.0505552
0.0409114
-0.0712539
0.0873217
0.016507
0.153255
-0.0444886
0.0426088
-0.0285065
0.0100505
0.0382011
-0.141945
0.00395195
0.0510154
-0.123545
0.0615727
0.126722
0.0693622
0.0213101
-0.0116898
0.135774
0.0224156
0.0581729
-0.0499829
-0.0790257
0.0145009
0.00570457
-0.115504
0.0692533
-0.0200372
-0.0883123
0.103689
-0.000166492
0.136446
-0.0312304
0.0196802
0.0816213
-0.0658721
-0.027783
-0.0232863
-0.0103302
0.0543847
0.0889269
-0.0140131
0.0505133
-0.134608
-0.0680249
-0.0152429
0.0347123
-0.0810805
-0.107785
-0.0347236
-0.124874
0.188566
0.0951757
0.153202
-0.0092227
0.00435492
-0.00789176
0.105542
-0.00663196
0.118341
-0.0649694
0.0798128
-0.0669234
0.00988064
0.00823792
0.0109427
-0.154392
-0.106524
-0.00287762
0.0289978
0.050726
-0.017052
0.0823671
-0.0310647
0.104361
-0.00535622
-0.062129
0.0481246
0.12109
-0.0805406
0.00762073
0.0600714
0.0040941
0.054618
-0.13304
0.0363947
-0.0630038
-0.0448623
0.0255941
0.145566
0.0145934
-0.0420135
-0.0212107
-0.0424878
0.154082
-0.0707481
0.0298257
-0.0314929
-0.0255682
-0.0164778
0.0451747
-0.101413
-0.0095077
0.0377237
0.000805002
-0.0346276
0.0489688
0.0983383
0.0340994
0.0264818
0.0381056
0.00862072
0.0287345
0.0288759
0.0145073
0.0741292
0.00680451
-0.0178079
-0.0718411
0.0472838
-0.0622291
-0.0374163
-0.0213054
0.0477447
-0.0119092
0.0711097
0.0671997
-0.0418524
0.026436
-0.0765249
-0.0357591
-0.0344251
0.00341862
0.0473803
-0.127462
-0.0473746
-0.0212265
0.0209988
0.0179314
-0.032131
0.0418115
0.071743
-0.0666792
-0.020225
-0.0417609
0.0780004
-0.00882073
0.120345
-0.0417547
0.162241
-0.00117379
0.0205103
-0.0610794
0.0239663
0.0184852
-0.052575
0.0992122
0.0068524
-0.0330493
0.0747235
-0.0263339
0.014658
-0.0258142
0.00730687
-0.22271
0.0496603
-0.122565
0.0361238
0.0627977
-0.133107
0.0450792
-0.191904
-0.035274
-0.0210015
0.14783
-0.0368794
0.112275
0.0138102
-0.0617153
0.0569327
0.123701
0.0337346
-0.017602
-0.00923781
0.046839
0.0579873
-0.0674579
0.0446674
0.0702884
0.019684
0.0500262
-0.0640036
0.0701519
-0.00411298
0.00415673
0.00837385
-0.112527
-0.0109465
-0.0662435
0.127346
0.048921
-0.117461
-0.0394918
-0.232112
0.134603
-0.0942534
0.0922104
-0.0270246
-0.0876678
0.0258352
0.129168
-0.0968267
0.00613986
-0.00577859
-0.0245737
0.0458206
0.0344808
-0.0516192
-0.0180948
0.000271325
0.0284708
0.0428354
0.0830539
0.0294117
-0.034155
-0.00750927
-0.00477143
-0.113917
0.0572215
0.0726728
0.00480832
0.027825
-0.00805951
-0.0751118
0.0407361
0.0366188
-0.0203173
0.0546562
-0.0138854
-0.107705
-0.0885391
-0.0392205
-0.00935229
-0.0741739
-0.028342
0.0520398
0.0275122
-0.0758816
-0.00511602
0.0339279
-0.0730843
-0.00341016
-0.0418691
0.0421918
0.0870292
-0.163646
0.0465446
-0.091254
0.0878325
0.0723183
0.142339
-0.0127268
0.00600307
0.0315418
-0.0489039
0.0120162
-0.172528
-0.0542748
0.0841986
-0.0893918
0.0369202
-0.0616018
0.112442
0.0195433
-0.00787245
0.0169307
0.0150255
0.0823072
0.00490198
0.00932075
0.0954948
0.0809708
-0.0688091
0.0953656
0.0366494
0.0711405
0.028394
0.00405284
-0.0158263
-0.0448088
0.0153913
0.0295711
-0.028273
0.00624584
0.0176169
0.0754095
-0.0249715
0.0629089
-0.0350191
-0.0523328
0.0214509
-0.080927
0.0573088
0.0452848
-0.0377778
0.192587
0.0473377
0.054064
-0.00169969
-0.0163105
0.000425643
-0.0284729
-0.0805066
-0.0283969
-0.0116363
-0.0143319
0.00830331
0.0617338
-0.083848
0.00216597
-0.00424575
-0.110786
0.0411242
0.101396
0.027478
-0.0401424
0.106648
0.0414435
0.0536782
0.0207479
0.0243345
-0.0490676
0.00233193
0.0355263
0.0891364
0.0356502
0.0191101
-0.0683559
0.0533335
0.0196226
-0.0929535
-0.0584797
0.0196086
-0.048511
0.0718055
-0.0250238
0.0173
-0.0985521
0.0688645
0.0326979
-0.00694804
-0.0529846
0.0125482
-0.0526046
-0.0330696
0.0119799
0.0907246
-0.0296632
0.0114275
0.0148573
-0.0813617
0.0726571
0.00409971
0.093351
0.0215366
0.0216154
0.0452076
0.000601667
-0.0120194
0.0675899
-0.0847618
0.0378182
0.0616637
-0.0276231
-0.0455101
-0.0731911
0.0349128
0.0425524
0.0535407
-0.0470708
-0.0115326
-0.0364065
0.00506034
0.01926
0.063548
0.00804929
0.0129478
-0.0424108
0.0402059
0.110469
0.0204226
-0.0162655
0.0674944
0.0772684
0.0313575
-0.0100943
0.0191584
0.0880117
-0.00473925
0.0338195
-0.0111945
0.00828831
-0.000494336
0.00717537
-0.0553617
-0.0886118
-0.0329301
0.0695877
-0.0767301
0.0641392
-0.0153103
0.0439067
0.0427418
-0.0180455
-0.0324165
-0.0297193
-0.0682662
0.0402048
-0.0141206
0.0505652
-0.126025
-0.031441
0.00239705
0.0206356
0.00767927
-0.0544697
0.0245298
-0.00719405
-0.0371091
-0.0130065
0.0400881
-0.035247
0.093805
0.00916048
0.0596308
0.0133325
-0.02089
-0.0545597
0.0295347
-0.0311522
-0.109323
-0.132735
0.0587236
-0.0692531
-0.00499913
0.0613308
0.0321181
-0.0398748
-0.116432
0.0015867
0.0239578
0.123297
0.0435154
0.0406142
0.033662
-0.0174787
-0.0363778
-0.0349106
0.0365865
-0.013845
-0.00470797
0.0293579
0.103251
0.0268159
0.0183603
0.036199
-0.0147609
-0.0219409
0.0469174
-0.0173126
-0.0448432
0.0943765
-0.0120607
-0.0112351
-0.0380169
0.0896299
-0.0429157
0.0109259
0.0421931
0.03964
-0.00713075
-0.0542011
0.0506735
0.0644699
-0.0111335
0.0200117
0.0337086
0.0295683
-0.0694769
-0.0700225
0.0925018
0.0367468
0.00786516
0.0931469
0.0450832
0.0112006
0.0758177
-0.137412
0.14221
0.019514
-0.0482241
0.0548982
0.0262529
-0.054926
-0.0318044
-0.0243669
0.0262845
0.0121684
0.03863
0.0549823
-0.0276246
0.0142018
0.0127018
0.0227053
0.016173
0.0689754
0.00906211
-0.0314994
-0.00146751
0.0554273
0.0362906
0.025621
-0.0352271
-0.0238968
-0.00288119
-0.0410441
-0.0558453
-0.0442908
0.081838
0.0109491
-0.0342792
-0.0472982
-0.0371669
-0.0526532
0.0529196
0.0779329
0.0594613
-0.0031158
0.0206101
0.039843
0.0126433
-0.0469612
0.0346165
0.0294194
-0.0692425
0.0176502
0.0671149
0.0453141
0.0401935
-0.024562
-0.0865569
0.0298455
0.0515405
0.0727367
-0.0105868
0.0867846
-0.0302014
-0.000931003
0.0434274
-0.0129502
-0.121973
-0.102684
-0.0187616
0.0228186
0.0113805
-0.0718284
-0.145071
0.0185575
0.021834
-0.0428418
-0.184212
-0.00731713
-0.0425958
0.126537
-0.0490486
0.0877821
-0.0865665
0.0589643
0.197297
0.0507429
0.0267216
0.135862
-0.0154208
0.0684287
0.000201434
-0.0387131
-0.0300277
0.0763374
0.00903516
-0.0557309
-0.017756
0.0552253
0.0709562
-0.00174596
0.0349882
0.0262469
-0.0374908
0.0232536
-0.0844821
0.0248351
-0.124281
0.115408
0.0761929
-0.0320516
0.0513705
-0.0179443
0.0041049
-0.0247816
-0.0289321
0.0104644
0.0251896
-0.0468209
0.0658207
0.0147226
0.014719
0.070838
0.0171668
-0.00273399
0.0487421
0.0275817
-0.0347515
0.110972
0.0581256
-0.041032
0.0710852
-0.000558306
-0.0746569
0.0747965
0.0062965
-0.0421451
0.0510163
-0.0721732
-0.0621514
0.0520216
-0.0366547
-0.020153
-0.0480579
0.124519
0.0318894
0.111614
-0.0121037
-0.0339339
0.071563
-0.0941395
0.0209445
0.022616
-0.0443957
-0.0378317
0.145071
-0.0771464
0.0508756
-0.00210603
-0.00143304
0.0644045
0.0296187
0.0286785
-0.00904389
0.025115
-0.0620922
0.0418073
0.0261921
-0.144542
0.0902924
-0.0189945
0.0439801
0.0665676
-0.0688209
-0.0761423
0.0736153
0.0883737
0.0758306
-0.00378042
0.0242874
0.0471472
0.010273
-0.0128095
-0.000801136
0.0270196
-0.029006
0.0768484
-0.106743
-0.0613042
0.03958
0.0935831
-0.0846095
0.09961
-0.0325714
0.065401
0.0025807
-0.0323731
0.0675926
-0.0835692
-0.0260457
0.0474307
0.0244503
0.0752276
-0.0137374
0.0840506
-0.0556436
-0.0198435
0.0290707
-0.0728524
-0.0610603
0.0973638
-0.11917
0.044609
0.0904478
-0.0405302
0.063322
-0.0365083
-0.0682206
-0.217373
-0.120546
0.00840218
-0.296316
-0.00687402
-0.0251038
-0.222796
0.260445
-0.162709
0.16093
0.197588
-0.24292
0.126217
0.0451127
0.025933
-0.00432039
-0.161551
0.06417
-0.254423
0.164487
-0.060908
-0.181738
-0.023235
0.202162
-0.0389419
0.0510536
0.0568935
0.0120814
0.0335709
0.0141699
-0.0191676
-0.0511582
0.0464751
0.196867
0.0721558
0.0870813
-0.00154657
-0.0970955
0.108137
-0.0019866
0.0136436
-0.0673804
0.00556416
-0.164365
-0.100065
-0.0116579
-0.0338585
0.168002
-0.012261
-0.0890123
0.197572
0.0295934
0.0442351
0.0887476
0.076325
-0.0782815
-0.0804295
0.0868036
-0.159317
0.087059
-0.10343
-0.0183912
0.0725778
-0.0634896
-0.00558251
0.0868024
0.0459013
-0.00217051
0.00647621
0.00498146
0.0201039
-0.0213236
-0.0724328
0.0154317
0.0161734
0.01647
0.0694897
-0.0392211
0.0725756
0.0628197
-0.00827183
-0.0880203
-0.120724
0.0360387
-0.0485933
0.0761268
-0.00564999
-0.025371
-0.000357318
0.0225031
-0.0997446
0.0588819
0.0518578
-0.12706
-0.0412544
0.128927
0.095886
0.0692354
-0.0176498
-0.00500057
-0.0348721
0.0494138
0.0635203
-0.00554736
0.0493515
0.0690873
0.00135022
0.0783453
0.0586877
0.0244289
-0.10382
0.0681461
0.00906848
-0.00126714
0.0177578
0.0265293
0.0516898
-0.0479541
-0.0387828
-0.0554867
0.0039654
0.0332279
-0.000552895
-0.00187031
0.123516
0.0311505
-0.00796286
-0.0119642
-0.0371706
-0.0229468
-0.0121963
0.0695211
0.0401454
-0.100926
0.0201346
-0.00306275
-0.0684955
-0.0329912
-0.0292284
-0.118288
-0.0400299
0.0965304
-0.0585337
-0.0452513
0.047863
0.0593072
0.00645491
0.0673061
0.0341259
0.0119069
-0.00547248
0.0584023
0.0571641
0.0513455
-0.020132
-0.0698399
-0.00864339
-0.0240505
0.0101344
0.0888933
-0.00687159
-0.0323229
0.143829
0.012795
-0.050849
-0.106884
-0.0418229
0.00319605
-0.0573936
0.112004
0.0143395
0.0391123
-0.0766083
-0.0180353
0.00935985
0.0432539
-0.030123
0.0147517
0.139019
-0.0723618
-0.0659665
0.0189927
0.00333284
-0.0624668
0.126775
0.0455645
0.0110541
0.0447879
0.036506
-0.0363012
0.0572699
-0.0461359
0.0444437
0.0616265
0.0188416
-0.0214583
0.0387284
-0.0499504
-0.0865512
0.0374784
0.0321535
0.0517444
-0.233676
-0.184006
-0.0902223
0.000327004
-0.0946053
0.130999
0.0291988
0.114987
0.0281249
-0.0191529
-0.116392
-0.263857
0.218421
-0.00427273
0.0953906
0.0498002
0.0585237
0.0974337
0.0337352
-0.0751152
0.00103301
-0.0404147
0.090491
-0.0255696
0.0118825
0.0797693
-0.0022151
0.0511518
0.0318843
-0.00704543
0.00486375
0.0715287
0.0828905
-0.0283387
-0.0747968
-0.0136386
0.0714459
-0.0108588
-0.0777276
0.0502813
0.0114915
-0.0786935
0.0474671
-0.0460027
0.100496
0.0818913
0.100279
-0.0809334
-0.00126717
-0.038979
0.0634848
-0.0155017
0.0200394
-0.0140157
0.03014
0.0932975
-0.00622095
-0.0455775
0.0148075
-0.0773036
0.00776492
0.0545344
-0.00666235
0.0292963
0.0830348
-0.0188145
-0.0470937
-0.167402
-0.0269731
-1.53725e-05
0.0954827
-0.071929
0.0598014
0.136813
0.123269
-0.0430191
-0.0797683
-0.00148878
-0.0804218
-0.0435149
0.0320164
-0.044312
-0.048461
0.0667389
0.0555726
-0.026291
0.0744654
0.0499668
-0.0568669
0.0823848
0.0336497
-0.122517
-0.0238562
0.124047
0.0283576
-0.0283128
-0.0577681
-0.139256
0.110804
-0.0831734
0.0592752
-0.191531
-0.0685557
-0.319747
-0.0577554
-0.01462
0.245098
-0.17373
0.0791824
-0.121379
-0.0566327
0.191621
0.133895
-0.19372
-0.378402
0.294816
-0.122145
-0.0557913
-0.418501
0.344422
0.0237834
0.0121992
0.1789
0.00146859
0.0374005
-0.191301
0.0490256
0.129261
0.145904
0.0188929
0.0971008
-0.167895
0.067769
-0.195263
-0.0926552
0.2361
0.0405344
0.0910813
-0.117837
-0.170881
0.161273
0.277402
-0.048165
0.042978
0.0142696
-0.107303
0.0563216
0.082651
-0.0303091
0.060834
-0.0089954
0.0534077
0.0194143
0.0728868
-0.0835983
0.11324
0.0266145
0.137033
0.00917114
-0.128942
-0.0455397
0.0953666
-0.102732
-0.124075
-0.105643
0.0842812
-0.0492461
0.144462
0.128469
0.0668795
-0.0704079
0.0935394
-0.203634
-0.0845951
-0.106482
0.0208714
-0.139706
-0.00505993
-0.121372
0.0522355
0.0385032
0.109064
-0.113419
-0.108137
-0.274542
0.171215
-0.253141
0.138132
0.172021
-0.131213
-0.0646371
0.266074
0.0677503
0.130408
-0.0715814
-0.112363
0.278869
-0.0125892
0.1063
0.015899
-0.0435194
0.0350319
-0.302716
0.0513434
-0.188001
0.0023413
0.00835732
0.0966271
0.138535
0.070067
0.0285271
-0.0322782
-0.0308958
-0.0625003
0.0973324
-0.204124
-0.0202615
0.0328077
-0.132695
-0.0800459
-0.0332402
0.0219847
-0.31063
-0.138199
-0.0683312
-0.00120297
-0.563689
0.286069
-0.230435
0.464091
-0.0116648
-0.137438
0.165139
-0.0817745
0.0724927
0.250917
-0.00492726
-0.265993
0.0125006
-0.260802
0.104084
-0.132828
0.348264
-0.0507379
-0.00129259
-0.157183
0.271036
0.0340957
-0.123706
0.0653658
-0.0740061
0.186799
0.145383
-0.0178232
-0.184141
-0.137353
-0.112213
-0.087828
0.147526
-0.149867
-0.115958
-0.125044
0.108328
0.150036
-0.146487
-0.107224
-0.393456
0.347307
-0.107862
-0.0912797
0.346645
-0.05054
0.100336
-0.0431013
0.0162001
0.260463
0.107678
-0.0417032
0.0942531
0.113111
-0.0408998
-0.0105895
-0.0314337
-0.117416
-0.108894
0.128213
0.233205
-0.109558
0.126612
-0.0059127
-0.0301795
0.0806716
-0.0542595
0.067007
-0.00165822
-0.00164207
-0.00338352
-8.21386e-05
0.208546
-0.000450495
0.0732598
0.015736
-0.106001
0.0256895
-0.0141564
0.00666246
0.0574762
0.0835139
0.113938
-0.294226
0.0104442
-0.026689
-0.153693
-0.0473415
0.0182386
-0.00240572
-0.0241387
-0.0760962
0.0830319
-0.145598
0.0421212
-0.148715
-0.0496929
-0.0858451
-0.180064
0.116696
0.0211674
-0.0141757
0.115576
-0.180867
-0.0845868
-0.154631
0.082318
-0.0574946
0.0555357
-0.264474
0.0212162
0.172022
-0.262886
-0.0983114
0.092178
-0.117217
0.182991
-0.131835
0.162427
-0.224655
-0.272149
0.0734147
-0.245346
-0.0412496
0.259958
0.169005
0.0518891
-0.0746441
0.158575
-0.162099
-0.0181058
-0.0749359
0.012472
0.188964
-0.0162473
-0.106312
-0.0645442
0.249208
0.0578763
-0.0157612
0.0212827
0.0954051
-0.0132175
-0.156298
0.0892015
-0.0779389
-0.00839985
-0.241095
0.0961649
-0.00294174
0.248952
-0.0636105
0.104558
0.131187
0.0631089
-0.0601278
0.0318617
-0.217663
-0.253417
-0.22897
0.384815
-0.0564728
-0.0916177
-0.0895876
0.183273
-0.400302
-0.349193
-0.227884
-0.0661131
0.846991
-0.142348
-0.193096
-0.079264
0.197138
-0.211082
-0.544585
0.172164
0.11588
-0.181593
0.223163
-0.817766
0.034869
-0.531852
-0.121861
-0.926557
0.793777
0.317466
-0.742913
-0.549693
0.508969
0.526526
-0.124385
-0.456732
0.115493
-0.513135
-0.0795511
0.189722
0.774443
0.115091
0.1977
0.149516
0.432138
-0.237235
-0.58705
0.21431
0.0888603
-0.363552
-0.153455
-0.0306781
0.151773
-0.241036
0.183179
-0.494048
-0.331703
-0.245651
0.938434
0.0439442
-0.0445943
0.175233
0.145432
-0.532885
0.140128
0.113593
-0.0152396
-0.278212
0.600677
0.187074
-0.0319596
0.0489039
-0.24996
-0.00652028
0.0734167
0.0350042
0.0149512
-0.101491
-0.0884954
0.0160374
-0.0929831
0.240782
0.168346
0.0940093
0
0.283746
0.039053
0.128612
-0.287367
-0.00474876
-0.126941
-0.0503678
-0.0612783
-0.50947
-0.143418
0.062771
-0.0934895
-0.0416349
-0.0773379
-0.0188607
0.000592249
0.379009
-0.0347478
0.237454
-0.247711
-0.097054
-0.174689
0.210339
0.152844
0.00078037
0.147735
0.0366069
-0.221893
0.0501461
-0.0759086
-0.0301484
-0.13176
-0.246362
-0.0679026
0.0287594
-0.327089
-0.0990474
-0.0894469
0.0849013
0.171706
-0.220905
-0.548051
-0.318719
0.373837
-0.323368
0.00246438
0.0329982
0.476361
-0.0578214
0.0492853
0.111497
0.289636
-0.0178472
-0.136022
0.0313307
0.0676784
0.282124
-0.10516
-0.0287005
0.0637665
-0.0673567
-0.35489
0.424642
0.0747807
0.419239
-0.233743
-0.0900643
-0.159063
-0.0127291
0.147147
0
0
0.0132452
-0.0517508
0.210894
0.0977692
-0.252226
-0.0085231
0.107757
-0.0308863
0.337092
0.0264809
-0.170902
0.224943
0.12835
-0.00115472
0
0.218466
0.136375
0.00498001
0.143128
-0.0597692
-0.0224804
-0.215084
0.0717974
-0.0332236
0.223648
0.0801913
-0.0309251
-0.278987
0.045507
0
0.1058
0.0102175
-0.0651769
0.0690482
0.197785
-0.0649436
-0.211284
0.00802704
0.116981
-0.075398
-0.000976162
0.0722954
0.0564583
-0.0447449
-0.264478
0.00591594
-0.116441
0.00560792
0.150859
-0.260808
-0.00952261
0.117416
-0.0642483
-0.0272206
0.124242
-0.104926
0.213048
-0.24827
0.00474585
-0.0981364
-0.018874
-0.112331
0.0444157
-0.0760096
0.179996
0.0842441
0.253458
0.0353227
0.0615046
0.124249
0.0841481
0.0279892
0.145957
0.0367979
0.0207798
-0.125707
0.0411839
0.183203
-0.0503249
0.159516
-0.0237122
-0.0520257
0.0929576
0.0870938
-0.0198017
-0.108288
0.0967615
0.0817131
-0.0876299
-0.147369
0.0873887
0.00829827
0.141667
0.196333
0.0930333
0.0419239
-0.0534701
-0.0435045
0.0808943
0
-0.183382
-0.00446185
-0.0432689
0.113906
0.166547
0.0286625
0.114475
-0.0332667
0.0475841
0.0147154
0.0462779
0.161321
0.0774104
0.0172974
-0.0747633
0.0160359
-0.00628284
-0.11763
0.00576688
0.162964
-0.0115831
-0.0501671
-0.169111
-0.117791
0.0711676
0.223679
-0.0567589
0.0891316
0.0140164
0.0931357
-0.108103
0.195871
-0.0632693
-0.0628244
0.174378
-0.0724758
0.0275206
-0.0964919
0.0673883
-0.0974294
0.0177625
-0.234512
0.112155
-0.183009
0.118141
-0.132701
0.13934
0.0346899
0.0332673
0.178191
-0.00884793
0.0689704
0.0184953
0.0376057
0.16161
-0.0684901
-0.00711074
-0.140306
-0.0309722
0.196275
-0.0590668
0.0764357
-0.323318
0.0988527
-0.105497
0.231357
0.0286102
-0.0270479
0.0176017
-0.0220069
-0.166193
-0.0369042
0.077487
0.0327434
0.101675
-0.0557868
0.0650387
-0.194827
-0.0399447
0.185272
0.0652758
0.0817121
0.0557414
0
0
0.0649448
-0.0733705
0.0277872
0
0.160286
0.0402075
0.0136439
-0.00600538
0.0135974
0.00691816
-0.0713255
-0.0459891
0.0450615
-0.0782032
0.0712713
0.0340676
-0.168909
-0.159358
-0.0603682
-0.0808085
0.0313937
-0.113167
-0.138434
0.082793
0.112861
0.0681817
-0.057249
-0.219091
-0.153705
0.061872
0.0382393
0.0393408
0.0572986
-0.0369374
0.0485359
0.147128
0.0619352
0.0914008
0.0619289
-0.011391
-0.0693346
0.0522238
-0.121834
0.143521
0.0955728
0.143474
0.0892241
-0.01094
0.130496
0.0124214
-0.00788651
0.068079
-0.0414112
0.014925
-0.0566872
0.0474039
0.0429648
-0.00356154
0.0132829
-0.00988078
0.0514042
0.00748799
0.087274
-0.0430947
0.0133874
-0.067364
0.0128965
0.114229
0
0
0.0615347
-0.0316918
-0.0860328
0.101501
0.0115512
-0.027714
0.0598553
0.0494956
-0.140118
-0.0279815
0.0969117
-0.104736
-0.102031
0.102416
0.0526248
-0.264742
-0.0302231
0.0557459
-0.115567
0
-0.259363
-0.128672
-0.152678
-0.265751
0.503225
-0.0992581
0.0918864
0.0929639
-0.319531
-0.000589052
0.0847697
-0.285264
-0.166064
-0.0201262
0.0131852
-0.257609
0.195221
0.307043
-0.012982
0
-0.0485524
-0.0232292
0.115533
-0.164807
-0.111702
-0.0810327
0.11412
0.0912873
0.0605663
0.0741865
0.0301153
0.0384478
0.0304428
-0.00580691
0.0915082
-0.0988621
-0.131334
-0.152337
-0.105966
0.0498313
-0.315391
0.00539106
-0.22859
0.067069
-0.0301399
0.289073
0.0998423
0.179111
0.0537
0.0661753
0.199278
-0.0332556
-0.080709
-0.101137
-0.0205101
-0.0171466
0.14522
0.18839
-0.0022397
0.0722076
0.0271537
-0.086081
-0.0107771
-0.105809
0.261091
-0.00116736
-0.0191419
-0.0379095
-0.0624221
0.145457
-0.0632434
-0.247056
0.0396718
0.0177963
0.001251
0.140122
-0.0895118
-0.174208
-0.030769
0.0758576
-0.151849
-0.0906941
0.0904807
0.0882853
0
0.0453832
0.266623
0.00862402
0.105768
0.0203178
-0.057841
0.040452
0.117945
0.0136052
0.11546
0.00337736
-0.0213073
-0.0277946
-0.0573649
0.169368
-0.0471432
-0.0436373
-0.0087035
0.0922347
-0.0448626
0.00900298
-0.0164518
-0.0371474
0.0794869
-0.0662491
0.14259
0.0806391
-0.0339577
-0.00798605
0.0261077
-0.0190754
0.150341
-0.0351038
-0.0417127
0.0684091
-0.0674974
0.0438038
0.050371
-0.0286802
0.0184629
-0.0779809
-0.107952
0.0562881
-0.00480928
0.0342311
0.109693
-0.0147049
0.196049
0.0214003
-0.0433081
0.0430358
-0.0996405
-0.00294012
-0.0316222
0.0405259
-0.24085
0.0187438
0.132884
-0.0623918
-0.0911195
-0.176792
0.134933
0.0736704
-0.0531862
-0.209907
-0.0409416
0.204523
0.219219
-0.038635
0.04335
0.0659315
-0.0239938
0.0231502
0.00858797
0.0818939
0.0518383
-0.0153397
-0.00180222
-0.015945
0.0337659
0.101644
0.0531031
0.0210024
0.0214078
0
0
-0.0209241
-0.0423653
-0.119739
0
0.191263
0.0497441
-0.0403702
-0.0586147
-0.046949
0.0964559
0.060822
-0.044457
-0.0362716
-0.0273112
0.117472
-0.132519
-0.183701
0.0481803
0.0804052
-0.0440752
0.0866504
-0.00692123
-0.141327
-0.0313854
0.160535
0.0706649
-0.027922
0.0234377
0.089058
0.0663794
-0.0642974
-0.0534779
0.0709931
-0.00463582
-0.038042
0.0795065
0.00346679
-0.00721424
-0.112733
-0.0300378
-0.122868
-0.00599484
0.136264
-0.0119881
-0.0976556
-0.0352217
0.151345
-0.0245092
-0.0277663
0.00164037
-0.0628945
-0.156183
-0.0284736
-0.0920903
-0.139421
-0.171873
0.17333
0.0385834
0.118149
-0.0404891
0.0573947
0.145574
0.0337645
0.00631922
0.04677
0.0271538
-0.0666947
0.169754
0.0117404
-0.0165003
0.0565564
-0.0560403
0.0802119
-0.00381528
-0.148065
0.0767776
-0.077901
0.0538639
-0.21226
0.0455344
0.210409
-0.00657777
0
0
0.0844834
-0.00197734
0.00286702
0
0
0.0213614
-0.163773
-0.107679
0.0954722
-0.057184
0.12741
-0.0715141
-0.0520765
-0.0321629
-0.00367946
-0.106393
0.106056
0.0547163
-0.0126003
-0.191106
0.0385145
0.0200025
0.0184663
0.0979376
0
0.0857086
-0.103
-0.137037
0.0121166
0.01391
0.00254097
-0.095533
0.0813533
-0.155809
0.0132764
0.0512587
-0.104941
-0.0764598
0.0282642
-0.0377795
0.142861
-0.00401791
-0.172288
0.0410479
0.0431172
0.0775339
0.15327
0.152117
0.0738139
0.0462719
0.0107793
-0.0351045
0.0856404
-0.106218
-0.103057
-0.102051
0.0636414
-0.101214
-0.00562845
-0.156689
0.0644213
0.109639
0.0783927
0.0593669
-0.0164583
0.00754113
-0.124129
0.0283552
-0.0992787
-0.0703391
-0.0975225
-0.236906
-0.348689
-0.274732
-0.345209
0.187559
-0.310207
0.30616
0.299941
0.0572602
0.0131675
-0.0487033
-0.459355
-0.10159
0.107617
0.0667405
0.147904
-0.144629
-0.00229997
0
0.26686
0.236094
0.0446123
-0.236448
-0.364556
0.105777
0.308842
0.0408858
-0.238248
-0.164404
0.0866282
0.101469
0.209235
0.057669
-0.204844
0.196085
-0.141383
-0.477922
0.0498595
0.0444262
0.394295
-0.145403
-0.0399253
-0.132414
-0.103843
-0.261613
0.314022
0.363905
0.0229172
0.178656
-0.00611411
0.0850755
-0.070852
0.115883
-0.0544069
-0.0485847
0.0739173
-0.121476
0.191244
0.10766
-0.0406734
0.0500056
0.285063
-0.0202872
-0.281031
-0.223705
0.114676
0.11159
-0.0333791
-0.0296069
0.102039
-0.19399
-0.0285369
0.183005
-0.0476122
-0.00289948
-0.0152724
-0.157118
-0.111627
-0.26517
-0.0302606
-0.12959
-0.0237841
0.0720547
0.282741
0.0455222
0.310694
-0.0292503
0.114024
0.0281828
0.00136486
-0.0392421
-0.114482
0.0825213
-0.185
0.114106
-0.227237
0.0632452
-0.0250459
-0.0415724
0.101275
-0.0552487
0.123965
0.101608
0
0
-0.00961879
0.107224
0.00989312
0
0.226461
-0.0553467
-0.0782633
0.0450952
-0.0664542
0.149336
-0.0455333
-0.0148237
-0.0456322
0.0368335
0.0643271
0.0147767
0.0677766
-0.0219709
0.0938405
-0.0531626
-0.0503709
0.125368
-0.107125
-0.109361
0.018533
0.19022
0.00923465
0.179536
-0.0150425
-0.00329303
-0.0243579
0.0331991
-0.0733413
0.0906786
-0.00987669
-0.0130766
-0.0115134
0.0333999
0.0678128
-0.0287196
-0.0196712
0.0360034
-0.0046492
-0.0330445
0.0208723
-0.0955986
0.101231
-0.0339797
-0.0616159
-0.187315
0.0443187
0.117277
0.0472623
0.00893021
0.106612
-0.0176115
-0.00792519
0.0417595
-0.00749579
-0.117613
0.000916547
-0.0788922
0.0157941
0.0813266
-0.056319
-0.103713
-0.115939
0.0459061
0.182839
-0.0624083
-0.233192
0.0348285
0
0
-0.226386
0.0697937
0.133486
-0.103273
0.0256051
0.176105
-0.0376296
-0.00128809
0.0479305
-0.186371
0.077222
0.0164503
0.0520249
0.0492634
-0.0683118
0.128919
-0.0935502
0.0146469
-0.195233
0
-0.179333
-0.0442055
0.0251039
0.0567834
-0.199263
-0.051178
-0.0597076
-0.124485
-0.133436
0.069731
0.184544
-0.256573
0.15757
0.00276595
0.00898405
0.0647596
-0.175634
0.0444146
-0.114678
0
0
0.232849
0.11758
-0.0233578
-0.00498737
0.0758661
0.01838
-0.0306095
0.0214876
0.0223885
0.171922
0.0642009
-0.0999771
-0.0950725
-0.114992
-0.00677213
0.140301
-0.0560228
0.14116
0.12396
0.0831369
-0.00573328
0.0143446
-0.0528391
-0.0625336
0.0650763
0.000723835
-0.0997637
0.102676
-0.00653216
-0.0590533
0.100188
0.0498599
-0.109838
-0.210814
-0.0627931
-0.00165491
0.135196
0.0965154
0.117342
-0.103012
0.136659
-0.088826
0.218322
0.0370644
0.0557426
0.00800879
0.00955766
-0.00752226
-0.026081
0.0562555
-0.0542667
0.00251981
0.0306496
-0.0480441
0.0567547
-0.143266
0.00415556
0
0
-0.00154082
-0.0558719
-0.0420136
-0.0139446
0.0818321
-0.151178
-0.0249782
0.208976
0.0301759
-0.00276148
-0.00174358
-0.0174698
0.0652304
0.16298
-0.0373103
-0.0431232
0.0345677
-0.0576339
-0.00345085
-0.0235728
0.0356797
-0.157591
0.0196233
-0.0648356
0.135578
-0.0189168
0.0281214
0.00338093
0.0739224
-0.0499969
-0.054051
-0.0578928
0.091398
-0.0626859
0.0211916
0.111219
0.0685317
0.0103822
-0.0353842
-0.0224806
-0.14554
0.0118421
0.000465123
0.00285917
-0.0200141
0.0941183
-0.115539
0.136065
0.0113039
-0.0503776
0.0781992
-0.15976
-0.0269371
-0.0110344
-0.00417788
0.0328558
-0.111643
-0.0776511
-0.127907
0.232871
0.018179
0.00683471
0.0675733
0.0484232
-0.0558685
0.0224228
0.00615359
0.114825
-0.0059299
0.00753106
-0.00374778
0.03918
0.0158392
0.0219706
0.0122169
0.00563875
0.0351787
-0.0273505
-0.0132474
-0.0162415
0.040091
0.0431856
-0.00545305
-0.0308447
0.0238604
0
0
0.000201537
-0.0487052
-0.0466204
0
0.217297
0.0330774
0.070033
-0.0415652
-0.018072
0.0740934
0.00468846
0.0328395
-0.0224377
0.0154599
-0.0218144
0.0463865
0.0358923
0.0430794
-0.00292877
0.0298462
0.107956
0.0311411
0.0158361
0.0708906
-0.0253982
-0.0733813
0.11147
-0.159443
0.0573364
0.020003
-0.10687
0.0568509
0.0209393
0.097215
0.0326522
-0.0500534
0.00142229
-0.0159254
0.0958954
0.0255197
-0.163684
0.0699443
0.0309982
-0.134536
0.0880263
0.0550657
0.0279291
-0.0518225
0.135114
-0.00670317
0.0179066
0.0687473
0.0308766
0.0107421
-0.0448272
0.0736462
-0.0610799
-0.0490132
-0.025738
-0.0133913
-0.0688703
0.00658774
-0.0225195
0.032854
-0.018472
0.0377834
0
0
0.122335
-0.109025
-0.119333
-0.149821
0.0433634
0.0576166
0.116783
0.0449409
-0.0496074
-0.0640952
-0.0617008
-0.0962172
-0.000864839
0.0685064
-0.00950092
0.197851
0.0399443
0.0168242
-0.0251302
0.0490515
-0.0432957
0.0328691
0.0145911
0.0935906
0
0.0548066
0.0398455
0.0140556
0.0487831
0.0102288
0.0815453
0.0111961
-0.00859405
0.0525844
0.0483282
0.0711534
0.0533564
-0.211989
-0.0635903
0
0.160509
-0.201423
0.0448957
-0.111632
-0.088449
0.0511477
-0.214635
-0.130456
0.119047
-0.0180137
-0.0947691
-0.0642906
0.00821956
0.00575602
0.0351776
0.0688252
-0.0399119
-0.302717
-0.0706115
-0.143383
0.120041
0.103642
0.125589
-0.0448356
0.147424
-0.00608957
-0.118194
0.303227
-0.0721255
0.116253
0.0972148
-0.012475
0.0589347
0.00233796
0.0627065
-0.0452884
0.023735
0.0945466
-0.0055635
-0.0113175
-0.0389241
0.0347863
-0.049181
-0.0504614
0.00832632
0.0162971
0.0759706
0.0915887
-0.0511785
-0.0426458
-0.023246
-0.14182
0.0283263
0.0819187
-0.0137562
0.0570291
-0.0371382
-0.159275
0.0256483
-0.0528472
-0.018995
-0.0975071
0.0872903
0.0699131
0
-0.079069
-0.0169528
0.0820721
-0.108748
0.144378
-0.058237
0.00978124
0.0887208
0.022768
-0.0253707
0.0812068
0.00674136
0.000834762
-0.0078647
0.0591521
-0.0798759
-0.01729
0.100985
-0.0438064
-0.0593899
0.0214642
-0.0303742
0.0214376
-0.080944
-0.0777506
-0.00342046
-0.034906
0.0179102
0.00750218
-0.0257541
-0.111615
-0.0439556
0.145017
0.0877872
0.0314894
0.0635075
0.0342665
0.00695176
0.0703403
0.0476321
0.0621132
-0.0316826
0.0578146
0.0121478
0.00666312
0.0724566
0.00438298
-0.0685021
0.00491602
0.0427904
-0.02484
-0.00763612
-0.0661812
0.0167094
0.0296946
-0.00234854
-0.144933
0.0543468
0.0408846
0.0447496
-0.0379244
-0.0253082
0.000374184
-0.0105274
0.0303989
-0.0876169
0.0199463
0.00751657
-0.00586244
-0.0834074
-0.0958282
-0.0344415
-0.0178963
0.082236
0.0114251
-0.0552942
-0.0239275
-0.0964574
-0.00821096
0.126894
-0.0553644
0.00907671
0.141658
0.0331735
0.108438
0.0232712
0
0
0.0843439
-0.0290755
0.0264385
0
-0.0463059
0.018976
8.91438e-05
0.0366598
-0.0499659
-0.0453885
0.0723687
0.0255018
0.0143596
0.0780178
-0.00651252
0.0203449
0.0108737
-0.00361349
-0.01161
-0.0780173
-0.163046
-0.171151
0.033026
-0.0427703
-0.00891251
-0.0429309
-0.0690195
-0.0253815
0.0133569
0.154257
0.0204113
0.0301902
0.122301
0.00355118
-0.023413
0.00630487
0.108034
0.089312
0.000411973
0.0239241
0.0367298
0.0405724
-0.0516343
-0.0460027
0.0163416
-0.000837006
-0.14995
0.170591
-0.0711075
0.0192717
-0.112317
-0.0346513
-0.00587665
-0.0971268
-0.101893
-0.0395822
0.0617889
0.0560667
-0.048792
-0.0467994
0.0224892
-0.0562492
0.128761
0.000620733
-0.0257397
0.0412909
-0.0260482
0.0818661
0.00966071
-0.0148781
0.069556
-0.109188
-0.0486623
0.0679255
0.00958006
-0.121589
0.0335629
-0.064227
0.0648497
0.0621982
0
0
0.0849332
-0.0105117
0.0422494
-0.0258577
0.0216199
0.103564
0.0149373
0.0424465
0.0198807
0
-0.0350342
-0.00311879
0.0627913
-0.0361511
0.0544113
0.0310824
0.00786819
-0.0548131
0.0217863
-0.0164375
-0.0623603
0.0279527
-0.00070373
-0.00705469
0
0.0427358
0.00917045
0.0292512
-0.0390499
0.0285806
-0.0405828
-0.0258808
-0.00754101
0.06542
0.0244517
-0.00210931
-0.050582
0.00619793
-0.0958236
-0.0343027
0.0179419
0.0174082
0.0434986
0.025071
-0.0361668
-0.0198563
-0.0790644
0.00222738
0.0335733
-0.0204863
0.0870761
0.0197514
0.0713956
0.00122349
-0.0621498
-0.125441
-0.0303348
-0.0682133
0.0266417
0.083312
-0.0530448
0.109996
-0.0685502
0.0165038
-0.031177
0.0989376
0.00413433
0.0342301
-0.0439433
-0.00512533
0.0289501
-0.0505259
-0.0641759
-0.0759626
-0.00248564
0.00742515
-0.0695569
-0.058624
-0.0455916
0.0991813
-0.00060308
0.0365112
0.0428424
0.00571243
0.0776902
0.0562996
-0.035213
0.0327788
-0.00355643
0
0.0698782
0.0115722
-0.0364611
0.0204762
0.00814947
0.00565382
0.0648193
0.00638474
-0.0333065
-0.0297008
-0.00844569
0.00162529
-0.0447405
0.0107889
-0.0040408
-0.0176075
-0.0167095
0.0564552
0.0272823
-0.0944646
-0.145061
0.0451192
-0.0997462
0.0145683
-0.00419675
-0.0359928
-0.0989368
-0.170922
0.125665
0.0546002
-0.104249
-0.0205582
-0.0780392
-0.143882
0.0413499
0.0414456
-0.287286
-0.0253555
0.182922
-0.0687269
0.166562
0.0429062
0.0302991
-0.0475021
-0.0396325
0.0606474
0.0804296
0.0149875
0.127473
-0.0897628
-0.0525425
0.131102
0.0183495
0.0245305
0.0667909
0.0243983
-0.0247159
0.0368551
0.0284729
0.0264139
0.0555412
-0.0186935
-0.0264663
0.107018
-0.0311115
0.0020058
-0.00292712
-0.00854854
-0.00118994
-0.0990367
0.127972
-0.0378491
-0.0556287
0.0945753
-0.105391
-0.216164
-0.0451745
-0.0591589
-0.252428
-0.188913
0.23831
0.00734115
0.202343
0.12185
0.0479653
0.0325467
0.0177921
0
0
0.0356101
-0.131271
0.029116
0
-0.0278941
-0.201535
-0.0792421
0.083402
0.231161
-0.105302
0.000430684
0.0625289
-0.237803
0.171212
0.078918
0.0536855
0.0523566
0.161734
0.10143
0.0531204
0.0286002
-0.0597045
0.0210155
-0.0224984
-0.0902661
0.0489953
0.130729
-0.0171572
0.00861143
-0.0182078
-0.0237974
-0.0117516
-0.0160471
0.0145681
0.0662843
-0.0239903
0.0597304
-7.24837e-05
-0.0133169
0.0381047
-0.00439708
0.0540624
-0.0205257
0.0206696
-0.00441841
-0.00866979
-0.0744918
0.0436113
0.0603732
-0.0711316
-0.0512466
-0.255741
0.0278151
0.0586833
-0.0303519
0.0937646
0.0491582
0.156125
0.0246198
0.0860795
0.0215645
-0.0255952
-0.0409832
-0.137749
-0.0586314
0.0529738
-0.173286
0.0536867
0.0351244
0
0
0.186026
-0.0350525
0.111735
0.105509
-0.0359897
0.0155026
0.0303697
-0.0513237
-0.0936608
0.0818699
0.0153028
-0.0492366
0.0361173
0.0241144
0.0469571
-0.103931
-0.120558
0.0206372
0.03631
0
-0.0839044
0.00888804
-0.0677103
0.229481
-0.0241108
-0.137574
0.0228042
0.0336286
-0.0180141
0.0120321
0.0375682
0.0173685
0.00885831
0.0259876
0
-0.11835
0.12064
0.0107857
-0.0805546
-0.0442675
-0.0364649
0.031977
-0.132112
-0.0799779
-0.0214202
-0.0535152
0.112589
0.0240842
-0.0907012
-0.110261
-0.000625903
-0.0441353
0.0408264
0.00383058
0.170245
0.0134695
0.0145179
-0.0541729
-0.0798145
-0.199226
-0.151432
0.133456
0.0330537
-0.0676291
-0.0763638
-0.159582
0.090522
0.139121
0.13844
0.0962925
0.0234218
0
0.0630251
-0.0314924
0.0200682
-0.0289429
-0.151427
-0.0185103
-0.113641
-0.114148
0.0767974
0.114848
0.0569481
0.0410172
-0.0114457
-0.00306538
0.0979844
-0.00788177
-0.0424787
0.0263551
-0.10698
-0.14106
-0.00435328
-0.0268159
-0.000671702
-0.0367222
-0.190017
-0.0556873
-0.287128
-0.477946
0.304643
-0.169383
0.349762
0.0898883
0
-0.30783
0.0408011
0.180483
-0.247099
0.0521563
0.117148
0.133997
-0.118211
-0.0620033
-0.0543667
0.0867444
0.148157
-0.0680082
-0.134864
0.00753307
-0.287071
0.161099
-0.11798
0.244443
-0.248855
-0.0836196
0.254582
0.0179
0.0942605
0.271867
0.0431523
0.0160948
0.0605296
0.0646395
-0.0703511
-0.0454637
-0.115242
0.109548
0.0619187
-0.0403917
-0.0113409
0.00518374
0.0437889
0.10577
-0.0420804
-0.0809718
0.113302
-0.0654534
-0.0544178
0.0011161
0.0342241
0.045747
-0.0750995
-0.0174074
-0.092767
-0.0316298
0.0348698
-0.190004
-0.0982365
0.0458228
0.197153
0.0162739
0.0808322
0.00742229
-0.0461072
-0.0449188
0.0957766
0.0871752
-0.0281636
-0.0299421
0.0620466
0.039449
-0.229895
-0.0586738
-0.0237044
-0.142897
-0.0139293
-0.0632517
-0.224695
-0.133123
0.24174
0.0718607
0.0679893
-0.0824689
-0.0290885
0.0796509
0.256228
0.0218637
0
0
0.0953607
-0.0643758
-0.0507017
0
-0.241408
0.0716399
-0.104598
-0.198386
-0.0701809
-0.0689227
0.097297
0.0533718
-0.071958
-0.194729
-0.0417472
0.166226
-0.351921
0.175084
0.216253
-0.0390762
0.0584641
0.132603
-0.0982884
0.253035
-0.0390156
-0.230504
-0.14435
0.105012
-0.0863218
-0.275122
-0.100994
0.0709633
-0.241473
0.303512
0.202368
0.0648446
0.282802
-0.0972657
-0.0364363
0.145982
-0.125701
-0.160839
0.245181
0.137423
0.00177149
0.0910866
-0.00946346
-0.0270413
0.111876
-0.0275081
-0.0925596
0.0340294
-0.17996
0.16933
0.056487
-0.0561939
0.0576838
0.0414169
-0.0185299
-0.00817829
0.0131854
0.010281
-0.150552
0
0
-0.000949856
0.158049
-0.0456776
-0.0468309
0.0303312
-0.119927
0.114913
-0.0402325
0.109422
-0.00691683
0.0679448
0.191196
0.00347266
-0.0335987
0.0153891
0.0812459
0.00766253
-0.0450605
-0.111884
-0.0787827
0.0376233
0.056155
0.00393915
-0.128159
0
-0.0906063
-0.119651
0.00855325
0.0138039
-0.0177934
0.068191
0.00948118
-0.095055
0.0560499
0.0209929
0.0265765
-0.00319453
-0.184061
0.168674
-0.0323606
0.134078
0.0698442
0.00446981
0.0082001
0
-0.0639921
-0.062563
-0.010212
0.0387569
0.102172
0.0177259
0.0269982
-0.111112
-0.188106
-0.116425
-0.20294
0.0727822
-0.0273888
0.117964
0.299259
0.0362816
0.0554786
0.122088
-0.319677
-0.25823
0.260999
0.351496
0.224303
0.112368
-0.0848396
0.0353699
-0.12573
0.108023
0.0866329
0.138956
-0.00324764
-0.0154145
-0.0239102
0.022171
0.039178
0.00291201
0.0471015
-0.0433395
0.0455536
-0.0302814
0.0206935
0.0391853
-0.0436033
0.00501283
-0.0454303
-0.0727925
-0.0165665
0.158154
0.0787819
0.023025
0.0617406
0.0220445
0.0700816
0.00189433
0.0363277
-0.0683337
-0.0505634
0.0142918
-0.0145834
-0.0444348
0.0583631
-0.0477662
-0.0276576
0.0309778
0
-0.025273
-0.0577551
-0.052545
0.217932
-0.0220415
-0.0778817
0.0300308
0.0176866
-0.119908
-0.112853
-0.0527737
0.0115152
0.0850373
-0.0297904
0.152726
0.0252706
0.00582486
0.111494
-0.00285077
-0.133151
-0.0152212
0.0610822
0.101738
-0.0290765
0.121288
0.129211
-0.0582525
-0.0474447
0.0632712
0.0751105
-0.0375767
-0.0665066
-0.066092
0.0511891
-0.0945491
0.0752964
0.0311796
0.00708956
-0.00915474
-0.0486477
0.0446158
-0.0852197
0.0408472
0.0138599
-0.0602705
-0.0534628
-0.104226
-0.0805377
-0.14425
0.168358
0.0530843
0.0999065
-0.12207
-0.143898
0.0337447
0.0584089
-0.0635337
0.0664335
-0.0279135
0.00323158
0.0614224
-0.00294777
0.016839
0.0168984
-0.0605271
-0.040482
0.0173948
-0.0455946
-0.0329436
0.0239064
0.0488074
0.17891
0.0423891
0.0326378
-0.0921519
0.11278
-0.0278493
0.071436
0.0180291
0.00786953
0.0381193
-0.00360658
0.0315631
0.00635444
0
0
0.0534915
0.0199349
0.0316481
0
0.0489641
0.0164954
0.00774415
0.0204646
0.0383726
0.0519527
0.0206234
0.00257837
0.0621184
-0.0145654
-0.146763
0.0376418
-0.054192
-0.0138823
-0.0658696
-0.0011747
0.019686
-0.00410445
0.0320648
-0.0923032
-0.0271916
0.0119661
0.0464614
0.0663689
-0.0224923
0.0195983
0.00361738
0.0564284
0.0403776
0.0277486
-0.014243
0.0464623
-0.0335932
0.0302376
-0.000136988
-0.0343472
0.0376207
-0.042378
-0.0381259
0.0128305
0.0143837
0.16313
-0.000744992
-0.0109646
-0.0327892
-0.0151541
-0.00596991
-0.0268267
0.0383681
0.0326305
-0.0125366
0.0146539
0.0639993
0.0121421
0.00652989
-0.0695161
-0.0729375
0.0218064
-0.00530062
-0.0592197
0.0682113
0.0411765
-0.00569753
-0.0634342
-0.0550886
0.0535863
0.0134575
-0.0389208
0.0630199
-0.000585101
0.0225085
-0.0224405
-0.0291621
0
0
-0.24884
-0.0464737
0.00587372
-0.00560665
0.208823
0.0150753
0.0179617
-0.070977
-0.0460215
0
0.0638027
-0.0214297
0.0187397
0.0678287
0.00469918
0.0564774
0.0584353
0.00188196
0.0657942
0.025494
0.0903561
-0.0247047
-0.0897603
0.0460049
0.0342486
-0.0147514
0.0394796
0.00373854
0.0397204
0
-0.0280215
-0.00871966
0.0316257
0.0051155
-0.029018
-0.00107636
-0.0617588
-0.0383694
0.10329
-0.0205596
-0.0152275
-0.0347784
-0.0739105
0.0593703
0.0804283
-0.0681494
-0.0334037
-0.0114193
-0.0203991
0.030489
-0.0167191
-0.0628251
-0.0508614
-0.0512855
0.0876395
-0.0269575
0.0140851
-0.0412381
0.0185727
0.025963
-0.05479
0.118225
-0.00470656
-0.0473911
0.034825
-0.0188045
0.0549082
0.0763605
-0.0467982
-0.101386
0.0770837
0.0235102
-0.0125006
-0.100788
0.00492525
0.0698316
-0.0164879
0.0850995
0.0492979
0.0268951
0.0143154
-0.0593987
-0.145247
-0.108818
0.0599162
0.0406576
0.066384
-0.0609412
-0.0868557
-0.00696585
0.0855207
0.0012327
0.0330095
-0.00756321
0
-0.0868863
0.0378571
0.0883495
0.0105991
-0.0364042
-0.0521497
-0.0255177
0.0580975
-0.0262343
0.0486642
-0.0174156
-0.0284025
-0.114903
-0.110153
0.0522645
0.030244
-0.00453696
-0.0110761
0.0641395
-0.0127978
-0.0213203
0.0380431
0.0127218
0.0679663
0.089228
0.0392703
-0.000709709
0.053968
0.0197993
-0.0199325
0.0403825
-0.00591823
0.0297282
-0.0275649
-0.0112465
-0.0143587
0.0354605
-0.0263243
0.000252554
0.00162151
0.00277723
-0.10596
0.0526193
0.0247206
-0.022971
0.00703563
-0.00683531
0.0895555
0.00665535
0.00255247
-0.0652324
0.0220836
-0.0607709
-0.0685257
-0.0239895
-0.00102498
-0.0565497
0.0194179
-0.00847801
0.0118889
0.029566
0.0103571
-0.00239953
-0.0102517
-0.034799
0.103406
-0.0903319
-0.0908824
-0.0357965
0.0525704
-0.0156411
0.0279786
-0.0371947
0.0995067
0.0801759
0.0627665
-0.00520107
-0.0647593
0.0568324
0.0618066
0.00938924
-0.0250443
0.104117
-0.014898
0
0
0.0368361
0.00288646
0.084765
0
-0.051735
0.0300407
0.032238
0.0367573
-0.0359387
0.0447383
0.0225976
0.0186056
0.0202039
-0.0122204
-0.0170176
-0.0394023
-0.0317249
0.0386606
-0.0198754
0.0212206
-0.114991
-0.0361617
0.0650467
0.00781114
-0.109507
-0.0719904
-0.0574551
-0.062891
-0.146771
-0.267458
0.191424
-0.150493
-0.109739
0.118618
-0.0126176
0.0639135
0.0288467
0.0824396
-0.064694
-0.00122806
0.0479065
-0.0401543
-0.0110093
0.0621579
-0.00978587
-0.0696417
-0.0781122
-0.148456
0.0649662
0.0431475
0.0155055
0.0632267
0.0294849
-0.0135048
-0.10587
-0.00853451
0.0099072
0.0340886
-0.170637
0.0260065
-0.0316307
-0.123476
-0.0441817
-0.0481514
0.160492
0.0635109
0.0168353
0
0
-0.0371263
0.00504818
0.232546
-0.0220536
0.0154537
0.0995756
-0.0132334
0.00165341
0.00856578
-0.0917674
0.0386156
0.125543
0.0158129
0.0534121
0.0415791
0.0357927
-0.0622506
0.0569027
0.108259
0.00944609
0.0147176
0.0303249
-0.0538487
0.0855357
0
-0.00183706
0.127094
0.0500538
0.0305727
-0.0175828
0.0155501
0.0145175
0.0692818
-0.0117944
0.102802
0.0232324
-0.113637
-0.0924859
0.0175309
0
-0.127113
0.0743108
-0.0147972
0.0306503
0.0511817
-0.0706377
0.0332096
-0.0103394
-0.0303273
0.0731073
-0.0435458
-0.000129807
0.0802616
-0.17128
-0.00338023
-0.0360744
0.0309233
-0.0934685
0.165149
-0.227009
0.0373212
0.110518
-0.00795416
0.0279298
-0.117329
0.0600221
-0.0266379
0.0397067
0.0190265
0.0918488
0.00526657
-0.130962
0.077897
0.0137659
-0.0804862
0.0339928
0.0652832
0.0100129
-0.00674358
-0.0299976
0.0693274
-0.0661016
0.00640932
0.0496471
-0.000597319
0.0620212
-0.124469
-0.101099
0.109184
0.00610851
0.0711212
0.075082
-0.0449531
-0.0970363
-0.0320848
-0.0403958
-0.150597
0.0777326
0.00292425
0.0431292
-0.0337271
0.0112814
-0.0145599
0.0188498
0
0.0522946
-0.0711577
-0.0625763
-0.111866
0.0966465
-0.0624766
-0.100505
-0.0874974
-0.0565336
0.00219826
-0.00791598
0.0545971
-0.0435631
0.0308112
-0.00265642
-0.00256124
0.0422245
0.049257
0.165455
-0.0425725
0.0656826
0.00523335
0.0450956
-0.0468131
-0.0193658
-0.028216
0.0476883
-0.123174
-0.135445
-0.117113
0.00588767
-0.127719
-0.196167
-0.0157397
0.0475005
0.0428432
-0.00680176
-0.0392144
0.032408
-0.00993429
-0.125148
0.0111652
0.0588815
-0.0925732
0.124247
0.0135541
0.130262
-0.0188728
-0.0289117
0.0136921
-0.0893073
0.108209
0.0328238
-0.049614
-0.0738221
0.000964071
-0.0283513
0.00599781
-0.0343442
-0.0185376
-0.0759495
0.146179
-0.128348
-0.0107236
0.118867
-0.0272543
-0.0175874
0.0490336
-0.0837571
0.117031
-0.0563005
-0.144747
-0.319698
0.109865
-0.0838101
0.126254
0.107036
-0.00391054
-0.0471192
-0.105637
-0.106347
0.0955639
-0.0801466
0.0137571
-0.0524795
0
0
-0.152686
0.224191
-0.00867621
0
0.0090623
-0.0619207
0.213991
-0.0388913
0.0741932
0.0654117
0.0523341
-0.035625
-0.091715
0.0581818
-0.0470138
-0.0405327
0.193308
0.00324272
-0.0997703
-0.0851414
-0.0350319
-0.0142792
-0.0916479
0.127871
0.156367
0.039136
0.0734434
0.0197946
0.20159
-0.00596497
-0.111464
-0.0316278
0.0815903
0.00565128
0.0805646
0.00857668
0.0549688
-0.0238099
-0.0559777
0.0686437
-0.0850657
0.0156281
0.00715761
-0.0455115
-0.0616063
-0.0457907
0.0451294
0.0388453
0.0685023
0.0174833
-0.0535757
-0.074661
0.0369655
0.02875
0.0112366
0.0365852
0.0594575
0.0976227
0.0339324
-0.0451454
0.0878042
-0.202879
-0.0417236
0.0260334
-0.0029186
0.0556399
0.0618184
0.0523275
0.100269
0.0366794
-0.022051
0.0605168
0.00673882
-0.0353824
-0.00493013
-0.00533698
0.0257287
-0.000255481
0.0443423
0.00187401
-0.0153236
0
0
0.0843497
-0.0684506
-0.0504768
-0.00799337
0.0167733
-0.0302042
-0.0445301
-0.0460759
0.0398183
-0.164158
0.0144927
-0.0878417
-0.00571797
-0.0551405
0.108184
0.0761428
0.077213
-0.0066521
-0.0514889
0.0246452
0.00718811
-0.141641
0.0643613
-0.0120715
-0.115746
0.045628
-0.0785129
0.032189
0.040961
0.00821642
0.0547374
0.0988098
0.0592897
0.031014
-0.041758
0.00128934
-0.0309766
0.0156838
0.11585
-0.053211
0.02819
-0.0228426
0.0123987
0.00773631
-0.00814081
-0.018976
0.0314271
0.096321
0.0819441
0.0660977
-0.00754623
-0.0665582
-0.00512501
-0.0169697
-0.00767232
-0.0277517
-0.00512794
0.0342473
0.060203
-0.0552386
-0.0563862
0.0208109
0.0082936
0.0556405
-0.0735809
-0.0165571
0.079811
0.180568
-0.0519652
-0.0787608
-0.00251785
-0.237219
-0.250455
-0.0724672
0.0375912
0.120405
-0.0440861
-0.0374709
0.0334033
-0.143098
-0.113783
0.0706989
0.101351
-0.0903277
0.110225
-0.105763
-0.0466845
-0.00761391
0.0353837
0.097364
0.0317688
0.103196
-0.0189002
0.0590833
-0.0549841
0.0153503
-0.0640993
0.0443196
0.0959614
0.00904466
0.0309813
-0.0627007
-0.00137961
-0.00867815
0.0577625
-0.0156448
-0.0256833
-0.047409
-0.00197512
0.0834507
0.101684
-0.0242679
-0.0648543
-0.32839
-0.0632388
0.10924
0.0592202
-0.0763268
0.0326353
0.0276739
0.0841384
-0.0465129
-0.00250952
-0.0607669
0.0200275
-0.0443038
0.0182616
0.0679601
0.0666751
0.0925499
-0.00515945
0.00929328
-0.0341861
0.0335041
-0.113039
0.074278
0.0916984
0.0249225
0.011593
0.0131865
-0.0637015
-0.0419938
0.0502248
-0.0193386
-0.0798285
0.0139493
0.0065158
0.0220073
-0.0840657
-0.0330184
0.121193
0.094383
0.00925711
0.0359201
-0.0179844
-0.0946972
-0.0828163
-0.176097
0.0414575
-0.0707092
0.141626
-0.00795934
-0.02788
0.00345114
0.0789805
0.109347
0.222716
0.00828219
0.0205363
0.0437592
0.0114276
0.0540706
0.0113399
0
0
0.0165738
-0.0759591
-0.0589711
0
0.0816814
0.023774
-0.0619305
-0.0019671
0.00142586
0.0305674
-0.0135256
0.0391308
0.00623362
0.0267931
-0.0432582
0.0847276
-0.030171
-0.0533871
-0.0510848
-0.085215
0.103766
-0.231948
0.0921798
0.00384917
-0.136708
-0.130831
0.0551591
0.153747
0.0571763
0.029772
-0.0508835
-0.0265798
0.070332
0.0464687
-0.109887
-0.0577345
0.0325016
-0.0691722
0.101099
-0.0273674
-0.0440954
-0.339424
-0.19606
0.0349778
-0.355659
-0.322656
0.112245
0.0946834
0.143924
-0.16295
-0.368937
-0.799858
-0.00929063
-0.141443
-1.15124
0.242628
-0.408968
0.275377
-0.413187
0.138839
0.0757469
-0.386688
0.866681
0.435106
0.221725
-0.539418
0.0964603
0.192642
-0.390809
0.0469146
-0.1188
0.303518
0.216296
-0.0469507
0.286347
0
0
-0.0882765
-0.340117
0.0548367
0.277766
0.0446043
-0.300009
0.227146
0.096541
-0.128478
0.163052
0.18926
0.259669
-0.356282
-0.236888
-0.0161155
0.164855
0.00741679
0.139479
0.00631541
0.0922374
-0.152489
-0.279111
0.100908
0.420069
-0.0769412
0.107596
-0.0859271
-0.0365907
0.123507
0.125272
0.120587
-0.2313
0.146731
0.0867397
0.257534
-0.064399
0.22278
-0.0180753
-0.213729
-0.0104068
-0.40701
0.0467581
-0.0665251
0.289421
0.0167413
-0.0467729
0.109503
-0.0765405
0.120179
-0.315733
0.0382208
0.019762
0.10734
-0.0904043
-0.0191114
0.132923
-0.133995
0.20677
-0.153965
-0.0546572
-0.174577
0.0754057
0.131655
0.00576241
0.181045
-0.0669043
0.0631691
-0.045858
0.0131032
-0.100395
0.00698955
-0.142067
-0.0309763
0.0398557
0.0035887
-0.233432
-0.155171
0.226469
0.00522005
0.113207
-0.128228
0.00869052
0.0304732
0.170017
0.202316
-0.151618
-0.155726
0.0612239
-0.0832842
0.0580216
-0.162704
-0.0190591
0.169895
-0.11155
0.0142188
-0.0757293
-0.0608851
-0.171699
0.133697
-0.152804
-0.0888937
0.23572
-0.0119653
0.138224
-0.0158453
0.047809
-0.00968624
0.130716
-0.0444189
-0.0470962
-0.0711127
-0.343365
0.0432707
0.119025
-0.130491
0.0341007
0.144872
-0.0514655
-0.0533851
0.022732
0.0384839
0.0689235
0.0117718
-0.00620367
0.0533031
0.0643954
-0.0254118
-0.0529109
-0.0582121
-0.17428
0.148163
-0.0591823
0.00776295
-0.193256
0.0158275
0.128167
-0.11718
-0.109401
-0.258488
-0.00188095
-0.00802938
0.138354
0.230395
0.165368
0.0388823
0.00649955
0.456863
0.17714
0.134477
-0.0678563
-0.0356372
0.164712
-0.0875296
0.03123
-0.0800187
0.0269593
-0.0277645
0.154053
-0.0640713
-0.0441587
0.00730529
-0.16051
0.187407
0.122447
0.0415018
0.0919603
0.00787448
0.00523097
0.00833644
0.0538893
-0.0806454
-0.0228159
-0.0283784
0.0880302
-0.0302546
-0.0334551
-0.174366
0.0572519
0.0657818
0.00978623
0.153443
-0.0711788
-0.146434
0.170901
0.0612405
0.341356
0.0220457
0.0237433
-0.109395
-0.0654785
-0.0127263
0.0833223
-0.0978758
-0.0223835
-0.0114638
0.0407929
-0.0371141
-0.0303494
-0.0843268
0.0228092
-0.131062
-0.0629627
-0.183542
0.091597
0.0773781
-0.0135591
-0.0063021
-0.0221503
0.0525635
0.0123017
-0.0110295
0.00668042
0.0931058
0.249258
-0.0107368
-0.0564053
-0.140683
0.0103767
-0.0177996
0.0206977
0.0497257
-0.0105327
-0.256619
0.160806
0.0382056
0.092888
-0.0369044
-0.0306594
0.132754
0.0166698
-0.00704522
0.0168764
0.0363154
-0.0174226
0.0795529
-0.0603557
0.0251212
-0.105232
0.025888
-0.0400886
0.0204294
-0.0568582
0.0980372
-0.00655944
0.0532267
-0.086744
0.0351946
0
0
0.127206
0.0901174
0.0823
-0.0382019
-0.0385806
0.00198845
0.0709905
0.0630897
0.0514604
-0.0277469
-0.202331
0.0515008
0.0620957
0.000461201
0.0353339
-0.0260999
0.0268898
-0.00314539
0.0119587
-0.0671421
0.16635
0.0522407
0.0753776
-0.00846115
-0.24972
0.0811895
-0.0591355
0.11463
-0.0152879
0.00197624
-0.120192
0.0996287
-0.00247901
0.0476772
-0.0309629
-0.00406923
-0.010337
0.00418735
0.0820393
0.0388203
-0.061599
0.00663677
0.0115649
0.0252182
-0.0198644
0.0101206
0.0645189
0.0176742
0.0360357
0.0173708
-0.043966
-0.191892
0.0636661
0.0391739
-0.0225218
0.0506345
0.0366418
-0.0888173
0.0205925
-0.0709099
0.123835
-0.00265292
0.0582861
-0.0897678
0.0703628
-0.169744
0.128912
0.00496936
-0.000982446
-0.0471726
-0.112273
-0.00560623
-0.236359
0.0535354
0.168815
-0.0429311
0.0847111
-0.00305984
-0.0418643
0.0293305
0.0876767
-0.065369
0.0700299
0.0338328
0.0254962
-0.00481596
0.00353849
0.013118
0.0402146
0.0821912
-0.0373404
0.0353596
-0.0900742
0.0378512
-0.0164316
-0.155272
0.0410554
0.029753
0.0235479
0.0340995
-0.0352222
0.0322708
-0.0396841
0.0422439
0.0196455
-0.0357287
0.0681723
-0.0527464
-0.0755923
-0.101023
0.00710148
0.0556549
-0.0487433
-0.0250097
0.0156508
-0.0912585
-0.0861441
0.111014
0.145605
-0.00708953
-0.0380331
0.01689
-0.0501012
0.11327
-0.0306314
-0.0841044
-0.0228806
0.0938245
-0.115442
0.116771
0.0247079
0.0720387
-0.0232821
0.0162415
0.0918364
0.0364499
-0.0418345
0.0189996
0.00771435
-0.0455133
0.0197988
0.0253269
0.0755843
-0.0335148
-0.00524039
-0.0164285
0.0702871
-0.0189653
-0.0356934
0.0427015
0.0329817
-0.00487526
-0.036173
0.0904743
0.059806
-0.0492395
0.00537423
-0.0339128
-0.0489392
-0.0484494
-0.0447391
0.04405
0.015466
0.0269773
0.0329527
-0.371134
0.0931476
-0.0712807
0.153544
-0.0552111
-0.00966914
0.153208
0.147709
-0.00388364
-0.0215441
-0.0403476
-0.083095
-0.0177162
-0.0665632
0.124536
0.0128144
-0.0993791
0.137121
0.0604548
0.0430582
-0.00168188
0
0
0.0656944
-0.0238537
-0.0249805
0.162008
0.0156038
-0.0888613
0.0467473
-0.0536218
0.0617545
0.0802366
0.0160497
-0.0276697
0.0901144
-0.0628413
0.0344614
-0.00612863
-0.120539
-0.266362
0.101319
0.132498
0.112527
-0.117495
-0.00227723
0.0952131
0.0624656
-0.0716792
-0.0165368
0.0756405
-0.00845412
0.100392
0.0378433
-0.0148434
-0.17039
0.102151
-0.00675751
-0.0877218
-0.0315594
-0.0390587
0.0131922
0.00529602
-0.395548
0.383912
-0.041759
-0.17318
0.134638
-0.260043
-0.35391
-0.0396656
0.00665058
0.320215
-0.128247
0.0793425
0.0527281
-0.0247335
0.160337
0.12763
0.0262203
0.0507305
0.0460216
-0.0215433
0.0090434
0.0213635
-0.0136529
0.0854214
0.0549088
-0.0835677
0.0295212
0.0278469
0.0722356
-0.0342337
-0.0474125
0.15472
-0.0670469
-0.0548209
0.00546266
0.0468246
-0.0198454
0.0366896
-0.00166479
-0.140296
-0.189427
0.00765234
0.053228
0.111928
0.0469784
0.0222165
-0.090178
0.0130962
-0.1549
-0.234678
0.036847
0.14316
-0.15681
0.252288
0.0626894
0.0714806
-0.107326
-0.183645
0.118754
0.165684
-0.0387924
0.0511759
0.0559001
0.0271148
0.0192289
0.00999492
-0.098689
0.0994251
-0.0122179
-0.00780678
-0.155008
-0.214545
-0.153838
-0.025498
0.118874
-0.319099
-0.0408642
0.14933
0.0423712
-0.0882371
-0.09748
0.264766
0.0684451
0.0892767
-0.0151547
-0.197554
-0.000878788
0.0888815
-0.290634
0.116464
0.113747
0.00995459
0.000486353
0.0184223
-0.0744666
-0.164217
0.167905
0.089319
0.10061
-0.0439131
0.00853124
0.00805671
0.0410488
-2.73737e-05
0.0572522
-0.00405622
0.105874
-0.0134934
-0.00581547
0.0492367
0.00319597
-0.0111769
0.0571368
0.00772184
0.025288
-0.0550325
0.0467435
0.011006
0.0357722
-0.0269868
0.0346669
0.0112906
-0.0219833
-0.0608181
-0.0221931
0.0110091
-0.0703428
-0.0888237
-0.105806
-0.187982
0.183918
0.00856636
0.0178367
-0.0861318
0.033421
0.121823
0.164547
-0.117332
-0.148074
0.00655248
-0.0625262
-0.0610148
0.0623412
-0.108522
-0.198792
0.00334769
-0.0519224
0.0297356
-0.178301
0.0177418
0.0216626
0.253957
-0.0478674
-0.0787911
-0.00883592
-0.0455615
-0.107018
-0.0861771
0.0352724
0.0124297
0.0891941
0.0238147
-0.0169532
0.0272841
0.0371147
0.0633024
-0.000727145
0.0605423
0.0249403
-0.036852
0.06627
0.128329
-0.0586451
0.0620817
0.20135
-0.0476262
0.00842112
-0.0135457
0.107815
-0.0779947
0.091314
-0.0213222
-0.0247951
-0.00632751
0.0529187
-0.0117461
0.102484
0.0166241
0.00182161
0.0268436
-0.016911
0.0506873
0.0809415
-0.0192446
-0.00299046
0.0149566
-0.0611709
-0.0429031
-0.022752
0.00596703
-0.0410921
0.0761533
-0.00928073
-0.0934996
-0.127456
0.0397321
0.0126392
0.170438
-0.0374701
0.00499254
0
0
0.0323042
0.020693
-0.0815002
0.136416
0.0410852
0.0634224
0.0861419
0.0329996
-0.0394957
0.0395475
0.0890011
0.0639849
0.0203768
-0.0115078
-0.0259283
-0.107088
0.0300299
0.0181032
-0.0351435
-0.0161138
0.0209468
0.00520409
0.0253633
-0.0169318
-0.0136357
0.0757965
0.103856
-0.0827148
0.0356656
0.0259812
0.0328938
-0.0363439
0.0823123
0.00786092
0.0551417
0.0183631
-0.0102017
0.012423
-0.0457228
-0.0592394
-0.0289298
-0.0368166
0.0713938
-0.0744151
0.0489514
0.0367111
0.00386379
-0.0218179
-0.0130101
0.013174
-0.0631758
-0.168454
-0.261138
0.116532
-0.390743
0.0888956
-0.101225
0.0928819
0.177206
0.0405481
-0.0892586
-0.126335
0.089157
0.0166889
0.10635
0.0739695
0.0148307
0.0539181
-0.050276
0.0371565
0.102075
0
