0.015874
0.0365364
-0.0338525
-0.0251591
-0.033317
0.00833967
-0.107475
-0.0123993
0.0171069
0.0133677
-0.0927026
0.0261829
0.100107
-0.1874
-0.0898361
0.154441
0.0906917
0.0441774
0.154193
0.0938861
-0.00552665
-0.142581
0.00243778
-0.0109747
0.0435837
-0.0628795
-0.0139455
0.0161456
0.0708782
0.0708614
-0.058491
0.105614
-0.00167916
-0.00119957
-0.0225788
0.00480827
0.0584755
-0.0527086
0.00384274
-0.0797989
-0.0740987
0.0661079
0.0858685
-0.0235645
-0.0673924
0.0343568
-0.06324
0.018456
0.110266
-0.0334099
0.0468385
-0.0914787
0.0263257
-0.0321315
0.00532211
-0.00290262
-0.0801539
-0.0687624
0.0441015
0.0173422
0.012926
-0.0481305
-0.149525
-0.0323697
0.0673604
-0.00669087
0.0158526
-0.00519886
-0.0175971
0.0081828
0.135159
-0.0195819
0.115467
-0.0269205
0.0501448
-0.113731
0.0273358
0.0958152
0.00941063
0.0060278
0.0675037
-0.0138959
0.0105435
-0.0460897
-0.0450945
0.000241689
-0.0686321
0.0279462
-0.011655
-0.00145783
0.144262
0.112177
0.0399457
0.00683857
0.020723
-0.0171876
-0.051267
-0.0379696
-0.04074
0.0128832
-0.0124058
-0.0267725
-0.00119687
0.0520511
0.0197466
0.0142504
-0.0752815
0.00191287
-0.0818624
-0.100053
0.0216458
0.046054
0.000483653
0.0316284
-0.0195447
0.0491508
0.0458007
0
-0.0215553
-0.0634984
0.0462206
0.0858539
-0.00881446
0.134701
-0.130173
0.00357275
0.000238138
0.0711865
-0.0186967
-0.119151
0.00718925
0.0246438
-0.0989418
0.0546351
0.00431955
0.0239636
-0.0362072
-0.140793
-0.0709015
-0.00957349
-0.0722185
0.0862074
-0.125617
0.118011
0.045547
0.00171009
0.00561681
0.0518672
0.0786253
0.0120415
0.00457198
-0.0185415
-0.0193004
0.0975664
0.0078886
0.0391119
0.0173605
-0.0519333
0.0967408
-0.0671677
-0.0671424
0.0294452
-0.0181836
0.0241578
0.000716666
0.0851555
0.0158567
-0.0104105
-0.041513
-0.0335735
0.085024
0.0179571
0.0715078
-0.0359252
0.0579331
0.0373492
0.0225752
0.0276259
-0.0132231
-0.0206816
0.000465224
0.0498858
0.0749395
0.0385189
-0.0307114
-0.0232107
-0.0209588
-0.0205408
-0.00623982
-0.024303
0.0902019
0.133455
-0.0131522
-0.00885348
-0.0291128
0.0168412
-0.0141082
-0.0266779
0.0191606
-0.0711242
-0.00757671
-0.0239158
0.00414336
-0.0876053
-0.0390798
0.0441861
0.00208819
0.0460612
0.0669761
0.0277177
-0.0070939
-0.0392216
-0.0405297
0.0487997
0.0142267
0.0890295
-0.0013637
-0.0419106
0.0125461
0.00273523
0.0848751
0.000903873
0.104299
0.052634
-0.0140235
-0.0240862
-0.0564277
0.0201893
0.031995
-0.06904
-0.242929
-0.0140681
-0.0323625
0.0535724
0.0234628
-0.0101145
0.138639
0.0332877
0.0234837
-0.0309468
0.132375
0.0303179
-0.0428285
-0.0275337
0.190943
-0.00681986
0.0423836
-0.0573596
-0.0861053
0.0355059
-0.0013292
-0.0680244
0.0795383
-0.0379128
-0.0289191
-0.00267368
-0.0153875
0.0625176
-0.0689919
0.0665519
0.0265857
-0.00663981
-0.030378
-0.199852
0.0203694
-0.0255815
0.0355248
-0.0201228
0.14671
0.0189396
-0.0124738
-0.00579671
0.0120356
-0.033021
-0.0528817
-0.0330809
-0.0944418
-0.0554486
-0.0801778
0.102577
0.000228303
0.0198424
0.0295764
0.0514361
0.035871
0.0105788
-0.0283854
-0.0214551
0.0110721
0.0351684
0.00989698
-0.126015
0.00751033
0.0184106
-0.00113547
0.163312
0.0672489
-0.105977
0.0483309
0.0189552
0.101742
-0.0227411
-0.0491913
0.0805296
0.000440684
-0.0300108
-0.0538476
-0.0527988
-0.0667864
0.0240317
-0.00897706
0.0421223
0.0100562
-0.0322155
0.0259595
0.0247776
-0.108943
0.0570852
-0.00650115
-0.0616342
0.0770955
0.0219186
0.0945029
-0.0257052
-0.00355074
-0.0335724
-0.0710729
-0.0994069
0.0316649
0.130348
-0.0113742
0.0189497
-0.0198424
0.0443124
-0.019126
-0.0775449
0.00627958
0.0286565
-0.00290668
-0.0598865
0.0580973
0.0444103
-0.0189451
-0.0234524
0.0679721
-0.0469741
0.0449749
-0.0195682
-0.0162618
-0.00914495
0.0122657
0.0453637
-0.0282169
0.0224467
-0.0333549
0.0262485
0.0496389
0.0165653
0.0640146
0.00854823
-0.00591722
-0.0204084
0.0992358
0.00782694
0.0197575
-0.0108509
0.029487
0.0358741
-0.00884851
-0.0400239
0.000867077
-0.0613139
-0.0408668
0.0185965
0.0918176
0.00736106
-0.0468568
0.0368964
-0.0471212
-0.0130682
-0.0827247
-0.0462556
0.0714957
0.0337003
-0.0024034
0.090709
-0.0058484
-0.0308147
-0.025679
0.0512922
0.00108386
-0.0030351
-0.00997896
-0.033916
0.0245789
0.0123753
0.00520607
0.00802072
0.115048
0.0570313
-0.0223893
-0.047932
-0.00300339
-0.0152454
-0.0450126
0.0200546
0.00215401
0.00667449
0.0669286
0.00213776
0.0271098
-0.0140794
-0.116378
-0.120152
0.0453624
0.0139164
0.00260717
0.073373
-0.0233171
0.0592655
-0.0353015
0.0642674
-0.0414364
-0.0256347
-0.022025
-0.0752936
0.0412972
0.0288069
0.0151283
-0.0250822
-0.00238175
0.00216525
0.0263784
0.0383621
0.0330714
0.00707252
-0.0100745
-0.0453535
-0.00538729
0.0380797
-0.0568501
-0.0263812
0.0324262
0.0653963
-0.0113706
-0.0118134
0.0433189
0.00128383
0.0673834
0.00849726
-0.00764721
-0.0413109
-0.0468405
-0.0216764
0.0311049
0.0141261
-0.00920111
0.0593372
0.113632
-0.0240152
0.000843615
-0.0359165
0.0515106
-0.0339588
0.0200517
0.00105424
0.0143267
-0.00547541
-0.0580973
-0.022272
0.048299
0.0810318
0.0345279
0.0606056
-0.0414053
0.0494999
-0.0267994
-0.229358
0.0414202
-0.0150614
0.0364477
-0.0815551
0.026621
0.00106337
0.0485814
0.00571241
-0.0519548
-0.0565015
0.0802858
-0.0163456
-0.13755
0.038911
0.0229316
-0.0579662
0.00796341
-0.0388007
0.0372946
0.0465841
-0.0220843
0.0252964
-0.0678872
0.0546038
0.0203463
-0.00813356
0.0514722
0.0314787
0.00339717
-0.05364
0.00554761
-0.00554761
-0.089829
-0.0815201
-0.0126008
-0.164829
-0.154341
0.0049365
-0.15486
0.211232
-0.00535511
0.062964
-0.0841895
0.0617637
-0.051257
-0.0293121
0.00268865
-0.00448149
-0.0837239
0.00180791
-0.0131148
0.15202
-0.0245437
0.112847
-0.0185722
-0.0614895
0.0402218
0.0466851
0.000220738
-0.0289583
-0.00752962
-0.0791819
-0.123578
0.0830777
-0.10186
0.0510597
0.00878487
0.00787729
0.10919
0.0956754
0.0613074
-0.0342331
-0.0378805
0.0354622
0.033584
0.0157653
0.00590558
-0.0181653
0.024723
0.000437025
0.0540436
-0.0272032
-0.0146114
-0.0251292
0.0174879
0.0176754
0.00937054
0.0709739
-0.0381374
0.0286167
-0.0756213
-0.0649943
-0.0913087
0.0386985
-0.0766576
-0.153068
0.101337
-0.0277598
0.0349111
-0.0753451
0.043348
0.00380923
-0.00537815
0.050307
0.02606
-0.0331993
-0.00245533
0.0173975
0.103754
0.0165277
0.0233126
-0.0299204
-0.0499195
0.02234
0.0110409
0.0251279
-0.019612
-0.0174406
0.0366123
0.0883303
0.0598303
-0.00976594
0.0193057
-0.0663154
-0.0286186
0.0174867
0.000873534
0.0516212
-0.0308971
0.0664627
-0.0153818
0.0816208
0.00344019
-0.0430877
0.011005
-0.0293737
0.0472579
0.0968365
-0.0202751
0.121461
0.0166598
0.0311363
-0.0121905
-0.0489112
-0.0461787
0.0184547
-0.0190917
0.0461816
-0.105385
-0.0421666
0.0278456
0.027555
0.127385
-0.0765331
-0.00721838
-0.160353
-0.0410891
-0.00411821
-0.0347471
0.0249867
0.026656
0.0602015
-0.0560902
0.00973047
-0.0205532
-0.15606
-0.0235654
-0.0256105
0.0603885
0.0862018
0.145975
-0.00687241
0.0492907
0.0283924
-0.00298488
-0.0277594
0.0558673
-0.0732026
-0.0420719
-0.0877161
0.0151785
0.0235893
0.0695771
0.168583
-0.0300174
-0.0835491
-0.0410731
0.0301795
-0.121052
0.0170746
0.0555605
-0.00537028
-0.022156
-0.0435947
0.0794929
-0.0216955
0.0122498
-0.0439107
-0.0451878
-0.0689305
-0.180764
-0.00355548
0.0523155
0.0412599
0.0222142
-0.0325683
-0.105694
0.0970946
0.000441199
-0.00463356
-0.0415773
-0.128922
0.033841
0.0560001
0.0151175
0.106506
0.0081291
0.0756999
-0.0194173
-0.0177047
0.0547612
0.00130537
0.00348015
0.0572483
-0.0348738
0.00650745
-0.0410678
-0.0034844
0.0347895
-0.00803431
0.00738312
0.00325553
0.018428
-0.00043321
-0.000433229
0.0933589
0.0729142
0.014264
-0.007023
-0.0591459
-0.0465801
0.0221365
0.00107334
0.0338584
0.0188082
0.0441031
-0.0400469
0.0406847
-0.000425161
0.0504677
0.123186
0.0520954
-0.00686106
0.00790021
-0.0208034
0.026413
0.00394555
0.0186683
0.0411544
0.0140241
-0.0672052
0.0159633
0.04815
0.0378609
0.0246149
-0.0884852
0.0737236
-0.0357642
-0.010713
0.00597599
0.00432522
-0.0725397
0.0211342
0.00041395
0.131796
0.00979972
0.057786
-0.0205124
0.0715092
0.00222014
0.0127058
-0.0217913
0.0121122
0.00564732
0.100711
0.0444149
0.0139013
-0.0154913
-0.0179044
-0.0301118
0.0227418
0.0673229
0.00652942
0.0100825
0.00671605
0.0116436
-0.0292334
0.0323887
0.0405353
-0.0610623
-0.0150272
-0.00890833
0.00732521
0.0631303
0.0861585
-0.0154148
0.0109294
0.0173454
0.0225624
-0.00874661
0.0116604
0.108564
0.00115272
-0.0080718
0.0735579
-0.00763709
0.0152683
0.000190707
0.0224779
0.041584
0.00852329
-0.021227
-0.143126
-0.00750888
0.0855362
0.0938956
0.000378358
-0.000378358
-0.0938956
-0.00133686
0.185818
0.00168715
-0.0183865
0.0578594
-0.000933576
-0.0452896
-0.0146413
-0.0831853
0.0555337
0.0969143
0.00783202
0.0121089
0.0503274
0.0993511
-0.00440286
-0.0183662
0.129494
-0.0247098
-0.102027
-0.0312914
0.0423121
-0.0158001
0.0161673
0.0428635
0.00310687
0.122226
0.042869
0.0147275
-0.0433466
0.109532
0.00196098
-0.0198057
0.0504183
-0.0759917
-0.134845
0.0463551
0.00144514
0.0542222
0.079984
0.00908516
0.0640738
-0.0405975
-0.0154668
-0.0431489
-0.0150209
-0.000894815
0.00339987
0.0194822
0.00642616
-0.0121418
-0.0404598
-0.0420652
0.083061
-0.0209244
0.0250326
-0.0166218
0.00304047
-0.01969
0.025232
-0.0426272
0.00574197
0.0472459
-0.0187642
0.0169787
0.0164151
0.0171001
0.0348222
0.0940864
0.017554
0.00210441
0.0418209
0.0214549
0.045201
0.0391248
0.0832779
-0.00445602
-0.00994752
0.0245079
0.0438953
-0.0644573
-0.0218076
0.00137511
-0.00687746
-0.00636587
0.0827832
-0.0249513
-0.0461356
0.0106524
-0.0149509
0.0199296
-0.00240319
-0.0709822
-0.0147073
0.0335356
0.0626206
0.0239808
-0.0251814
0.0641132
0.0112415
0.0544951
-0.0541547
-0.0409375
0.0252646
-0.0696318
-0.099208
0.0515385
0.0610518
-0.0300494
0.0466665
0.0937022
0.0144032
-0.0357922
-0.0364324
0.0915093
0.026161
-0.00910639
-0.00708849
-0.0509484
0.0789355
0.0567449
0.0455985
-0.0538049
0.0566375
-0.0307015
0.0262023
0.0224758
0.0849505
0.0196032
-0.0374276
0.02656
0.109778
0.064969
0.0403923
-0.0648686
0.0212378
0.0329831
-0.0119519
0.0469178
-0.0770222
-0.00940597
-0.15583
0.0840217
-0.0983693
0.0748094
0.0240501
0.0381649
0.0037434
-0.00667399
0.0294297
0.0776288
0.00950042
-0.0584334
-0.0160401
0.0283362
-0.146756
-0.181638
0.0700986
-0.0146119
-0.0331217
0.142687
-0.0340794
0.0307918
0.0588493
0.0256279
-0.00994952
0.116327
-0.0473731
0.0741133
0.041739
0.0945502
0.0927212
0.0382902
-0.0411207
0.087531
0.0761015
0.0555446
0.0940283
0.00457164
0.0770974
-0.0142213
-0.0749192
-0.0651927
-0.0514124
-0.113765
0.115617
0.164661
0.00333854
-0.131651
-0.0496264
-0.0385452
-0.0672282
0.0613327
0.0994465
0.0762287
-0.0579605
0.0252748
-0.31312
0.102394
-0.0458849
0.0228905
0.0362665
0.00873431
0.173409
-0.0147201
-0.026274
-0.0121616
0.0220032
-0.00891855
0.0449729
-0.0623715
0.000462303
-0.0531505
0.126692
0.0233768
0.00945742
-0.000304938
-0.17876
-0.0318712
-0.136242
-0.0366892
0.0872321
0.0903696
0.0389906
-0.0526967
0.0311231
0.0226589
0.0436209
0.0567925
-0.0216632
0.0414416
0.00903294
0.0107065
0.000152867
0.00626552
-0.172583
-0.0272372
-0.0127881
-0.0398728
0.101479
0.0103859
0.102503
0.143425
0.0616379
-0.00270469
-0.00856969
0.0608807
0.0631867
-0.00579534
0.0837791
-0.0357349
0.0370614
-0.0929867
-0.0641717
0.0562843
-0.038484
-0.021544
0.0728231
0.0870472
-0.0800614
0.00415942
-0.0170944
-0.0177198
-0.0288058
-0.0167544
-0.0310399
-0.0103681
-0.0467143
-0.00151055
0.00211471
0.0713354
0.0300968
-0.00553341
-0.0613715
0.0624186
0.0310638
0.0779798
-0.0336424
-0.0179791
-0.224999
-0.0748107
0.0338104
0.0199876
-0.159637
0.00805041
-0.256913
-0.0227314
0.0903019
0.148559
-0.0753343
-0.0779572
-0.109469
-0.00351012
0.0718707
0.0746608
-0.078781
0.0687114
0.0735568
0.156131
0.190023
-0.034172
0.0325115
0.0268367
-0.0236669
-0.00739796
0.0552766
-0.0840145
0.0279826
0.00347345
0.0441435
0.0205738
-0.0133607
-0.00931798
0.0839982
-0.054571
-0.0473361
0.0378868
-0.0238881
-0.112086
-0.0826344
0.0417844
0.0135844
-0.0945565
0.0956241
0.122478
0.000753256
0.0521378
0.0578291
0.138939
0.0504208
-0.0152167
-0.0215478
0.0224263
0.058831
-0.00800868
-0.0126814
0.00320831
0.000437417
0.00481032
0.0163087
0.0257195
0.07129
-0.0177388
0.124514
0.0267654
-0.0384621
-0.0558189
-0.0306178
0.0867221
0.0410199
-0.0137969
0.0261553
0.0365595
0.0540271
-0.0136555
-0.046314
0.00990211
-0.0706606
-0.0195267
-0.0523539
0.0606253
-0.00855676
0.0621548
-0.0212911
0.041971
0.104303
0.14527
0.0421419
0.0434703
0.0143571
-0.0316129
0.0214967
0.0647578
0.0236172
-0.00813758
0.0694982
0.0240897
-0.0161431
0.0801892
0.110244
-0.0141442
-0.0127072
0.0267192
-0.0060783
-0.110046
-0.042588
-0.0096678
-0.0644216
0.137103
-0.0303203
-0.0915163
-0.155099
-0.00946522
-0.105684
0.0699371
0.0754679
0.192519
0.0416157
-0.0260732
0.0548751
0.0635765
0.0128255
-0.0389239
-0.175437
-0.0504823
0.148416
-0.0050813
0.0743567
-0.0641967
0.085681
0.0614127
0.000131665
0.122354
-0.0216137
0.0331826
0.0830578
0.00682607
0.0772086
0.0447434
-0.110886
-0.090952
-0.0716363
0
0.0973003
0.149938
0.025345
0.00724781
0.0321068
-0.140094
0.0239985
0.119896
-0.0524449
0.0528248
0.165544
0.112104
-0.041227
0.0961374
-0.0466608
-0.11998
-0.0128383
0.105581
0.0224362
-0.0793684
-0.132565
-0.0535978
0.0566159
-0.0549722
0.138614
-0.0428603
0.079949
0.107253
-0.028431
-0.087646
-0.184468
0.0456175
0.0319722
-0.0763232
-0.0493834
-0.0397853
0.0185097
0.0862233
-0.0230386
0.0181062
-0.212488
-0.218951
0.0332288
-0.126248
0.0027992
0.100517
0.0556569
0.0522167
-0.0723122
-0.0297576
-0.276624
0.0820861
0.146688
0.116056
-0.0230774
0.0598126
-0.0782078
0.185545
-0.0125303
-0.0318484
-0.0756243
0.0986792
0.269191
0.0913889
-0.0351279
0.179217
0.210206
-0.0299156
-0.147747
0.056728
0.0549532
0.154956
-0.054226
0.0348677
0.0696103
-0.14513
0.0423327
0.100184
-0.0274835
-0.0440595
0.135143
0.03159
-0.0294652
-0.0370132
0.0496349
-0.0226597
-0.0104029
-0.0637168
0.0394408
0.171388
0.0569464
0.027312
0.0495724
0.158698
0.110202
0.00705025
0.00581551
-0.0601074
0.0999421
0.00790342
-0.225968
0.199673
-0.0823382
-0.0599098
0.0408814
-0.0243732
0.0663227
0.144844
0.141577
-0.0516096
0.0715479
-0.122764
0.068522
0.0316861
0.018528
0.0800377
0.116306
-0.0533135
-0.176624
-0.0258172
0.227849
0.0275856
0.0398539
-0.0160716
-0.0249568
0.0621695
0.105565
0.02098
-0.0752069
0.0333081
0.0217589
0.0831295
-0.0955273
-0.1873
0.0369947
-0.112369
-0.0487951
0.0297814
-0.262507
0.128828
0.147079
0.143031
-0.153404
-0.0162285
-0.0367737
-0.0778978
0.00744504
-0.11038
-0.0465855
0.307733
0.00301815
0.0323877
-0.0195707
0.0231152
0.0259543
-0.157507
-0.0703206
0.12328
-0.0449103
0.277383
-0.0279566
0.0453899
0.0339341
0.0516282
-0.0367
-0.0785699
-0.0698052
0.0776371
0.085539
-0.0637689
0.0854585
0.0527177
0.0474685
0.0790624
0.106658
-0.0948417
-0.0331198
-0.0375723
0.0115758
0.022493
-0.0471075
-0.109218
-0.116565
0.120542
0.172939
-0.0390567
-0.185501
-0.09565
-0.711274
0.498869
-0.0292231
-0.169849
0.120334
0.262962
0.0188323
0.0212368
-0.0502981
-0.112784
-0.069024
0.0287277
-0.194788
0.117415
0.126722
0.190451
-0.0845884
0.0675585
0.151192
0.0427665
-0.171963
0.0437421
0.00862042
0.0394329
0.200817
-0.0318527
0.0522468
-0.0376436
0.109256
-0.0144444
-0.0673087
-0.061576
-0.15431
-0.0162446
0.104343
0.0481509
-0.0258588
-0.106621
-0.0895867
0.072824
-0.153952
-0.0687031
0.040232
0.178753
0.181796
-0.00422404
0.0473922
0.020798
-0.107942
-0.0267277
-0.0828108
-0.301126
0.123415
0.13652
0.0609407
-0.0755503
0.112749
0.17618
-0.079922
-0.0803583
-0.0567524
-0.00668568
0.125341
0.0867212
0.0818161
-0.0530073
0.211862
0.0471288
0.00894232
-0.0334255
0.0884926
-0.0170028
0.0814883
0.00980863
0.040408
-0.0396238
0.02614
0.0907133
-0.0368868
0.0575035
0.037928
-0.0732831
0.11903
0.055174
0.00638701
-0.0156411
0.0411484
-0.0446806
-0.117943
0.197448
-0.0320683
0.112826
0.0395739
0.0135616
-0.0122514
0.0992615
0.0109273
0.0468151
0.0388
0.0860712
-0.0328973
0.0917688
-0.0337021
-0.01026
-0.0488108
-0.0172682
0.0747054
0.0579213
0.106457
0.0239888
-0.0117643
-0.106146
-0.0713646
0.0815438
-0.0088274
0.0544613
0.0319453
-0.100114
0.130443
0.00828003
0.0268406
0.0342902
-0.0974178
-0.104873
-0.19468
-0.0131697
0.0873504
0.155189
0.0828579
0.0095405
-0.0587246
-0.095298
-0.0889073
0.118007
-0.0135454
0.0823428
0.0274764
-0.013326
-0.0776249
-0.0262807
0.0334035
0.0856156
-0.0395756
-0.0374813
-0.149244
-0.0163751
0.049045
-0.0619627
0.00146668
0.0205109
-0.0964184
0.111135
0.172324
0.0166848
0.024081
-0.0549607
-0.160412
0.0388435
-0.200664
0.0977556
0.177888
-0.0066863
-0.0518347
0.023232
0.146491
0.118898
-0.031828
0.0346523
0.0465733
-0.0409272
0.128989
-0.0186494
0.0947158
-0.023097
0.10099
-0.0672708
0.0496796
0.0073835
0.105773
-0.0235505
0.0778366
0.0232839
-0.0223549
-0.162018
-0.00850096
-0.211221
0.00920831
0.0565544
-0.149552
-0.0446031
0.15643
-0.196859
-0.0737092
-0.369178
0.0864624
0.0755395
-0.00165207
-0.0580875
-0.131593
0.141559
-0.086239
-0.11377
0.194935
0.160471
-0.0285551
-0.0590048
-0.0953598
0.0636129
0.0431915
-0.079558
-0.391252
-0.149298
-0.704376
0.379028
-0.0381916
-0.0832354
-0.0855768
0.49646
-0.170082
-0.261897
0.290281
0.202677
0.0770053
0.0748866
-0.257819
0.0119669
0.0371824
0.0559042
0.347982
-0.221651
0.0194494
0.0376414
0.00314629
-0.309894
-0.305704
0.163001
-0.141026
-0.0402403
-0.142285
-0.116471
0.256724
0.134405
-0.0292094
0.107283
0.408821
0.0848901
0.0563525
0.0144851
0.0561428
0.0796876
-0.0726802
0.015399
-0.0653053
0.0257801
0.165648
0.116636
0.117001
-0.00683933
0.0702399
0.134784
0.0629491
-0.0951923
-0.0171799
-0.0648224
-0.0293033
0.0715878
0.0897605
0.0303272
0.0451879
0.0707855
0.0944674
0.209723
-0.0440284
0.0327446
0.0458979
-0.243649
0.0996199
-0.0343486
-0.181879
0.228642
0.0927076
-0.0533542
0.0178445
-0.157294
0.0123527
-0.218932
0.187763
-0.00765667
0.154065
0.0679898
0.12389
0.00606713
0.205343
-0.0184943
-0.00636278
0.132292
-0.0798795
-0.0219409
-0.00919697
0.134905
0.218989
-0.0205345
0.0421248
-0.0883041
-0.194702
-0.0413112
-0.181564
0.253083
0.0700531
0.036833
-0.172251
-0.0810458
0.0714878
0.147451
-0.0732528
0.177
0.112142
-0.0520247
-0.0868648
0.0795565
-0.187107
-0.0730743
0.035197
-0.224652
0.0607456
0.246139
-0.192505
0.0949845
-0.144696
0.107667
0.0156673
0.262184
-0.00754919
-0.140778
-0.0671624
-0.053879
-0.017539
-0.0866088
0.0179358
0.153094
0.228628
0.0567588
-0.0225555
0.0545453
0.0838845
-0.0238401
0.097393
-0.0067339
-0.0657402
0.143287
-0.131967
-0.0175635
-0.272529
0.0509735
0.167284
-0.0558928
0.211117
-0.0721588
-0.111167
0.0569749
0.209581
-0.0244789
0.0680589
0.127975
0.0324626
0.0760258
-0.0651295
-0.159659
-0.0420926
-0.0292219
-0.226348
0.128602
0.226707
0.168468
-0.0145084
0.0234827
0.020273
-0.0876297
-0.0599911
-0.0571321
0.144622
-0.168468
0.114284
-0.113909
0.096749
-0.0350054
0.113581
0.0617002
0.0260657
-0.220017
0.0126247
-0.0461687
0.0814929
-0.0402526
-0.0639913
-0.179304
-0.171749
0.157274
-0.180581
0.158176
-0.0583955
0.00424863
0.0364639
0.214754
0.050859
-0.129647
0.00993942
-0.120698
-0.070712
0.00278246
0.0551798
0.22231
0.0710782
0.0219179
0.045768
-0.0977333
-0.021132
-0.130474
-0.00357266
0.121211
0.149846
0.156088
0.0599202
0.0740215
-0.0223075
0.055604
-0.0103215
0.063338
-0.0298318
-0.0396755
0.0330261
0.0815593
0.0647718
-0.078757
-0.219418
0.0158904
-0.133712
-0.0296552
-0.0678821
0.111268
0.0187667
-0.180095
-0.092219
-0.00504372
-0.0442981
-0.12826
0.0639931
-0.102679
-0.0191679
-0.126939
0.158711
-0.028999
0.224852
0.0232466
0.100116
-0.0845728
-0.0696426
0.0978882
0.175099
0.0240847
0.133248
-0.144182
-0.101393
-0.181497
-0.0273027
0.0804084
-0.0902586
0.28496
-0.0501536
-0.0467603
0.0260791
0.0296371
-0.055865
-0.0584985
-0.138044
0.00386884
0.127663
0.000823677
-0.211501
0.0223827
-0.23236
-0.0238489
0.0464723
-0.00865325
-0.108447
0.112424
0.000779569
0.168435
-0.0249429
0.183121
-0.0587204
0.138528
-0.00606462
-0.167435
-0.211584
-0.0165825
-0.28459
0.053727
0.0571669
0.220415
-0.0452384
0.139563
-0.0618047
-0.0910107
0.114791
0.346586
0.151479
-0.06485
-0.0472268
0.0532068
0.056742
0.0555461
0.0493587
-0.0855495
0.0597357
0.0580781
0.105131
-0.0119694
0.182491
-0.0661304
0.100366
-0.0206538
-0.00745707
-0.115376
0.0881737
-0.00324664
-0.0622424
-0.135302
0.0632307
0.0806628
0.170709
-0.0698028
-0.0999832
-0.0376105
0.0300855
0.0632181
-0.0128519
-0.0855103
0.0720758
0.038558
0.0158461
-0.0207107
0.107593
0.0188182
0.153468
-0.00850644
0.00384251
0.0397108
0.00689907
0.0325866
-0.0959497
-0.390992
0.0192038
0.00955246
0.267299
0.111278
-0.131486
-0.0439598
0.120962
0.106148
-0.0685551
0.0052215
-0.0712056
-0.029166
-0.280226
0.0604648
-0.0422157
-0.0394627
-0.278408
0.249049
0.105717
-0.0011354
0.111854
-0.0042115
-0.000912726
0.121985
-0.210422
0.0362733
-0.211923
0.0203093
0.0867487
-0.103094
0.00425083
-0.308471
0.0450662
0.0628121
-0.0534981
-0.1494
0.10957
0.135351
0.0930219
0.0186168
0.196428
-0.127767
-0.259653
0.0814016
0.252796
-0.0473406
-0.0824134
-0.178437
0.239898
0.465386
0.0410546
-0.0536785
0.252445
0.0452162
0.176425
0.000720176
-0.0235964
-0.106414
0.00523829
-0.137499
0.0713882
0.0491922
-0.0749162
-0.0493613
0.0934858
0.0994809
-0.078721
-0.0257567
-0.22523
-0.183382
-0.600451
0.325482
0.282603
-0.098569
0.0494059
-0.032677
0.327343
-0.111966
0.0268635
-0.0856262
0.108332
-0.150696
-0.218015
-0.0391551
0.162272
-0.0592273
-0.084829
-0.208151
0.177441
0.0929739
0.218571
0.0937507
-0.125197
-0.0734143
-0.212795
-0.0443785
-0.193621
0.181691
-0.126091
-0.0253666
0.317331
-0.0130142
0.196632
0.194465
-0.0654017
-0.0669297
0.0923125
-0.0660753
-0.0323441
-0.0754409
0.160803
0.00748304
0.0555393
-0.0969704
0.146014
-0.067861
0.0215223
-0.183882
-0.0739551
0.0954857
-0.0327614
0.0293939
-0.0858072
0.0842949
0.102185
-0.159893
0.0719284
0.151456
-0.0222033
0.0355827
0.0809743
0.0195399
0.0940848
0.00337696
-0.111511
-0.0791751
0.0914187
-0.103369
-0.108
0.0692812
-0.150675
-0.0192968
-0.20722
0.0767529
0.050681
0.0041713
0.0958759
0.0711376
0.111412
0.0234967
-0.0671931
-0.0860522
0.0790566
0.133092
-0.0479169
-0.0309013
0.109009
-0.0291185
0.0518856
-0.00900718
0.0521955
0.0155261
-0.0123393
0.0505871
-0.0281091
-0.048134
0.0999257
0.0203393
-0.0904278
-0.0988896
0.0685199
-0.0534534
-0.0351235
-0.0489357
0.0196839
-0.0272441
-0.102218
-0.146378
0.105978
-0.0588067
-0.015791
-0.00227761
-0.0671113
-0.0824779
-0.00448528
0.219916
-0.15048
-0.00194936
-0.0682577
0.0549502
0.0136557
-0.191833
-0.0495195
-0.107636
-0.163035
-0.258405
0.328364
0.00327417
-0.18095
-0.0582447
0.341534
0.0586571
-0.00823573
0.0168223
-0.240545
-0.00337078
0.11035
0.137355
0.217401
-0.0573912
0.0498327
-0.0114185
0.0384767
-0.00223459
-0.159023
-0.065067
-0.247001
-0.108346
0.231814
0.0494815
-0.126643
-0.0335762
-0.185222
0.0351677
-0.187217
0.145716
0.053517
-0.095939
0.0434653
-0.202953
0.00212913
0.0737826
0.381833
-0.183876
-0.0587012
0.194151
0.0749797
-0.0655673
-0.0819434
-0.141139
-0.216964
0.0803833
-0.130426
-0.317961
0.079698
0.241097
0.0703508
0.103854
0.0398027
-0.10503
-0.284323
0.48884
-0.106085
-0.265928
-0.0191966
0.0380489
0.0954075
0.102649
-0.064269
0.0629877
0.021234
0.138194
-0.0403641
0.00268112
0.129473
0.028627
-0.0498934
-0.0188759
0.0678163
0.0698348
-0.0563559
0.054463
-0.176285
0.0358018
-0.0151483
-0.0844369
-0.0625418
-0.134253
0.117579
-0.0868977
-0.0218619
0.0809078
-0.190863
-0.175089
-0.186809
-0.0195368
-0.0557096
0.173387
-0.0768933
-0.144125
0.0103983
-0.0569604
0.0584105
0.0993111
0.0643166
0.0225597
-0.250758
-0.441408
0.147196
-0.261818
0.0585404
-0.198192
0.174731
-0.243719
-0.180863
-0.0407194
0.197135
0.112192
0.252534
-0.24733
-0.0464098
0.107267
-0.125403
-0.349984
-0.0290536
0.42753
-0.20186
0.080847
0.267062
-0.0213343
0.149914
-0.0323293
0.102299
0.381532
0.124728
-0.0858746
-0.150935
-0.12236
0.158151
0.0468484
0.148983
-0.0286912
0.134984
0.00781413
-0.149843
0.143371
-0.0245048
-0.0182991
-0.0449789
-0.0028677
-0.0760545
0.0260564
0.00416273
0.280555
0.0272005
0.0268946
0.160247
-0.0263137
-0.156482
0.0319106
-0.118863
-0.0782463
-0.157793
0.0618238
0.0385458
0.0509539
0.129065
-0.106047
0.0544173
-0.0944175
-0.083911
0.0116324
-0.114118
-0.176566
-0.0452711
-0.0489519
0.0342832
0.08671
0.113001
-0.0949491
-0.0552386
-0.0151107
-0.0468732
0.124157
-0.0145269
0.0998737
-0.018291
-0.123978
-0.237787
0.0685539
-0.145026
-0.0113478
0.23415
0.062216
-0.109424
0.0992192
-0.0555706
0.0603453
-0.0343795
-0.165041
-0.164055
0.15952
0.103953
0.0239959
-0.0107869
0.0555522
0.0387284
0.0395621
-0.0525647
-0.114875
0.0326004
-0.1748
-0.000844966
0.0567075
0.00949002
-0.0383513
-0.0736656
0.0308517
-0.168034
0.0809131
-0.12153
0.06932
-0.0276704
0.194636
-0.0483898
-0.151238
-0.111771
-0.17185
0.0403073
-0.00573564
-0.0105975
-0.226448
-0.188129
0.0620664
-0.504679
-0.0582186
-0.162437
-0.315525
-0.192178
0.382426
0.0875127
-0.0518
0.114236
0.216852
-0.0229864
0.122305
0.197312
-0.0247443
0.0163474
-0.0837939
-0.0536999
0.226791
0.150938
-0.0528077
-0.0153097
0.0692108
-0.188175
-0.0790422
0.0454697
0.151802
-0.0470875
0.003871
0.136277
0.0410034
-0.241066
-0.17315
-9.43588e-05
0.226888
0.0285543
0.142831
0.144216
-0.0273867
0.0245263
0.0158117
-0.0176893
0.183932
0.0185941
0.00902144
-0.031479
0.108399
-0.0732438
-0.0493928
0.11638
0.0613584
-0.0686632
-0.1842
0.102966
-0.00657996
-0.0841656
0.131008
0.220729
-0.0278081
-0.0755999
-0.159952
-0.0278475
0.00272668
-0.156798
0.0330885
0.099848
0.0751778
0.0579287
-0.084124
0.0434171
-0.00209649
0.0411505
0.0672884
0.0335613
-0.112079
0.0572361
0.0913823
0.0619393
-0.0652009
-0.0359478
-0.0481034
0.0121989
-0.0951292
-0.0629597
0.0681085
-0.163785
0.0998045
-0.0997158
-0.0736132
0.0789329
0.0351277
0.00997603
-0.00194146
-0.290301
0.116792
0.148235
-0.0710356
-0.250482
-0.0404677
-0.0599027
-0.0308734
0.147495
0.142383
-0.0400101
0.0989222
-0.0181656
-0.110779
-0.190541
0.134233
-0.156318
0.0819061
0.178155
-0.000450692
0.00459611
-0.0285119
0.223819
0.193039
-0.0669574
0.144053
-0.0450803
0.0583157
0.0338683
-0.0229665
-0.0990666
-0.00910222
0.113144
-0.00523221
0.040585
-0.158822
0.0150947
-0.0424795
-0.147597
0.0583169
0.0533493
0.0245204
-0.00741086
-0.085666
-0.100436
0.0083491
-0.0321022
0.0227756
-0.0667831
0.112622
-0.239655
0.066104
-0.0764383
0.231484
-0.0204042
-0.0142188
0.00622322
-0.15531
-0.0622062
-0.0712824
-0.0151972
-0.139868
-0.101506
0.107079
0.0881959
-0.0175033
-0.103152
-0.195293
-0.0302546
0.368178
-0.146543
-0.169365
0.1838
0.209231
-0.0567552
0.0654093
0.0758342
-0.133822
-0.110511
0.0566971
0.101325
-0.121603
-0.0858987
-0.0643263
-0.0281384
0.0232667
-0.251078
9.60906e-05
0.0881097
-0.199617
-0.0157535
0.0311913
-0.167686
0.0654915
-0.105429
-0.0227089
0.282875
0.00935702
-0.166741
-0.135225
-0.171897
0.0361277
-0.168426
-0.0267738
0.174226
-0.00838193
-0.216097
-0.214539
0.0620375
0.360715
-0.122585
-0.250297
-0.345521
0.0746821
-0.0646922
-0.0376226
-0.185604
0.0552271
-0.273904
-0.390955
-0.334762
-0.273888
0.557325
-0.0563583
0.167427
0.526666
0.0424035
0.0974435
-0.300198
-0.233529
-0.348979
0.294797
0.198124
0.321984
0.0350587
-0.0534088
-0.219135
0.39266
0.114928
-0.0159224
0.233585
-0.140775
0.12646
0.139538
-0.229475
0.0750741
-0.139478
-0.182982
-0.000762664
-0.0188672
-0.424234
0.17365
-0.160789
0.166608
0.10062
0.073047
-0.00142933
-0.250965
0.0326445
0.014487
-0.199256
-0.046587
-0.305258
0.0245158
-0.139244
-0.174355
0.245589
0.180459
-0.32791
-0.147204
0.392429
-0.2387
-0.108814
-0.226866
-0.192961
0.167572
-0.276662
0.343683
0.383151
0.0729982
0.462493
-0.244084
0.220568
0.0588574
0.171855
-0.106824
0.0669543
-0.153379
0.170214
-0.0830038
-0.0911775
0.0965679
-0.0557286
0.170148
0.0816891
0.0772044
0.0910209
-0.231174
-0.0880171
-0.209502
0.0768561
-0.00475791
0.243352
0.0612978
-0.104631
-0.0402872
0.192287
0.212248
-0.0344364
0.0250077
-0.212012
0.276017
-0.0273041
-0.0190289
-0.148552
-0.0345968
-0.120827
0.0624597
-0.22426
0.138609
0.0056372
-0.0373087
-0.135228
0.23247
-0.0817258
-0.132324
-0.0773927
0.129215
0.0181805
-0.0548651
-0.0315353
-0.161584
0.0454756
0.00488856
0.326608
-0.0048415
0.222256
-0.0656611
-0.141857
0.192114
-0.000107808
-0.0141329
0.0581297
-0.145309
-0.039502
-0.141162
-0.158269
-0.104872
0.101717
-0.296693
-0.162917
0.12966
0.0675608
-0.231144
0.130449
0.0538457
-0.14188
-0.0544986
-0.0646951
-0.101449
0.0754059
-0.0813135
-0.127681
-0.0160142
0.212081
0.193119
-0.0712141
-0.0954692
0.131375
-0.185518
0.0716875
-0.132285
0.11689
0.0461146
-0.0756585
-0.154759
0.0951673
-0.0938292
0.0822541
-0.261692
-0.0839448
0.0431175
0.338767
0.0164548
0.348136
0.0423308
0.0869885
0.0188605
0.227167
-0.358671
0.120878
-0.0549096
-0.0164513
-0.0579672
-0.17901
0.120705
0.257807
-0.0506445
0.0273458
0.0122812
-0.0186552
-0.141035
0.064343
-0.0377038
0.193102
0.0628366
-0.123115
0.154162
-0.0175852
0.214716
0.0835892
-0.0829309
-0.139431
0.176775
0.032739
-0.0100286
-0.00676405
0.149268
-0.0380259
0.084259
-0.0511801
-0.101088
0.141774
0.124568
-0.0297763
-0.0321007
0.0783694
-0.0250665
-0.252336
-0.0113013
0.0400402
0.0910915
0.0144765
0.193777
0.0182706
-0.0376276
0.145829
0.035326
0.0470453
0.149967
0.0394661
-0.0240659
-0.120489
0.0908833
0.127529
0.0103207
-0.0996425
0.221381
0.0090981
-0.0155311
-0.153535
0.0099478
-0.142113
0.0184216
-0.0830118
0.107082
-0.0978581
-0.0176345
0.079926
0.115685
-0.0813362
0.188135
0.0339917
-0.0560187
-0.135719
0.095026
0.057143
-0.0343266
-0.0643798
-0.124209
0.117365
-0.147255
0.094667
0.00505889
-0.0711602
0.172505
-0.021652
-0.072918
-0.0181104
0.0285166
-0.103124
0.0272037
-0.178213
0.0167655
0.0725328
0.0355586
0.0306407
0.0990398
-0.0640203
0.0656358
0.0016152
0.0911376
0.0260728
-0.0204729
0.0296471
-0.102289
0.00654328
0.0303451
0.00060195
0.0605114
0.0514212
0.137736
0.0417916
0.0165511
-0.0642154
0.0998532
-0.0824412
-0.120448
0.0542584
0.0217194
-0.0375718
0.14197
-0.0325988
0.131783
-0.0316011
-0.130932
0.0605309
-0.192803
-0.0607162
-0.0641964
0.0971342
-0.105966
0.220941
0.0198189
0.0937527
0.0436005
0.0472609
-0.0527731
0.0477683
-0.00645227
0.0699817
0.0394305
-0.0259512
0.0315715
-0.102902
0.0514397
0.0129143
-0.150938
0.0330406
-0.0471232
0.021553
0.150731
0.012602
-0.0111692
0.035945
0.0787783
-0.0546333
-0.0136813
0.059151
-0.0458495
-0.0580866
-0.00515838
0.113913
-0.00141712
-0.0764434
-0.0641842
-0.0912519
0.0798429
-0.0846789
0.0157569
0.160972
0.0171892
0.0431749
-0.00236222
0.112014
-0.0327602
-0.0177352
0.0467569
-0.0771393
0.0732123
-0.0856552
-0.0106643
0.114166
0.0273149
-0.0569515
0.0661639
0.0125487
0.117287
-0.00468352
0.0391455
0.0281412
-0.0180817
0.0168955
0.123246
0.00144201
0.0205261
-0.0309854
0.123192
0.0129125
0.0236445
0.0495075
-0.0892728
0.0477527
-0.0534592
0.0826033
0.0135244
0.0684898
-0.00930396
0.077415
-0.0321179
-0.0209146
0.120337
-0.0984604
-0.13703
0.0497661
-0.0263107
0.0364457
0.00678029
-0.0840649
0.0183583
0.124773
-0.0258481
0.0501456
0.10611
-0.0489206
-0.0548323
0.0970999
-0.0447851
-0.0414115
-0.025751
-0.0273074
-0.0166661
0.0401269
0.0108364
0.000262026
0.0957893
-0.0595214
0.0168685
0.0333056
0.0172164
-0.0838517
-0.05796
-0.14741
-0.15341
0.123826
-0.144538
0.0560676
0.116809
-0.0127334
-0.112362
-0.130422
-0.0132459
-0.0239786
0.162329
-0.0101928
0.129209
0.0402762
-0.00701222
0.0527813
0.0847858
0.0764275
-0.0209681
-0.0666759
-0.0106147
0.051477
-0.138574
-0.0112508
0.00593706
0.0509842
0.0106588
-0.156793
0.0529829
0.13993
0.00587583
-0.0445494
0.0226949
-0.138908
-0.0761977
-0.0593377
0.0916048
0.0184172
0.0176701
-0.0674566
-0.138205
-0.105957
0.0763324
0.0166915
-0.00765822
-0.00675139
-0.106433
0.0679359
-0.0257778
0.00468348
0.0400413
0.0169029
0.159753
0.016966
0.056703
-0.00535246
0.00463896
0.0337461
-0.0744997
0.0523416
0.158383
0.015421
-0.0954479
0.0453304
-0.0988619
0.0595403
0.0136831
-0.0133297
0.0262012
-0.0416719
0.0362961
0.0847065
-0.0298506
-0.0546795
-0.00952473
0.0251151
0.0407547
-0.104857
-0.0315838
-0.0818174
0.0189748
-0.0827861
0.0333046
0.0138293
0.00708682
-0.0329649
-0.0430989
-0.0480056
-0.00444991
0.0703307
-0.134301
0.0271143
-0.0975707
-0.0196289
0.0987662
0.00538751
0.0456316
0.0117158
0.0443773
-0.06282
-0.00964373
-0.16455
-0.156018
0.0117416
0.128904
-0.0301648
-0.117438
0.0147554
0.135628
0.0219338
0.123665
-0.036041
0.0650355
-0.0243388
0.00465356
0.079686
0.00117644
0.0242221
-0.0781183
0.0462016
0.0151121
0.111501
-0.0419367
0.0686378
-0.0449596
0.0188844
0.0494136
0.0168908
0.02227
-0.0707968
0.0278982
0.0448481
-0.0564258
0.0630693
-0.140359
-0.0468065
0.0157766
-0.0595404
0.05909
0.0426095
-0.00197364
0.150665
0.0323823
-0.00608023
0.066505
-0.100322
-0.0755511
0.0200309
-0.0227047
-0.0732729
-0.0934628
0.0444045
0.0523802
-0.0973285
0.00389689
0.0256091
-0.0976291
-0.00849102
0.147607
0.12797
0.0181105
0.0244503
0.0027425
0.000265363
0.11136
0.160273
0.0386625
-0.0109821
-0.00695586
-0.0100559
0.0904821
0.0906841
-0.00304057
-0.0710401
0.0552312
0.0136124
-0.112241
0.0587841
-0.00254866
0.04087
0.00752831
-0.0345584
-0.0403845
0.148405
-0.00873326
0.00705438
-0.00772648
-0.111266
0.0485617
0.0542148
-0.0104323
0.0894973
0.0391331
0.0194263
-0.0208391
-0.0749973
0.00360003
0.0899969
0.0341198
0.00462867
-0.0431462
0.0712853
-0.000741659
0.000824063
-0.0134407
-0.0815249
-0.117401
-0.0363439
0.0349971
-0.0143213
0.0341688
-0.0611824
0.0397353
-0.0866758
0.0598655
0.096283
-0.0953544
-0.0781347
-0.0643545
-0.0353403
0.039963
0.0483249
0.00408751
-0.0271963
0.0842466
0.0686725
0.0317301
-0.0276953
0.109825
-0.0108951
0.00482525
-0.0861221
0.042026
0.0690172
0.00696679
0.0329435
0.00181784
-0.0795495
0.00699318
-0.14612
0.0559169
0.0786286
0.0926374
-0.0643488
0.0564208
-0.00272672
0.00322241
0.0957834
0.0260682
-0.0481034
-0.102373
0.0185411
-0.0761211
0.0560887
-0.0755229
-0.0811466
0.0179962
-0.00470616
-0.0494644
-0.102485
0.00699587
-0.00947119
0.0243851
-0.0762514
0.136786
-0.00694327
-0.0651795
0.0272452
0.0447083
0.0226595
0.0595318
-0.0837996
8.46593e-05
0.0552984
-0.118314
-0.100521
-0.168618
0.029363
0.0591625
-0.133435
0.19544
-0.0677318
0.0862499
-0.0895487
0.0402059
-0.114456
0.11852
0.0457955
-0.00852225
0.123931
-0.025721
-0.0109216
0.0637397
-0.107632
0.0418427
-0.100839
-0.0459063
0.100357
0.0693316
0.0996889
0.0464522
-0.0151238
0.0384367
0.00175885
-0.0340593
0.0637454
0.00968119
-0.0609136
0.0899842
0.0167875
-0.068908
0.0124502
-0.00208788
-0.0216562
0.0522626
-0.0235094
0.0225934
0.0256994
0.0221532
0.0362352
0.0494251
-0.00706929
-0.0204963
0.00222452
-0.108921
-0.0765794
-0.00738794
0.0909606
-0.0143249
-0.0712622
0.0260713
0.0879381
-0.0837529
0.02449
0.116114
0.0623537
0.0226896
0.00883255
0.0262063
0.011571
-0.0554502
0.0670891
0.0474733
-0.0662814
0.0539681
-0.0377633
0.0173157
0.045625
0.0558758
-0.0770011
0.00947549
0.0707412
0.00739205
-0.0740057
-0.0766773
-0.0268621
0.0672234
-0.0182889
0.0703709
-0.060125
0.0282438
-0.118458
0.00737832
-0.010003
0.00565868
0.0165476
-0.0341082
-0.0657561
0.0231216
-0.0603107
0.0594033
-0.0319744
0.0981587
0.0103197
-0.029267
0.125399
0.024051
-0.0380061
0.0793324
-0.00741326
-0.0757359
-0.0328675
0.00464379
0.0825754
-0.0558138
-0.0789448
-0.0916298
0.0364564
0.00551461
0.00279729
0.000246783
0.0101128
0.0882779
0.00920012
-0.0171858
-0.100199
-0.149991
-0.0410406
0.0369442
-0.0719195
-0.0207402
-0.0608666
-0.00713521
0.0823391
0.0297055
-0.101004
0.14845
-0.151337
0.0151863
0.166378
-0.023707
-0.0432176
-0.105305
0.164139
0.0715055
-0.0352731
0.0992761
0.0425515
0.00163929
0.0218588
-0.0345704
0.0168905
0.0841085
0.0304987
-0.00777807
-0.0385745
0.0178846
0.0936947
0.0439169
0.0525745
0.0507139
0.0346678
0.0208378
-0.0854418
0.00015905
-0.0638225
0.120838
0.00324143
-0.0236628
0.0127485
-0.0502169
-0.0121757
0.0280692
0.00841337
0.055383
0.0418083
-0.0141527
-0.0285235
-0.0585621
-0.00238139
0.0251347
0.0421193
0.00425737
-0.0959931
0.0129637
-0.0298497
-0.048987
0.16297
0.0366603
0.000157051
0.0935554
0.0364964
-0.00356611
0.0347541
-0.0629401
0.0120451
-0.0364126
-0.0390494
0.0554826
-0.184963
0.0184532
0.0240252
-0.0172227
0.0720898
0.07734
0.0115224
-0.0399177
0.0185753
-0.0910201
-0.0537307
0.00782903
-0.0812767
0.0862557
-0.0147859
0.0253678
-0.0326502
0.0998279
0.034983
0.073014
-0.0166109
-0.0327592
0.0748538
-0.0378228
0.0127269
0.0363067
-0.104554
0.0822743
-0.0162767
-0.0148271
-0.0699284
-0.0186364
0.0202791
-0.0489278
0.0732243
0.0198775
0.103425
0.0426073
0.0177124
0.0146981
-0.0166135
-0.0603312
0.0600247
-0.0258564
0.00982869
-0.0102896
-0.0645899
0.0744191
-0.0202832
-0.0417714
0.0229882
0.062372
0.0430184
-0.0192322
-0.103973
0.00848733
-0.0776569
0.0120403
0.00776024
-0.0294432
0.172161
0.0174207
0.0116732
-0.00137261
-0.0242041
-0.0488152
0.0281534
0.0329621
0.00679304
-0.0414405
0.061259
-0.0408995
0.0335865
0.102427
-0.00830057
0.00362291
-0.0172961
-0.128807
-0.113048
0.0252152
-0.018712
-0.169845
-0.0672164
0.0412838
-0.0392235
-0.0435949
0.0158241
0.113059
0.0570302
-0.160003
0.0810304
0.122233
0.0195033
-0.179601
-0.0113873
-0.0611113
0.0141603
-0.0448565
-0.127779
-0.10333
0.0517581
0.210128
-0.0368466
-0.0915052
-0.000161273
0.0969386
-0.0528466
-0.00883499
0.0485761
-0.0912544
0.0547241
0.213358
-0.0209982
0.0783414
-0.0727533
0.0249117
-0.0677285
0.0146872
0.0407897
-0.109992
-0.130435
-0.0491429
-0.0138423
0.0191798
0.18385
-0.0851361
-0.0710209
0.164885
0.0630094
-0.00378358
-0.0410808
0.120784
-0.0147933
-0.0450624
0.0598558
0.0134437
-0.0071104
-0.0281003
-0.0336834
-0.0435875
0.0461825
-0.0399441
0.0115979
0.136035
0.0763271
0.0158124
0.0370801
-0.0367718
0.0100141
-0.0449879
0.0237153
-0.00748702
0.0515237
0.0191861
-7.66709e-05
-0.0034508
0.0549942
0.0170715
-0.0994074
-0.0481059
0.037795
0.00477206
0.10388
0.0377018
-0.0135897
0.0272367
0.0099203
-0.0217466
0.0519014
-0.0540256
-0.0246885
0.0877654
0.0748865
0.00187061
0.0191349
-0.0246729
-0.0339686
0.0209347
0.120031
0.022194
-0.026935
0.00799929
0.0204136
-0.0256717
0.0949587
0.0204512
0.0250853
-0.0365885
0.0139926
0.00731818
0.0119902
0.0613342
0.002614
0.0350776
0.0495076
-0.0848755
0.0042827
7.25724e-05
-0.0737871
-0.00343674
-0.0222577
0.112826
0.0221529
0.020805
-0.0534724
0.0186284
0.0254582
0.0633634
0.0240162
0.0228156
0.0102822
-0.00499697
0.0164805
0.0233543
-0.0366222
-0.136912
0.0348188
0.0915949
0.00821396
-0.0280266
0.0884593
0.0399451
-0.0131558
-0.0397846
0.0181035
0.0226719
-0.0104794
0.0116824
0.086519
0.0112179
-0.0323558
0.0215588
-0.01418
-0.0368073
-0.0533041
0.0434282
0.0699082
-0.0147989
-0.0452335
-0.0119934
0.0122754
-0.0610316
0.0221785
-0.00516823
0.0193848
0.0632691
0.0483438
0.0081743
-0.00894317
-0.0297516
0.0289128
-0.0529185
0.0353568
0.0846553
-0.113338
-0.0120868
-0.0109751
0.0575553
0.0657122
0.0533949
0.0169297
-0.00967058
0.00697757
0.0139406
-0.0117999
-0.0710238
-0.0326667
0.0756876
0.0761499
0.0103705
-0.00872148
0.0284027
-0.014054
-0.00857924
-0.0357
-0.0125493
-0.353427
0.0554555
-0.0259788
-0.114683
-0.0945217
0.153748
-0.0246827
0.0710132
0.00684555
0.0266956
-0.205786
0.0666881
0.0367699
-0.038356
0.108355
0.0631357
0.169366
-0.00348483
0.0109383
0.00967424
-0.0620355
-0.0799768
0.0373271
-0.0117465
0.0259365
0.0923733
0.0111222
0.030453
0.00588567
0.0261321
-0.0659451
0.0618708
0.0348198
0.106939
0.0204765
0.0069294
-0.0120276
0.0921809
-0.023067
-0.00351192
0.10088
-0.00782695
-0.00120469
-0.0786178
0.0264765
0.0645159
0.0431577
0.021476
0.0256045
-0.0116664
0.0321823
-0.140546
0.0959531
-0.0179462
-0.0130478
0.0858949
-0.00918434
0.0658872
0.0154207
-0.00642787
-0.0120798
-0.0974993
0.0543789
0.0156897
0.0795191
0.00254831
0.0373008
0.0184684
-0.0536135
-0.0890329
-0.177259
0.113062
0.00961287
-0.107392
0.150701
0.0480479
0.0650551
-0.0121412
0.0172934
-0.136944
0.0616141
-0.129798
-0.0321301
-0.0324347
0.0896903
-0.0041832
-0.015686
0.106393
0.035739
0.0034751
0.0329861
0.0092088
-0.14287
0.0570509
0.188757
0.0309658
-0.0192133
-0.000968089
-0.0206749
0.0445915
-0.122962
0.0485749
-0.200032
0.0465481
-0.236152
-0.161208
0.102017
-0.127273
0.0721654
0.0434989
-0.269459
0.238641
0.0614053
0.139737
-0.30098
0.00378432
-0.00495431
-0.183234
-0.140054
0.0324347
0.242696
-0.00269757
0.010855
0.116449
-0.0107293
0.11469
-0.0853998
-0.237529
0.21685
-0.0418978
0.111543
0.104138
-0.115678
0.0424287
-0.17053
-0.0127356
0.135402
0.000475697
0.0838439
0.00202143
-0.0513359
0.287896
0.0606796
-0.0674592
0.0459846
-0.0527029
-0.00342676
0.0539666
0.0389951
-0.03028
0.132021
-0.00265057
-0.0455573
0.0210223
0.0951488
-0.0322169
0.080636
-0.0171376
-0.0517185
0.0474295
-0.0841668
-0.0659491
0.0175987
-0.00752924
-0.259493
0.0379121
0.0876433
-0.0244443
-0.00976808
0.136935
0.037058
-0.064844
0.119207
-0.267788
0.00801832
-0.0496711
0.119772
-0.298097
-0.00576195
-0.1439
-0.100385
0.286778
-0.0709441
-0.133005
0.052167
-0.176145
0.0447621
-0.160551
0.167495
-0.23513
0.148198
0.281596
0.00476395
0.0774016
-0.0590476
-0.0656173
0.150759
0.14925
-0.0177955
0.0748194
-0.255959
0.0603192
0.0122353
-0.138416
-0.151349
0.0626019
-0.0136177
0.0488824
0.165324
0.0804457
0.00808254
-0.143175
0.0143492
-0.0687516
-0.145431
0
-0.24858
0.0321804
-0.185227
0.135321
0.0791675
-0.136887
0.10812
-0.252409
-0.0562789
-0.295242
-0.0606373
-0.111471
0.212155
0.100125
-0.159993
0.174035
0.0613343
-0.0477539
0.166332
0.121632
-0.105179
-0.325185
-0.076528
0.0785478
-0.0421258
0.0587175
0.0723964
0.135124
-0.135124
0.00837394
-0.00896705
0.0830628
-0.129509
0.0784975
0.137181
0.068941
-0.00919853
-0.0898212
-0.274634
0.0053344
-0.0345361
0.0522469
-0.222599
-0.0844595
-0.155843
0.364571
-0.0903627
0.0511385
-0.210023
-0.0899902
0.415349
-0.24587
0.236623
0.152052
0.0230126
-0.0880442
-0.115267
-0.0798193
0.0567115
0.35267
-0.0193593
0.0130077
0.00795705
0.0156037
-0.0511308
-0.0812496
0.0446403
-0.205845
-0.0338952
0.0458925
0.224377
0.00622649
0.179765
-0.015548
-0.088492
0.0289564
0.0642169
0.0647372
-0.0105218
-0.0389623
-0.0385374
0.169955
0.0323033
-0.0454387
0.0762279
-0.182798
0.0366276
-0.0674815
0.109605
-0.00384805
0.0399759
0.105289
0.012496
0.00897622
-0.0931687
-0.161837
0.0261395
-0.132985
0.0682295
0.0395507
0.0532073
0.0151502
-0.105599
-0.0580463
-0.00326697
0.193085
-0.313763
0.00793406
-0.02441
-0.170387
0.0327433
0.149342
0.000808773
-0.0679439
-0.097593
0.0374538
-0.18717
0.000531122
-0.0281884
0.0582645
-0.298051
-0.0372434
0.0126643
0.038286
-0.183713
0.0109332
-0.0842082
0.169362
-0.230395
0.0696538
-0.111519
-0.0906891
-0.109611
0.247546
0.11941
0.00285601
-0.00539537
0.134019
0.0405598
-0.233961
0.0415887
-0.187716
0.230875
0.165345
-0.132309
-0.0559405
-0.0900648
0.283141
0.0334879
-0.180965
0.236119
0.0691874
-0.121239
-0.0291991
0.0550654
0.0406773
-0.15213
-0.0935853
0.0617813
0.0249191
0.11269
-0.198206
0.0367956
0.0795094
0.147311
-0.138186
-0.0410091
-0.0203717
-0.303788
0.044209
0.203027
-0.347345
0.0613057
0.137119
0.0211936
-0.48283
0.173633
-0.482798
0.424288
0.394674
-0.389868
-0.157561
-0.0197971
0.194658
0.0316243
-0.920024
0.527853
-0.0455441
-0.411249
-0.135985
-0.392793
-0.591078
-0.113974
-0.79224
-0.11829
1.09572
-0.0533638
-0.946951
0.416289
-0.062322
0.465828
-0.31284
-0.629531
0.125549
-0.351208
-0.322797
1.02457
-0.111409
0.254767
0.152486
-0.0253224
0.400145
-0.541153
-0.515712
0.284462
-0.127339
-0.222872
-0.532888
0.669226
-0.425935
-0.261494
0.097903
-0.631055
-0.694818
0.61328
0.627143
0.0652939
0.347184
0.0959692
-0.935366
0.391637
0.255081
-0.297465
0.35849
0.376689
-0.233889
0.11824
-0.289388
0.0700388
-0.127669
0.500848
-0.0963916
-0.213899
0.0293262
-0.184716
-0.0976495
0.0576444
0.0534192
-0.0388011
0.24114
0.140591
0.311188
-0.0467931
0.0778674
-0.304691
0.0339136
-0.215332
-0.228226
0.0175655
-0.340325
0.013283
0.0753313
-0.54262
0.42572
-0.152785
0.0536324
0.0553786
0.108663
0.330068
-0.336811
-0.230528
-0.00532907
0.157099
-0.0751766
0.162332
0.265407
0.0148405
-0.503686
0.0792346
0.0173764
-0.10048
-0.466294
-0.00950817
-0.120969
-0.114786
-0.353154
0.393201
-0.10715
-0.159057
-0.238465
-0.477419
-0.0642739
0.234754
-0.434633
0.0121529
-0.100743
0.617187
0.0244282
0.399211
0.0770924
-0.0352216
0.316343
0.206434
-0.130641
-0.199674
0.683664
-0.206264
0.0958032
0.230526
-0.205247
-0.354394
0.130442
0.16421
0.283222
0.0968473
-0.0836725
-0.241437
0.117146
0.373471
0.0253019
-0.202685
0.124709
0.154193
0.0495707
-0.437323
0.210294
-0.0771129
0.0987345
0.166578
-0.101176
-0.0274425
0.213798
-0.009505
0.0538186
0.333073
-0.0379893
0.172546
-0.132903
0.237839
-0.217472
-0.00979319
-0.272632
0.102984
-0.114757
0.299366
-0.0173833
-0.0514463
-0.168996
-0.0149831
0.259622
-0.191534
0.153012
0.134834
0.2549
0.0198134
-0.138345
0.114182
-0.0251786
-0.0101105
0.0349708
-0.0348644
0.0609331
0.0139601
-0.240555
-0.128019
-0.0138258
0.0837584
0.0310937
-0.310784
0.0230407
0.0650322
0.212176
-0.0147894
0.0902434
-0.0856738
0.0435243
-0.295776
0.0256248
-0.198799
-0.016699
0.0354095
-0.0402995
0.24628
0.0530194
0.291995
0.0860464
-0.00382751
0.113667
0.036207
-0.00534409
0.230226
0.0303751
0.0297741
-0.0260985
-0.0457344
0.118254
0.00739529
0.152256
0.0300755
-0.0291779
-0.0564058
0.133497
-0.0335055
-0.127409
0.114592
0.0685647
-0.08568
-0.245599
0.100945
0.0683744
0.108893
0.184515
-0.00545889
0.0236661
0.00116725
0.0277791
-0.0199038
-0.0810914
-0.223722
-0.0330191
0.0849859
0.130322
0.0880606
0.0775228
0.103683
-0.0135131
0.0631912
0.031304
0.152073
-0.0306431
0.0263381
-0.034131
0.0655335
-0.101195
-0.0955658
-0.0610934
0.176529
-0.0223207
-0.0333382
-0.260972
-0.0451569
0.147655
0.136124
0.0270795
0.0744212
0.056248
0.0437682
-0.027915
0.173937
0.0414881
-0.0813102
0.0936138
-0.0625867
-0.088932
0.105874
-0.122533
-0.117865
-0.0332339
-0.197344
0.222701
-0.28466
0.0643559
0.0242304
0.0104211
0.190529
0.0250008
0.219952
-0.000640413
0.0501936
-0.103123
0.057229
0.143639
0.00919076
-0.00468443
-0.135168
-0.0322008
0.135239
-0.0053348
0.0449402
-0.173837
0.0378581
0.120029
0.00342636
-0.0843765
0.0549437
-0.0247145
-0.103044
0.0366564
0.058227
0.0367627
0.0693534
-0.0556247
0.0112759
-0.118808
0.0581294
0.104489
0.0355724
0.0229607
0.0524239
0.0115337
-0.0140196
0.00195328
-0.101004
0.159161
0.0311081
0.00545376
0.0399328
0.0287755
0.0174523
-0.0942544
0.0829138
0.0242357
-0.108822
0.124222
-0.106544
-0.191266
-0.223898
0.0458754
-0.0421207
0.0486832
-0.118882
-0.0987777
0.141654
0.128895
-0.0548943
-0.316358
0.0289297
-0.0890285
0.129558
-0.0223506
0.0963391
-0.027484
0.178407
0.0422899
0.0656317
0.021842
-0.0104637
-0.121766
0.0967351
-0.0208316
0.0140435
0.101073
0.0232764
0.00429127
0.0372922
0.139103
-0.00175654
0.0171131
0.0451432
0.0403337
-0.0021737
0.00452076
0.0774906
0.058048
-0.00325895
-0.0509949
0.0508233
0.0714539
-0.0550839
-0.0170563
0.00737463
0.0566714
0.000426168
-0.0327827
0.0738652
0.0789676
0.0168288
-0.0589405
0.0336867
0.0666162
0.0176506
0.00685109
0.110884
0.00842168
-0.16258
0.0451113
0.0802603
-0.0101943
0.0226124
0.0709828
-0.0430572
-0.236596
0.0644194
0.128601
-0.167877
0.130352
-0.241272
-0.0658263
-0.329142
-0.154266
0.430347
-0.0340313
0.13646
-0.122194
-0.189791
0.0110885
-0.142977
-0.0514347
-0.397557
0.149127
-0.129921
0.0035387
-0.0567701
0.323472
-0.124519
-0.173143
0.255144
0.0404324
-0.350175
-0.136244
0.109162
-0.0595934
0.290798
0.0437011
-0.0180632
0.232225
-0.00556094
0.0128214
0.0131629
-0.0386425
-0.162013
-0.0298992
-0.169462
0.0285522
-0.0203595
-0.315083
-0.101644
-0.0324575
-0.0467329
0.0534469
0.308501
0.0936867
0.071781
0.00732597
0.152619
-0.00155215
0.0119545
-0.292429
0.0596407
0.113519
-0.129027
0.222636
0.0818643
0.111379
-0.0104987
-0.0694607
-0.0416731
0.00063546
0.217835
-0.0480787
0.0603285
-0.0126939
-0.0371088
0.0546807
-0.059853
-0.285833
-0.0539328
-0.040317
0.00120447
0.121185
0.0148169
-0.170804
-0.0366969
-0.0404853
-0.146188
0.0328398
-0.0771448
0.164507
-0.148287
0.00390802
0.290777
0.0903991
0.131324
-0.115375
0.0641803
0.048206
0.0485155
0.110691
-0.0071333
0.0353491
-0.00364488
0.00826575
0.150953
-0.0256737
-0.0483717
-0.0836618
0.209728
-0.0568354
0.0483873
-0.0259114
-0.0308846
0.0440668
-0.0806742
0.206467
-0.00672205
-0.0164795
0.0610364
0.00145893
0.0381142
0.0709582
-0.036481
0.0202553
0.0721762
-0.160047
0.104691
0.0177237
0.0238645
0.0214464
0.000168687
-0.0269416
0.0112415
-0.00439367
0.0094609
0.0772939
0.0367129
0.190992
0.0391515
-0.0212323
-0.0808491
0.0436659
-0.0425121
-0.118787
-0.0121821
-0.163381
0.0021214
0.152406
0.0253712
-0.015766
-0.14387
0.148127
-0.0749663
-0.013798
-0.0608875
0.213867
0.12737
0.0259991
-0.0129911
0.00514944
0.036949
0.0383541
0.0598368
0.000483703
0.00910538
-0.0513563
0.0616603
0.00836423
0.0254517
0.0601198
0.0337387
-0.0164572
0.00612494
0.0077105
0.0100862
-0.0150934
-0.00190815
0.112513
-0.0131389
0.0499459
-0.0212515
-0.018465
-0.0137728
0.0371822
0.0896727
-0.0171225
0.0735743
0.0137544
-0.101672
-0.0129577
0.0241066
0.0581932
0.0026336
0.0421206
0.0224176
-0.180137
0.0763333
0.165558
-0.0272628
0.0235147
0.028801
0.0622074
0.041761
-0.027897
0.0074922
0.0549224
0.0238214
-0.032402
0.0623799
0.0307089
0.0192291
-0.207422
-0.0613078
-0.00994835
0.104952
0.0554571
-0.158649
0.0161391
0.170724
-0.0740543
-0.083762
0.0888321
-0.0136269
-0.190513
0.0705553
-0.0606769
-0.112635
-0.196875
0.133093
0.0429313
0.148825
-0.035569
0.0290973
0.092974
0.0315614
-0.0275154
0.0703524
0.0666241
-0.0183114
0.0495065
0.00345179
-0.00180079
0.0218127
-0.0152114
-0.0401251
-0.0279723
-0.0780715
0.00190217
0.000836842
0.039177
-0.11079
0.0571483
0.134244
0.0526289
-0.0159394
0.0893952
0.0623037
0.0354916
0.0229802
-0.0175424
-0.0338504
-0.0687888
-0.0911124
0.0381266
0.045338
0.0804162
-0.111736
0.0488344
-0.0810004
-0.0622368
-0.00368636
0.0876522
0.0217563
-0.0771801
-0.119972
-0.00827749
0.0317816
0.0394534
0.0407259
0.10537
-0.230483
-0.012255
-0.0978156
-0.108185
-0.00956785
-0.0419576
0.0735046
-0.140785
0.00668552
0.125329
-0.175856
0.0175282
0.030404
0.053807
0.133342
-0.0648946
-0.0283198
-0.11795
0.0914252
0.128612
0.0824864
0.100684
0.143068
-0.0133704
0.0100108
0.103996
-0.0698552
-0.182561
-0.0444339
0.0310106
-0.067388
0.0553904
-0.0816306
0.161771
-0.00671047
0.134552
0.00907461
-0.0565902
-0.0411334
-0.205178
-0.0323923
-0.0647142
-0.0414079
-0.25889
0.0500321
-0.490016
-0.00575132
-0.689583
0.463174
-0.451568
0.452506
0.0524784
0.215508
-0.0978629
0.00946934
-0.456186
-0.151228
0.00258082
0.337102
0.130347
-0.15688
0.150084
0.278876
0.023442
0.0490993
-0.119425
-0.25607
-0.0746409
0.282438
-0.106689
-0.270685
0.0694153
0.0907875
0.133897
0.170411
0.0569046
-0.0985091
-0.0166239
-0.29831
-0.324025
0.0606359
0.230681
0.106316
-0.209082
0.0808152
-0.252913
-0.288635
0.222393
0.177078
0.181382
-0.081968
0.335556
0.00543835
0.0974708
-0.0297813
0.17231
-0.1956
0.20213
-0.127298
0.0454383
0.186341
0.127909
-0.202484
0.104815
0.337166
0.00389154
-0.250487
-0.2834
0.159764
0.186076
-0.0629978
0.06276
0.116673
-0.373853
0.0857915
0.193013
-0.0959608
0.0480558
-0.167558
-0.169426
-0.00394773
-0.188245
-0.0414949
-0.22343
-0.0268912
0.288211
0.022113
0.424034
-0.0191047
-0.00241074
0.102345
0.0110513
0.0201629
-0.213685
0.167424
-0.150264
-0.0872396
-0.114132
0.0323781
0.0321096
-0.118022
0.293892
0.0194767
0.0823155
0.0899452
0.000790276
-0.125565
0.106502
-0.0430054
0.153554
0.00187914
0.0293939
-0.0254019
0.0225913
0.0884652
0.0030953
0.0233387
-0.0496018
0.035466
0.110467
0.0492653
0.00669232
0.00471236
-0.0102636
0.0863413
-0.0576296
-0.0159407
-0.0252535
-0.0045707
0.0886029
0.0109449
0.144997
-0.00423913
0.0202127
0.0215795
0.0147303
-0.0691017
0.0677702
-0.00939951
-0.0539773
0.109653
0.0234622
0.00719678
-0.0334575
0.0426296
0.0167082
0.0135366
0.0335065
-0.0474824
0.0613922
-0.0325106
-0.0387716
-0.154895
0.0687691
0.0977003
0.036247
0.00160469
0.179691
-0.0119703
0.059495
0.0111872
0.03966
-0.0300504
-0.0187295
-0.0723264
0.0310407
0.137903
-0.0282076
-0.0495377
-0.0160922
0.0369166
0.0747658
-0.0399659
-0.102549
-0.00629237
-0.114234
-0.17229
0.0742129
0.136853
-0.125535
-0.00503681
0.153679
-0.0406352
-0.059521
0.0116859
-0.0844305
0.03673
0.135524
0.0665792
0.0241141
-0.038911
0.056425
-0.0249989
-0.0768827
-0.16279
0.00350534
-0.0428786
-0.0672482
0.0251422
-0.0339311
-0.11175
-0.0576245
-0.0441356
-0.151657
-0.0741519
0.159087
0.00486208
0.0169229
0.0137903
-0.021679
0.11018
-0.144386
-0.0227927
-0.249514
0.00109537
0.0571056
0.227878
-0.00106459
0.0808139
-0.127004
0.115834
-0.0704799
0.107566
0.102848
0.0144366
0.0976787
-0.0168775
-0.225133
0.0714898
-0.160835
0.0476135
0.0894479
-0.0211208
0.246148
0.0245631
0.0621276
-0.04698
-0.0947749
-0.0164011
-0.0815913
-0.000149091
-0.0499962
0.163627
-0.0231699
0.0738233
0.0665829
0.0271343
-0.101126
-0.0894897
-0.0908208
-0.00313878
0.164057
0.189008
-0.00483533
-0.043261
-0.0303508
-0.0740112
0.188613
0.0232657
0.0509377
0.00620637
0.00413544
0.0218609
-0.0125268
-0.00128203
0.0113901
0.0707543
0.0187037
-0.000211544
-0.0350369
0.00226416
-0.0810498
0.0643395
-0.00489089
-0.00808585
0.00844035
-0.0783642
0.0506049
-0.0116663
-0.0106823
0.202295
0.0404176
-0.0616674
0.0312998
0.0209051
0.161782
0.0395112
-0.0312953
-0.012806
0.0118478
-0.00540853
-0.000753319
-0.0223514
-0.105574
-0.0575324
0.0960267
-0.0448782
0.0264803
0.008719
0.0361786
0.071488
-0.00321661
-0.0346269
-0.0994017
-0.0620731
0.00195435
-0.0297054
0.0804544
0.102175
0.0410861
-0.0244667
-0.167101
0.00439482
-0.145493
-0.0309016
0.0299109
-0.00729227
0.00155802
0.108673
-0.0942371
0.0216143
0.0782251
-0.239905
-0.122799
0.0169728
0.0013044
-0.0399338
-0.139488
-0.0159479
0.0482824
0.196674
0.00663135
0.0231751
0.129422
-0.0203165
-0.0524022
0.0782525
0.0426063
0.00162422
-0.0475645
-0.0171134
0.0158362
0.033012
0.0291666
0.00338431
0.0652759
0.00448129
-0.0634147
-0.0414398
0.118007
0.114211
-0.0761816
0.0547319
-0.09423
-0.0244329
-0.047989
-0.012192
-0.111115
0.168001
0.25086
-0.0208776
0.0485332
-0.0312803
-0.0324765
0.0265235
0.0756872
-0.000475516
-0.00931108
0.0112809
0.00196946
0.056271
0.0339747
0.0441828
0.0150634
6.68979e-05
0.054307
-0.018514
0.0509306
-0.0390724
-0.0256661
0.100025
-0.116058
0.103626
0.00549049
-0.0180704
0.0564197
-0.00606272
0.0159397
0.00592152
0.00690401
-0.0104565
0.0730976
-0.124817
-0.0632307
0.0873426
-0.184793
0.060909
0.126457
-0.00864495
0.0232123
0.0460013
0.0952049
0.0108398
0.0181481
0.044711
0.0324387
-0.0240615
0.0131316
0.0558738
-0.0161975
-0.0552559
-0.0242546
0.0667517
-0.0831698
0.0714867
-0.0334558
0.0775491
-0.00588495
0.0404849
-0.0448368
0.0515896
-0.106021
0.0404025
-0.0430418
0.0628301
0.0353804
0.121154
0.0354595
-0.0284079
-0.232341
0.142059
-0.144314
-0.0672354
0.0880898
0.046508
0.103653
6.33398e-05
0.0402662
-0.0184378
0.0716032
0.0248184
-0.0935148
0.0936399
0.104795
0.0190599
0.0521666
0.0413055
-0.0369398
0.043124
0.000428466
0.100911
0.0510107
-0.050223
0.102474
-0.00707909
0.0172091
-0.0830804
-0.0292814
-0.00551497
0.0632091
-0.0707289
0.036636
-0.144106
0.0591841
-0.0552602
-0.138756
0.0845443
0.127499
-0.00346906
-0.102052
-0.0840479
0.146761
-0.059024
0.0753884
0.0776095
-0.139483
-0.253284
0.0266615
-0.122193
0.0945242
0.095448
0.0618073
-0.0429884
0.0538924
-0.00545054
0.0082366
0.101501
0.0523784
0.0720367
0.00181546
0.134632
0.0308178
0.013739
-0.0371566
0.0277019
0.0502036
0.0160877
0.0203093
-0.0185365
-0.0381846
0.0255318
0.00827937
-0.0374299
0.00373744
-0.0013643
0.124626
0.0163909
-0.0148091
-0.0573946
-0.0381315
0.0387795
-0.0357639
-0.0115354
0.0277217
-0.0519005
-0.143845
-0.0331007
-0.0591784
0.0381396
-0.0579641
0.085825
0.0393922
-0.0404786
-0.160015
0.0274389
0.0196143
-0.0317932
0.0415555
0.0808423
0.0120913
0.000543766
0.0994333
0.0731892
0.0304763
-0.0338617
0.0271103
0.0567702
0.0420885
0.121041
-0.0184462
-0.0724309
-0.0473072
-0.0260057
-0.0274321
0.0347935
-0.040821
-0.0604751
0.0796675
-0.00666889
-0.0902
0.0702849
-0.0854274
-0.124087
0.00573697
0.215956
0.0626666
0.040664
-0.0708882
0.137328
0.0672132
0.0652742
0.000917126
0.0572111
-0.0473573
0.0325287
0.0438517
0.0132884
0.0556868
-0.0488791
-0.0384676
0.0289923
0.0356418
-0.0280948
0.0425646
-0.132705
0.133382
0.00722654
-0.0237316
0.0806272
0.048256
0.0421311
-0.0370504
-0.0204504
-0.0364224
0.0809572
0.0494917
-0.0126412
0.00149782
0.0248201
-0.00786042
-0.027227
-0.0319796
-0.0130436
-0.04349
0.111752
0.0181544
-0.0318472
-0.113814
-0.037777
-0.00101385
0.063001
-0.0310578
0.165109
-0.0058007
0.0480717
0.05304
0.0291153
0.0473426
-0.00336644
-0.00179228
0.0395184
-0.0890141
-0.00333029
-0.0251494
0.0606335
-0.00212224
0.00348241
0.0230404
-0.126559
0.107598
0.0515289
-0.0134803
-0.0390275
0.0276986
0.00574734
-0.0892931
-0.210965
-0.0488823
0.0612191
-0.102617
0.11204
-0.064863
-0.230966
0.0761208
-0.0203032
0.12363
0.132142
0.0156803
0.110014
-0.00269304
0.0579324
0.0479766
0.011578
-0.0654586
0.0601333
-0.0192055
0.0616746
-0.013486
0.000216786
0.0493588
0.0277887
-0.0740588
0.151523
-0.000533658
0.0171695
0.00537939
-0.00463356
-0.0509508
0.00305153
-0.117701
-0.0282579
0.0956774
0.0719366
-0.0615054
0.0602234
-0.0293699
-0.0487654
0.0439424
-0.0702497
-0.0190188
0.0462951
0.0789289
0.0701466
0.0284926
-0.0112708
-0.126165
-0.108084
0.0374358
0.10859
-0.211059
-0.0953205
0.0818368
0.0673458
0.104338
0.0136297
0.0376799
0.0408377
-0.0221575
0.017155
-0.0812937
0.032308
0.0474951
0.0298755
-0.00143326
-0.0134933
0.0186946
-0.09029
0.0560076
-0.0137459
0.0151834
0.0962623
0.00421707
-0.0471213
-0.0940588
0.0373996
0.0383743
-0.065196
0.080833
0.0235946
0.0423937
0.0596995
-0.0111469
0.0535276
0.0184202
0.00727549
-0.00379299
0.0188987
0.065041
0.0461709
0.00938291
-0.00246024
-0.035433
-0.0711412
0.0312963
0.00836358
0.0217023
0.0768925
0.0127666
0.0172856
-0.00132468
-0.064561
0.0488553
-0.0117955
0.0190905
-0.00372336
0.0665559
0.00658571
0.0546458
-0.0393128
-0.0707373
0.0463352
-0.0413968
0.014699
0.0483185
-0.0193399
0.0419233
-0.119046
0.102126
-0.0232296
0.050036
0.0175291
0.00488052
-0.0486094
0.00288079
-0.0453803
0.000609134
-0.20202
-0.0286321
0.0716333
-0.0973266
0.000156232
-0.0557209
0.114654
0.0275558
-0.0163796
0.0668478
0.0433636
-0.000613773
0.0849552
0.049882
0.0247473
0.0294555
-0.0199459
0.0477634
0.0105054
0.000499983
-0.0169133
0.0331491
-0.00544231
-0.00779415
-0.0153563
0.0502328
-0.0307788
-0.0656647
0.0363944
0.00881512
-0.0598045
-0.00710387
0.0745652
0.0129482
0.0487924
-0.00477403
-0.0804561
-0.0579324
0.0780196
-0.163009
0.0853927
-0.0255009
-0.0278981
-0.133371
5.13831e-05
0.111036
-0.0156635
-0.152416
0.173109
-0.208778
-0.115171
-0.16605
0.0157764
-0.0813332
0.00144957
0.128018
0.0910112
0.193854
-0.0732608
0.122283
0.0702869
-0.0150272
0.118683
-0.0138632
0.0621081
0.116631
-0.00118934
-0.0283381
0.0568433
0.037684
0.00349484
0.0311534
0.0069643
-0.00701336
0.00529726
0.00240246
0.00735089
0.051208
-0.0150225
0.0196515
0.0522321
0.0285997
-0.0115075
0.0280203
-0.0254566
-0.0685273
0.0636411
0.0375766
-0.011625
0.0166374
-0.0728299
-0.00237857
-0.164861
0.0452546
-0.163465
-0.0636281
-0.0852525
0.201481
0.237314
0.0455968
0.0380316
0.0174489
-0.00139287
0.0330404
0.0086138
-0.0490061
-0.103643
-0.00340045
-0.184472
-0.0893327
0.115627
0.177302
-0.084394
-0.0812659
-0.025819
-0.0583002
-0.0929092
0.133349
0.0154875
0.0472049
0.151544
-0.0550674
0.0256516
-0.134783
-0.135875
0.0948953
-0.130771
0.128792
0.143362
-0.041647
0.102388
-0.03424
-0.0425625
0.106189
-0.000290057
0.0959832
0.0406645
0.0159625
-0.00314284
-0.0106263
0.061078
-0.0030332
0.0275494
-0.00766077
-0.0147706
-0.0296069
0.0610629
-0.0454894
-0.0439816
0.0119536
-0.142753
0.039367
-0.171069
-0.019195
0.125227
-0.0609321
0.134429
-0.0332574
0.120851
-0.048845
0.0897235
-0.0174717
-0.0615838
-0.14666
-0.0238026
0.023657
0.121624
-0.0883464
-0.0397328
0.0352344
0.06587
-0.0206401
0.0267903
0.0444756
0.0518932
-0.0459175
0.0162836
0.0513509
-0.00778798
-0.113757
0.0919276
-0.0148177
0.0507462
0.0235495
0.0225026
-0.041499
0.0276536
-0.0374739
-0.101805
0.108638
0.0293646
-0.11908
-0.0446565
0.0376666
0.133681
-0.0510255
-0.0295402
-0.00304936
0.107215
0.00768174
0.0304333
-0.00643641
-0.00930959
0.0233516
-0.0223638
-0.103352
0.091209
-0.0126759
-0.0633845
0.020573
-0.0100916
0.0211664
-0.0866057
-0.0143721
-0.0649554
0.00418327
0.119705
0.0173704
-0.0701888
-0.0463321
0.0567368
0.0197773
0.0985398
-0.0531762
0.0607632
0.00635735
-0.0738053
-0.0297799
-0.00390123
-0.210869
0.0265486
0.0691219
-0.00308122
-0.0386922
0.0606252
-0.167929
0.0225965
0.12263
0.110053
0.0444334
-0.00735233
0.0798267
0.0110564
0.00770872
-0.0427076
-0.0239054
-0.0569221
-0.10761
-0.0579175
0.1231
0.0729211
0.000284549
-0.022742
-0.0276067
-0.0225225
0.0310983
-0.0778318
-0.0287903
0.127269
-0.0960313
0.00949613
-0.0127595
0.0390426
0.0519794
-0.0262897
-0.0828923
-0.213259
-0.323693
-0.402114
-0.136143
0.382913
0.240072
0.00608571
-0.0842711
-0.300226
0.181277
0.0116411
-0.154483
0.247736
-0.13995
0.0526408
0.04477
-0.0409803
0.127497
0.0866769
-0.0256429
-0.162963
0.0455542
-0.123949
-0.0205075
-0.0336864
-0.00465889
-0.260012
0.0123212
0.188959
0.0197198
0.142138
0.181246
-0.0359469
0.0800356
0.0877973
0.00724868
0.0127469
-0.0684881
-0.0472746
0.147436
0.0456006
0.00270485
-0.0142209
-0.0584241
0.164908
0.1097
-0.0191495
-0.0255737
0.117704
-0.00449787
-0.0482158
0.118039
0.0272436
-0.0355168
-0.0113273
-0.00347691
-0.0987135
0.0150951
-0.0323332
-0.140891
-0.112707
0.147934
-0.0134028
0.160332
-0.011237
0.0380299
-0.012357
0.0122134
-0.00129248
0.00593446
-0.0465171
0.10624
-0.110567
-0.144779
0.203179
-0.070141
-0.0651106
-0.0776904
0.0224886
-0.196139
0.0474431
0.105625
0.144106
-0.151548
-0.179575
0.0774832
0.0877812
0.123416
-0.0159989
-0.0218094
0.105736
-0.072434
-0.094564
-0.154221
0.0201024
-0.132022
-0.239858
-0.108976
0.00852901
0.0777251
-0.252824
0.165581
-0.218358
0.0053168
-0.117628
0.0518197
0.200807
-0.157615
0.140452
-0.109229
0.0551333
0.244586
-0.00443342
-0.18921
0.0497962
0.0152561
-0.186542
-0.14255
-0.00663851
-0.00188981
-0.123774
0.1933
0.163818
0.163461
-0.0467664
-0.000260715
0.143507
-0.125326
0.0442994
0.112844
-0.0187192
-0.081541
0.235884
0.0408596
0.034926
0.0330046
0.00884613
-0.113038
0.0503967
0.00155825
0.162625
-0.012618
-0.0183865
0.0558477
0.0657359
0.0439591
0.00985082
-0.00877749
-0.0640647
-0.00378132
0.00545054
0.0877803
0.0434091
-0.0204186
0.0631094
-0.0321341
-0.101964
0.104529
-0.120481
0.0278273
-0.0274355
0.0961576
0.0999009
0.00172861
-0.00984746
0.0651967
0.0307976
0.00761325
-0.052076
0.000478119
-0.0181367
0.0187104
0.0164802
-0.0927371
-0.0507594
0.0777966
-0.0871459
-0.0595458
-0.00238922
0.0316961
0.0075319
0.124064
-0.0960756
-0.0016955
-0.0851437
0.0974901
-0.0945589
0.00205136
-0.0371361
0.0600145
-0.0208762
0.135886
0.0695054
-0.00210494
0.0427771
-0.0100095
0.0112957
0.0282073
-0.02916
0.0488531
0.0128863
0.0330399
-0.0171917
-0.0921757
-0.0814829
-0.0180051
-0.0184238
0.031281
-0.0326327
0.0579137
0.0270844
-0.0165295
0.132755
-0.365808
-0.182622
0.176142
0.168892
0.134738
0.0194678
-0.0687108
0.0533872
-0.00871921
0.151382
0.0340281
0.0698485
0.00134741
0.0524539
-0.00929375
0.0237951
-0.0143627
0.0426121
-0.0361902
0.0454358
-0.03016
0.00322755
-0.0119933
0.0160493
0.0162996
-0.0127059
-0.0638191
0.0312904
0.00212567
0.0856664
-0.00907474
0.00389673
-0.028688
0.0472339
-0.00796368
0.0278908
-0.0549414
0.0186681
0.0219718
-0.0144135
-0.00563379
0.0194986
-0.0525407
-0.0136617
-0.015801
0.052145
-0.019557
-0.0237861
-0.000414574
0.041923
0.0297724
-0.00146365
-0.0222555
-0.248277
0.145704
-0.149417
-0.00587849
0.100585
-0.0377938
-0.000186991
0.00299144
0.10858
0.0647884
-0.057533
-0.0862492
0.0642357
0.0528249
-0.0936502
0.0793633
-0.0326599
-0.049679
0.0428749
0.00481426
-0.0325877
0.0459537
-0.125246
0.0114596
-0.0310413
0.00201616
-0.0304263
0.0614146
0.021896
-0.0137669
-0.00084063
0.0473852
-0.0380488
-0.0174194
-0.0299125
-0.0311308
-0.00122279
-0.0681005
-0.0654687
-0.044332
-0.0166753
0.219802
0.0376486
0.110161
0.0194886
-0.0139891
-0.00115509
0.0745298
-0.0158354
0.0466539
-0.0238955
0.0743369
0.0216309
0.00807685
0.0390669
-0.0526833
0.0133443
-0.02657
-0.0352173
0.00396986
0.0580442
0.0340508
0.130773
0.0215708
0.0592138
-0.0113805
0.0651848
-0.0815032
0.0387571
-0.0175217
0.0197319
0.0363092
-0.0246035
-0.0186472
0.012509
0.0224592
-0.0839166
-0.00293387
-0.0464787
0.0845077
0.05706
-0.00770968
0.035108
-0.0355487
0
0.0282557
-0.0214706
0.0184815
-0.0297191
0.017622
-0.0361586
0.0336053
-0.026937
0.0654309
0.0799403
-0.00735574
-0.00866844
-0.0602766
-0.00890396
0.00298349
0.00570125
0.0723857
-0.0211766
0.00226795
0.0069315
0.0573598
0.0355972
0.0523218
0.0399929
0.0497992
-0.00864479
0.0167717
0.0602986
-0.0108286
0.00418903
0.0149224
0.010175
-0.0258166
0.135812
-0.058771
0.00503668
-0.032826
-0.0291756
-0.0228687
0.00799518
0.0326335
0.00366619
-0.0338474
0.0833985
-0.0162798
-0.0131523
-0.020119
-0.124856
0.0188813
-0.0106084
-0.00844361
-0.0102015
0.0722532
0.0108481
0.0293074
-0.0225756
-0.0164352
0.00559441
-0.0305955
0.0192763
-0.00827493
0.00687504
-0.0143496
-0.03767
-0.0683803
0.0857644
-0.0290757
-0.0171782
0.0752878
-0.0303963
0.107818
0.0607213
-0.00485756
0.00552738
-0.0191495
0.0173074
0.0118841
-0.0127215
0.00581876
0.0408035
0.000375104
-0.0102579
0.0112998
-0.0216518
-0.0147952
0.0476507
-0.00687072
-0.183455
0.0368006
0.067447
0.0514685
0.0183623
0.0248605
0.0443204
0.00310502
-0.0120529
-0.00460131
0.0754259
0.0370087
-0.0121842
-0.027829
0.0156711
0.00267109
-0.00830326
-0.0097919
0.0450127
-0.00996255
-0.0224213
0.00283623
0.0831256
-0.0671919
-0.00582846
-0.00455842
0.0155968
0.00315744
-0.0810551
0.0876948
-0.0863722
0.0153207
0.0230813
0.0145221
-0.0941297
0.0638274
0.00927336
-0.00783027
0.0727906
0.018728
0.0466264
-0.000528626
0.00597591
0.0535827
-0.0015362
-0.00367975
-0.0106425
0.0291892
0.00282545
-0.00973099
-0.0134209
-0.00728391
0.024461
0.00492539
-0.0218598
0.0188725
0.0164591
-0.0241736
-0.00363714
-0.145802
0.0127471
0.0999364
-0.0049894
0.014191
-0.155573
-0.0183707
0.0116195
0.0989174
-0.0345958
-0.0207659
0.0167144
0.00486977
0.00842443
0.0460452
0.0570475
0.0198052
-0.0757948
0.0312387
-0.00178476
-0.0148989
0.107809
0.0335835
0.0075678
-0.0110132
0.0184553
0.0145481
0.0110967
0.00634112
-0.0305061
0.00647635
-0.022245
0.000720937
0.0407684
0.0120388
0.0369824
0.0386652
0.0215653
0.0124598
0.0563087
-0.0107422
-0.0180603
0.0231975
0.0180184
-0.0168815
0.00877726
0.0174923
0.00672269
0.00742098
0.0032791
0.0510385
-0.039804
0.0161664
-0.0467396
0.0127014
0.0804055
-0.0319758
0.0094404
0.0159081
0.00189952
0.0309229
0.0127052
-0.00189125
0.0144262
-0.0376907
-0.00898021
0.00983136
-0.0231229
-0.05541
0.0816274
-0.026295
0.0127495
0.0651979
-0.00750562
0.0205404
-0.00384332
0.0980029
-0.00369305
0.0815758
-0.0202654
-0.010527
-0.0374644
-0.00114094
0.0292808
0.0549119
0.0319685
0.0154768
-0.00473065
-0.0407913
0.089343
0.0534853
-0.0323552
-0.00828247
0.0198366
-0.00458279
-0.0105894
0.00790585
0.0183235
-0.0519666
0.082691
0.0637843
0.0402057
0.0700918
0.0166094
0.0130206
-0.0111282
0.07009
0.0672695
-0.0353069
0.0937096
-0.0161769
0.0437564
0.0803439
0.0217204
-0.00560188
0.00602453
0.117716
-0.0675471
-0.109586
0.00488821
-0.00648271
-0.214366
-0.418426
0.172906
-0.0501415
-0.382591
0.148256
0.138187
0.0260954
0.133135
0.119968
0.00373392
-0.0585853
-0.0551169
0.00973121
0.159012
0.116884
-0.127883
-0.111578
-0.134139
0.0505876
0.109716
0.0263532
-0.00483967
0.0445318
0.172295
-0.0127478
-0.0638392
-0.0574094
-0.00782272
0.0170202
-0.14306
0.014807
-0.0184569
-0.254849
-0.211898
0.26795
-0.174273
-0.0292087
0.136757
-0.225906
0.125359
0.115001
0.0683937
-0.22164
0.0333102
0.165885
-0.0554062
0.0821688
-0.0289082
0.0807632
0.106051
0.0083102
-0.0574258
-0.0857318
0.000561753
-0.134709
0.0183543
0.103801
0.0111302
-0.0822124
0.025458
-0.072319
-0.0225624
0.127298
0.03452
-0.00265691
0.096356
0.09327
0.0170618
0.00883132
-0.0686568
0.0405234
-0.0085621
-0.026357
0.0735959
-0.0314066
0.0324311
-0.0202525
-0.0236003
-0.116316
0.126159
-0.0690334
0.107908
0.044696
0.00702371
0.0853088
-0.00714451
0.0312106
0.0106815
0.0174183
-0.0403418
0.0246846
-0.0101759
-0.0212842
-0.0403155
0.017107
-0.0636571
0.0186025
-0.138198
0.0220215
-0.0864152
0.0615962
0.00758094
0.0306332
-0.0495963
0.0858381
0.0844553
0.0878434
0.0346719
-0.0711946
0.0871098
0.0107865
-0.0102862
0.0396578
0.0215816
-0.0396078
-0.00948929
0.018364
0.0476955
0.0906038
-0.0303686
-0.0658388
-0.057708
0.0487286
-0.0104092
0.049144
0.0463339
0.0353205
0.0282018
-0.00262414
-0.0144276
-0.071393
-0.04014
0.0636892
-0.0763126
0.0788828
0.0331763
0.0242502
0.0206643
-0.00398269
-0.0169266
0.0617972
0.0764112
0.00269232
0.0568524
-0.0444012
0.00134421
-0.0165568
-0.0280711
-0.0365897
-0.0221576
0.0189605
0.0373286
0.00356598
0.0526835
0.00275427
-0.0558531
0.0535465
0.0125252
0.0781
-0.00368574
-0.0352195
-0.0130593
-0.0329467
0.0275947
-6.86344e-05
0.0363446
-0.00396715
0.0071124
-0.0820307
-0.055433
-0.00395147
-0.0141896
-0.334163
-0.207876
0.141063
-0.0592254
0.212679
-0.00252708
-0.144965
-0.00361235
-0.0430874
-0.055271
-0.313508
0.184537
-0.174791
-0.0658123
0.155454
0.107928
0.105025
-0.063367
0.0558469
0.0623983
0.209871
-0.0251213
-0.0924156
-0.198981
-0.01483
-0.0759624
0.105381
0.0222081
-0.167831
-0.18318
0.0303865
-0.0657647
0.15413
0.032564
0.22714
-0.0220011
0.081522
0.108819
-0.329002
-0.0152335
-0.235964
0.0176064
-0.00356432
0.0540486
-0.00199939
-0.192712
-0.209923
0.000864084
-0.155155
-0.158978
-0.208032
-0.274866
0.484032
0.0852618
-0.0124232
0.0845658
0.0126772
-0.250683
0.337594
0.0698598
0.096486
0.0408965
0.0450827
-0.00146354
-0.0527143
0.106646
0.022195
0.0756278
0.130969
-0.142585
0.0220047
0.0137473
0.0845289
-0.0787781
-0.0145727
0.154296
0.0856063
0.00898232
0.0675335
0.0469743
-0.0222697
-0.0940117
0.00676034
0.00708791
0.128079
0.0301941
-0.0265515
0.1082
0.0149765
0.0177555
-0.0353264
0.0639062
0.0123104
-0.00790696
-0.0054419
-0.0282955
0.0687167
-0.0388815
-0.0113212
-0.0654549
-0.081589
-0.0213401
0.145595
0.0294898
0.0692558
-0.0086842
0.0497252
0.0369911
-0.00130615
-0.0294867
0.10794
-0.191569
-0.00839425
0.0715711
-0.046552
0.0358312
0.0671172
0.115022
0.000174385
0.021461
0.0208247
0.0462568
0.010469
-0.0608595
0.0347183
0.000380851
0.0658763
-0.00629624
0.00509235
-0.0227636
0.0157782
0.0101153
0.0880236
-0.0219419
-0.00369015
0.0467436
0.010709
0.00950948
-0.0753041
-0.0212626
0.0959217
-0.0448104
-0.166495
-0.0160667
-0.0302602
0.0371342
-0.244265
0.0798406
0.0582198
0.0885592
-0.0585442
-0.0677224
0.084599
-0.0282836
-0.119857
0.0135262
-0.0841089
-0.0693596
0.0209624
-0.132832
-0.0276903
0.212059
0.0812877
0.0611681
0.104429
0.0464926
-0.00349938
-0.020397
0.0408908
-0.0161284
0.00931336
0.0967046
0.0298073
0.0942762
-0.0126003
-0.0173343
-0.095417
-0.0123475
0.0381592
0.0574091
0.07643
0.0292387
0.0764308
-0.0180748
-0.0484719
0.0123582
0.0450048
0.0228267
0.046095
0.00175844
-0.0340958
-0.0655263
0.0357554
-0.0619589
0.0282473
0.0682416
0.0467716
-0.0527625
0.0736047
-0.0161738
-0.0258197
-0.109452
-0.0903959
-0.0730939
-0.302302
0.12933
0.00766596
0.185884
-0.0663853
-0.120297
0.146541
-0.297304
0.0246124
0.143231
0.120332
-0.0794625
0.0821301
-0.0050621
-0.262889
0.109232
-0.0320833
0.0652414
0.126074
0.00642621
-0.0692303
0.107837
0.129259
0.00910204
-0.000940048
0.00322266
0.0720366
0.0287497
-0.00724618
-0.0314054
0.0257843
0.00342624
0.00019955
-0.0490761
-0.000969276
-0.0845201
0.0613968
-0.0243187
-0.0533051
0.0503493
-0.123341
-0.180654
0.0794038
0.141167
-0.0448836
-0.156832
0.0906335
0.0639521
0.108795
-0.0138804
0.0990644
-0.0200155
0.0275902
-0.0392705
0.0684811
-0.0357506
0.0284309
0.019186
0.0406443
0.0556586
-0.00832742
0.0324805
-0.0302745
0.0961598
0.0369721
-0.0118643
0.00702279
0.0272641
0.0255736
-0.0196437
0.015634
0.00711297
0.00836743
0.07666
0.00503004
-0.00592739
-0.0376327
-0.0158403
0.0217257
0.074793
0.0219312
0.0416578
-0.0401932
-0.0866853
-0.0666017
0.0630364
0.0149915
0.0909425
-0.0316785
-0.0109755
0.0290398
0.0853861
0.000725853
0.0712239
0.00335215
-0.00432354
0.0444931
0.0493264
0.00865757
-0.00195428
0.0511505
0.00033951
-0.057976
0.0294169
0.0834387
-0.0708491
0.0352717
-0.0280714
0.0489044
0.0663324
-0.0285931
0.0695206
-0.0151569
0.0186841
0.0833174
0.0385471
-0.0265548
0.00289046
0.0114031
-0.0908327
-0.158557
0.100034
-0.00867223
0.0312945
-0.178645
0.0722846
0.148693
0.111878
0.0332013
-0.0541547
0.0729965
0.0168707
0.0644187
-0.0163177
0.0184184
-0.0292425
0.0469479
-0.0382284
-0.105738
-0.34088
-0.307479
-0.0378568
-0.451682
-0.0827245
0.450109
-0.285105
0.413364
-0.345107
-0.17201
-0.790104
0.482151
-0.501029
-0.999449
0.888084
-1.27652
0.582263
-0.532223
0.0469685
-0.443276
-0.297315
0.896832
0.11469
0.605438
-0.342678
0.329666
-0.161424
-0.451463
0.225727
-0.152529
0.679682
-0.0160433
0.334893
0.143834
-0.10156
0.301145
-0.222768
0.0579986
0.264409
-0.180428
-0.311552
0.226713
-0.00539564
0.138221
0.146069
-0.0525614
0.262367
-0.0925512
-0.284602
0.0424081
0.0899995
-0.0700387
0.114389
0.167308
0.00177471
-0.207578
-0.17617
0.114589
0.0391869
0.310152
-0.105398
0.165139
-0.0780394
0.0235097
0.122143
0.147185
-0.0211017
0.0480077
0.0374424
0.0817728
0.135567
-0.0337438
0.258741
0.119697
-0.0782976
-0.0532724
-0.607528
0.129763
0.0827785
0.187849
-0.036068
0.00594012
-0.0566548
0.0647406
0.0429819
-0.261953
0.108999
-0.245252
0.145789
0.152923
0.0500954
0.04531
0.157569
-0.108775
0.0779703
-0.0565963
0.104118
-0.0940662
0.133173
0.0904104
-0.0341192
0.0284459
0.0837176
0.0167764
0.0573064
-0.123963
-0.0620963
0.0736792
-0.0649444
0.123518
-0.0375731
0.0764119
0.0715537
0.0360545
0.0640916
0.0640716
0.00632794
0.0273848
-0.0800105
0.138995
-0.0204922
-0.00171947
0.0270621
0.0230073
-0.0441414
0.0315368
0.0343523
0.0999358
0.0358987
0.10144
0.0167163
0.0671001
-0.0219739
0.0749688
0.15249
-0.357576
-0.0816625
-0.281489
0.199448
-0.177412
0.00532921
0.126613
0.0520581
-0.0462966
-0.0844796
-0.112456
-0.116386
0.10463
-0.240073
0.0298295
0.158505
0.159822
-0.0482424
0.0821983
0.0527894
-0.096178
0.178159
-0.140868
0.17256
0.0797525
0.0875227
0.162854
-0.0632688
-0.0664517
-0.0152897
0.00134919
-0.164646
0.0471614
-0.021981
0.0520537
0.0343987
-0.187645
-0.0303019
-0.359256
0.118765
-0.122037
0.122429
0.176428
0.218075
0.192733
-0.00287754
0.11632
-0.0140078
0.0762276
-0.100287
0.135186
0.115807
-0.0480348
-0.116312
0.0393865
-0.0681572
0.0562009
0.160325
-0.0158567
0.0239406
-0.0460608
0.112081
0.0178955
-0.00624341
0.0879742
-0.0193747
0.0278326
-0.0798098
-0.0128594
-0.0126576
-0.043688
0.128384
0.0177128
0.0574113
-0.0351728
-0.0391393
-0.0207527
0.00745533
0.0353034
0.0868469
-0.0222985
0.0134065
0.064182
-0.148647
0.0705758
0.0569366
0.147382
0.0547687
-0.0657637
0.00415746
0.0227302
-0.037605
-0.0721599
0.0810348
0.138394
0.00316681
-0.0301513
0.0360928
-0.0148995
-0.260133
0.0971333
-0.195004
0.159243
0.138025
0.010083
0.107948
0.038899
0.0737211
-0.0111412
-0.0034522
0.0166107
0.0469992
-0.00569437
-0.00320451
-0.0442559
-0.0185662
-0.077629
0.012555
0.112877
-0.247834
-0.0476148
0.235121
-0.0811367
-0.131523
-0.13508
0.193084
-0.0537368
0.140554
0.0601217
0.103418
0.0101488
0.0647098
-0.0157092
0.0287521
-0.148705
-0.00602921
0.0700056
-0.076601
-0.054823
0.0522655
0.164944
-0.00868402
-0.0316282
0.0361599
0.117558
0.14335
-0.00974012
0.0147414
0.0421176
0.0769032
-0.00196202
0.0328917
-0.0409618
0.110332
0.0360225
-0.0532058
-0.068256
0.0926303
-0.0925335
0.108694
0.0178064
-0.00214942
-0.00845888
0.0674003
-0.0722064
0.0274427
-0.0670074
0.00703291
0.0813223
0.073463
-0.104905
-0.0871173
-0.216828
0.120997
0.148078
-0.0253324
-0.0855378
-0.0294778
0.104994
-0.00784127
0.0986251
-0.0212756
0.0187497
0.0116472
0.00768591
-0.00492497
0.0144587
-0.036353
0.0879529
-0.00797029
0.0017507
-0.0182554
0.0464137
0.0194659
0.0181357
-0.0201371
-0.0540479
-0.00435732
-0.132114
0.139052
0.0511143
-0.0108385
0.0579434
0.0332507
0.0231237
0.00277311
0.0132723
0.0520805
0.0747212
-0.0202395
0.0335338
-0.0859787
0.112148
0.0344521
-0.0352303
0.0116429
-0.0326757
-0.075675
-0.159968
0.150488
0.0820807
0.0201463
0.100943
0.0237942
-0.0472362
-0.00186319
0.0419739
-0.0542068
-0.0184459
0.0817002
-0.0464321
0.059875
0.0167388
-0.00940368
0.00992209
0.0246498
0.0294774
0.0160603
0.0261743
-0.0708577
-0.108066
0.0125595
0.0810858
0.084877
0.0149458
0.0221767
-0.0584196
0.0876905
0.0429734
-0.0135006
0.00311713
0.0283853
-0.00335083
-0.0340127
-0.0131945
-0.0461624
-0.0775262
0.0227392
-0.0576317
0.0843821
-0.015523
-0.0915268
-0.17123
-0.0081268
0.0947454
0.120617
0.0145994
-0.0278022
-0.205743
0.0156794
-0.119812
0.11426
-0.130709
0.104695
0.0409449
0.0826405
-0.0191557
-0.0688946
-0.024197
0.0301798
0.169192
0.0743244
0.0336912
0.0736616
0.0365732
0.0299143
-0.0107315
0.0473694
0.0181813
-0.050644
0.0978134
0.0194745
0.0179845
0.0367361
0.0644051
0.0417317
0.0372591
0.00887307
-0.0350487
-0.0825983
0.00550776
0.0719668
-0.000106773
0.0385776
-0.0260502
0.0337904
-0.0139963
-0.0320225
0.0165571
0.0229127
-0.22987
0.131139
-0.191434
-0.118856
0.140946
-0.0848447
0.116627
0.204956
0.0308054
-0.0720704
0.0950381
-0.091782
-0.0749864
0.162162
-0.0878183
-0.10341
-0.114534
0.176218
0.101287
0.0620442
0.137441
-0.010107
0.0140092
-0.0299422
-0.0262968
0.0635385
-0.00629816
-0.195833
-0.00964176
-0.0405844
-0.0144212
0.0911833
0.0281373
-0.14346
0.00819577
-0.185591
-0.0973677
-0.110988
-0.19096
0.0276792
-0.122467
-0.0149775
-0.0539854
0.240559
0.187099
0.0683951
0.0937843
-0.246935
0.0514371
-0.0370865
0.0836613
0.144128
-0.182818
-0.191517
-0.0384794
0.156437
0.00880833
-0.214005
-0.0719204
-0.101947
-0.185838
0.148461
0.221261
-0.024456
-0.155944
0.18471
-0.0526857
-0.0796566
-0.299625
-0.0726013
0.253737
-0.0430108
-0.130463
-0.0744863
0.211826
0.22137
0.122722
0.115948
-0.00434768
0.112408
-0.123487
0.14242
0.050534
0.0711956
0.12182
-0.0631361
-0.157763
0.0340449
0.0805832
-0.126312
-0.0976439
0.0424435
-0.0265451
-0.170213
-0.0342339
0.111127
-0.122185
-0.00204912
0.1593
-0.00618719
-0.148628
-0.28132
0.0568169
-0.2855
0.0209591
0.244456
-0.369592
0.0565927
0.0482544
0.294252
-0.363007
-0.0569032
-0.325616
0.0245487
-0.166002
-0.0129684
0.235893
-0.0395424
0.199689
-0.412338
-0.0585089
0.00146114
0.18385
-0.0815395
0.0940639
0.196881
0.244411
-0.0629406
-0.0751092
0.182633
-0.164825
0.0313246
0.0947833
-0.108526
-0.240865
-0.295424
-0.395399
-0.0378084
0.144871
-0.330522
0.0219843
0.241825
-0.0130238
0.0948705
0.301055
-0.0297753
-0.203487
-0.00712007
-0.0879781
0.104985
0.0158292
0.0356675
0.148537
-0.00830556
-0.115944
-0.092869
-0.0446686
-0.030031
0.190192
-0.0839879
0.272536
0.058785
0.0981305
-0.0937627
0.0131425
-0.116103
0.2582
0.120604
0.141077
-0.0282704
-0.066847
0.155175
-0.00777647
-0.0162707
-0.0123835
-0.0425778
0.210672
-0.00705672
0.171741
0.0396163
0.0187391
-0.0726408
0.0226694
-0.129839
-0.216324
-0.0224031
0.0291191
0.139932
-0.342685
-0.0668872
-0.110894
-0.0784776
0.0299173
-0.107945
-0.0410345
0.181748
0.0658901
0.15156
0.105286
-0.441991
0.0338127
-0.113823
-0.0720804
0.0683375
-0.113361
-0.172647
-0.0846331
-0.173828
-0.103944
-0.0212261
0.194811
-0.213528
-0.151814
0.255546
0.301253
-0.0202001
-0.102979
-0.284032
-0.0752067
-0.0654057
-0.0329618
0.256343
-0.239472
0.261356
0.113628
-0.0669444
-0.0798272
0.234478
0.118119
0.161358
-0.0741514
-0.0610117
0.24328
-0.0748231
-0.0410969
-0.253198
-0.106424
0.135268
0.0956806
0.0558227
-0.209968
0.539525
0.0919836
-0.0897596
0.0867538
-0.082863
-0.0309411
0.0474729
-0.0389121
0.134886
0.0589728
-0.00283111
-0.155647
-0.0159312
0.304786
-0.00868
-0.0119535
-0.180563
-0.145038
-0.0186408
0.0749361
-0.0737669
0.141783
0.0726326
-0.0607116
-0.252375
-0.112003
-0.0904828
0.0103675
0.147586
-0.145571
0.0585091
-0.0405783
-0.120935
0.173106
-0.0254397
-0.0400854
0.0751067
-0.117139
0.225838
-0.0076793
0.0695402
0.127675
0.0341013
0.0398885
-0.0203253
-0.15685
-0.0766767
0.187417
0.118113
-0.0071173
-0.00181746
0.109477
0.024917
-0.130536
0.145363
0.103981
0.145924
-0.104086
-0.0615942
0.127904
-0.111425
-0.0886904
0.0219287
0.113836
-0.00280416
0.0276929
-0.138846
-0.0277129
-0.202448
-0.0157479
0.0531527
-0.105935
0.030683
-0.030406
-0.0473646
0.0755354
0.160188
0.00686924
-0.154456
0.0141382
-0.186319
-0.14584
-0.0151088
0.163424
-0.0700534
0.174096
-0.110806
0.0887882
0.128986
-0.166002
0.0298008
0.0562396
0.0164559
-0.0157508
0.141369
0.0569899
0.143333
0.0369209
-0.0581392
-0.0249543
0.0357274
